0 0.2140625 0.4015625 0.084375 0.08125
0 0.10546875 0.35078125 0.0390625 0.0390625
0 0.3078125 0.35703125 0.05625 0.0609375
0 0.46640625 0.3921875 0.0296875 0.034375
0 0.5578125 0.42578125 0.04375 0.0484375
0 0.6953125 0.40390625 0.0375 0.0390625
0 0.81953125 0.40625 0.0328125 0.03125
0 0.796875 0.41015625 0.01875 0.0296875
0 0.88359375 0.42109375 0.0203125 0.0234375
0 0.9890625 0.33515625 0.053125 0.0546875
0 1.1328125 0.41015625 0.046875 0.0421875
0 1.20390625 0.4375 0.0359375 0.034375
0 1.17265625 0.421875 0.0328125 0.034375
0 1.28828125 0.4109375 0.0390625 0.0375
0 1.38359375 0.42421875 0.0328125 0.0328125
0 1.47578125 0.42578125 0.0234375 0.0265625
0 1.440625 0.4375 0.021875 0.021875
0 1.4015625 0.44609375 0.021875 0.0265625
