0 0.28984375 0.3046875 0.0484375 0.0625
0 0.34609375 0.35703125 0.0484375 0.0671875
0 0.4359375 0.34453125 0.021875 0.0296875
0 0.475 0.35625 0.01875 0.028125
0 0.16796875 0.3171875 0.0390625 0.046875
0 0.1046875 0.33828125 0.034375 0.0359375
0 0.0828125 0.328125 0.025 0.03125
0 0.071875 0.34140625 0.021875 0.0296875
0 0.65 0.3390625 0.021875 0.028125
0 0.70703125 0.328125 0.0421875 0.046875
0 0.7734375 0.35390625 0.028125 0.0328125
0 0.69140625 0.3375 0.0171875 0.021875
0 0.9109375 0.2921875 0.034375 0.04375
0 0.553125 0.4 0.065625 0.08125
0 0.93984375 0.371875 0.0421875 0.053125
0 1.046875 0.34296875 0.01875 0.0234375
0 1.0265625 0.34140625 0.0125 0.0203125
0 1.1875 0.30078125 0.0625 0.0703125
0 1.34140625 0.33515625 0.0421875 0.0421875
0 0.8890625 0.3515625 0.0125 0.015625
0 1.08828125 0.34921875 0.0140625 0.0171875
0 1.12109375 0.3484375 0.0328125 0.040625
0 1.409375 0.3546875 0.01875 0.021875
0 1.46875 0.3109375 0.021875 0.025
0 1.52109375 0.34296875 0.0140625 0.0171875
0 1.57265625 0.34453125 0.0328125 0.0421875
