0 1.5625 0.53671875 0.021875 0.0234375
0 1.56484375 0.50390625 0.0234375 0.0265625
0 1.475 0.4875 0.015625 0.015625
0 1.434375 0.54765625 0.015625 0.0171875
0 1.3484375 0.56015625 0.028125 0.0265625
0 1.39609375 0.53984375 0.0171875 0.0171875
0 1.43203125 0.4921875 0.0171875 0.021875
0 1.39921875 0.46484375 0.0234375 0.0234375
0 1.3078125 0.49765625 0.01875 0.0234375
0 1.34140625 0.47578125 0.0140625 0.0203125
0 1.2921875 0.4328125 0.0125 0.015625
0 1.2609375 0.4890625 0.01875 0.021875
0 1.27265625 0.47421875 0.0171875 0.0203125
0 1.24140625 0.5390625 0.0328125 0.03125
0 1.17890625 0.47890625 0.0171875 0.0234375
0 1.1671875 0.51953125 0.015625 0.0203125
0 1.14765625 0.475 0.0140625 0.01875
0 1.11328125 0.49140625 0.0140625 0.0171875
0 1.09375 0.50078125 0.015625 0.0203125
0 1.03046875 0.48046875 0.0140625 0.0203125
0 1.071875 0.48359375 0.0125 0.0171875
0 0.9734375 0.490625 0.009375 0.0125
0 0.95234375 0.54140625 0.0109375 0.0140625
0 0.92890625 0.52578125 0.0109375 0.0140625
0 0.90625 0.5328125 0.009375 0.0125
0 0.89296875 0.509375 0.0109375 0.0125
0 0.9484375 0.4796875 0.009375 0.0125
0 0.89375 0.484375 0.009375 0.0125
0 0.86484375 0.4734375 0.0109375 0.0125
0 0.9421875 0.5890625 0.0125 0.0125
0 0.9828125 0.5953125 0.0125 0.015625
0 0.8484375 0.48671875 0.009375 0.0140625
0 0.8328125 0.48203125 0.009375 0.0109375
0 0.809375 0.4765625 0.009375 0.015625
0 0.925 0.4671875 0.009375 0.0125
0 0.98203125 0.465625 0.0078125 0.0125
0 0.7984375 0.52578125 0.009375 0.0109375
0 0.7734375 0.515625 0.009375 0.0125
0 0.796875 0.49140625 0.009375 0.0140625
0 0.7984375 0.46171875 0.009375 0.0109375
0 0.759375 0.4625 0.009375 0.0125
0 0.7390625 0.47890625 0.009375 0.0109375
0 0.72734375 0.46484375 0.0078125 0.0109375
0 0.65234375 0.49765625 0.0140625 0.0171875
0 0.1140625 0.7484375 0.04375 0.06875
0 0.340625 0.5265625 0.028125 0.03125
0 0.44453125 0.5421875 0.0234375 0.025
0 0.6984375 0.4703125 0.009375 0.0125
0 0.71015625 0.48828125 0.0078125 0.0109375
0 0.53671875 0.4703125 0.0078125 0.009375
0 0.5609375 0.4859375 0.009375 0.009375
0 0.5125 0.49921875 0.00625 0.0078125
0 0.496875 0.478125 0.00625 0.009375
0 0.5015625 0.46328125 0.00625 0.0078125
0 0.48828125 0.47421875 0.0078125 0.0109375
0 0.75546875 0.47890625 0.0078125 0.0109375
0 0.60546875 0.471875 0.0078125 0.009375
0 0.60703125 0.45625 0.0078125 0.00625
0 0.5796875 0.45546875 0.00625 0.0078125
0 0.59609375 0.5109375 0.0078125 0.009375
0 0.58828125 0.48359375 0.0078125 0.0109375
0 0.44921875 0.47109375 0.0078125 0.0109375
0 0.4265625 0.47578125 0.009375 0.0078125
0 0.43125 0.49609375 0.00625 0.0078125
0 0.54296875 0.4796875 0.0078125 0.009375
0 0.1875 0.88515625 0.046875 0.0890625
0 1.05546875 0.51953125 0.0171875 0.0296875
0 0.63359375 0.465625 0.0078125 0.0125
