0 0.14375 0.38984375 0.0375 0.0515625
0 0.35859375 0.3203125 0.0328125 0.05625
0 0.39765625 0.265625 0.0609375 0.084375
0 0.10546875 0.3984375 0.0265625 0.040625
0 0.5671875 0.56796875 0.028125 0.0390625
0 0.5546875 0.396875 0.015625 0.01875
0 0.54140625 0.39453125 0.0109375 0.0171875
0 0.659375 0.36640625 0.040625 0.0359375
0 0.7140625 0.4140625 0.021875 0.03125
0 0.75390625 0.41875 0.0203125 0.0375
0 0.76640625 0.40390625 0.0203125 0.0296875
0 0.81015625 0.38203125 0.0203125 0.0296875
0 0.85625 0.39296875 0.034375 0.0359375
0 0.065625 0.34375 0.03125 0.040625
0 0.92421875 0.359375 0.0515625 0.065625
0 1.13125 0.3375 0.040625 0.059375
0 1.0234375 0.415625 0.0125 0.015625
0 1.403125 0.29296875 0.0625 0.0734375
0 1.58671875 0.36640625 0.0265625 0.0546875
0 0.9859375 0.55 0.025 0.03125
