0 0.5765625 0.7140625 0.034375 0.034375
0 0.47265625 0.74453125 0.0296875 0.0390625
0 0.08671875 0.80546875 0.0203125 0.0234375
0 0.22265625 0.79296875 0.0140625 0.0203125
0 0.2609375 0.7875 0.015625 0.0125
0 0.1625 0.79453125 0.0125 0.0140625
0 0.15 0.85078125 0.0125 0.0140625
0 0.0296875 0.78984375 0.009375 0.0109375
0 0.04609375 0.7875 0.0109375 0.0125
0 0.0359375 0.8328125 0.0125 0.015625
0 1.396875 0.7421875 0.015625 0.021875
0 1.44140625 0.73359375 0.0203125 0.0265625
0 1.43828125 0.69296875 0.0171875 0.0203125
0 1.5234375 0.728125 0.01875 0.025
0 1.546875 0.8234375 0.01875 0.025
0 1.56484375 0.78203125 0.0171875 0.0203125
0 1.58984375 0.75 0.0203125 0.021875
0 1.3890625 0.85703125 0.025 0.0296875
0 1.47890625 0.85859375 0.0203125 0.0265625
0 1.5578125 0.75234375 0.01875 0.0265625
0 1.47890625 0.8296875 0.0171875 0.01875
0 1.0140625 0.734375 0.01875 0.01875
0 0.98828125 0.73828125 0.0140625 0.0171875
0 1.1 0.7046875 0.021875 0.034375
0 0.87734375 0.72265625 0.0296875 0.0390625
0 1.51171875 0.85234375 0.0171875 0.0265625
