0 0.4171875 0.409375 0.04375 0.0625
0 0.31875 0.4296875 0.059375 0.078125
0 0.20625 0.5625 0.084375 0.11875
0 0.49765625 0.29296875 0.0109375 0.0171875
0 0.5859375 0.26953125 0.009375 0.0140625
0 0.721875 0.25625 0.009375 0.0125
0 0.6296875 0.2875 0.01875 0.025
0 0.64140625 0.32421875 0.0234375 0.0359375
0 0.753125 0.37578125 0.03125 0.0515625
0 0.796875 0.3734375 0.04375 0.05625
0 0.88828125 0.3 0.0171875 0.01875
0 0.91875 0.29765625 0.015625 0.0171875
0 0.94453125 0.31796875 0.0203125 0.0234375
0 0.67109375 0.25390625 0.0078125 0.0140625
0 0.99609375 0.3328125 0.0234375 0.025
0 1.00234375 0.3796875 0.0265625 0.0375
0 1.071875 0.38984375 0.025 0.0421875
0 1.171875 0.37734375 0.040625 0.0578125
0 0.85390625 0.5 0.0484375 0.071875
0 0.928125 0.53828125 0.075 0.1046875
0 1.3140625 0.3890625 0.028125 0.0375
0 1.39765625 0.4796875 0.0515625 0.06875
0 1.4796875 0.41953125 0.034375 0.0453125
0 0.76328125 0.2515625 0.0046875 0.009375
0 0.815625 0.24765625 0.00625 0.0109375
0 0.45234375 0.34140625 0.0234375 0.0296875
