0 0.03984375 0.2765625 0.0421875 0.046875
0 0.1859375 0.2859375 0.05 0.0625
0 0.4578125 0.26796875 0.04375 0.0515625
0 0.58046875 0.3421875 0.0421875 0.05625
0 0.6375 0.32578125 0.04375 0.0421875
0 0.66171875 0.2828125 0.0359375 0.05
0 0.72734375 0.25 0.0390625 0.04375
0 0.734375 0.29140625 0.040625 0.0484375
0 0.88359375 0.29453125 0.0390625 0.0453125
0 0.5265625 0.296875 0.03125 0.0375
0 0.90859375 0.3609375 0.0421875 0.053125
0 0.97421875 0.303125 0.0453125 0.05625
0 1.0359375 0.31328125 0.040625 0.0515625
0 1.0890625 0.296875 0.034375 0.05
0 1.140625 0.34453125 0.04375 0.0546875
0 1.16328125 0.33203125 0.0390625 0.0484375
0 1.2140625 0.321875 0.04375 0.053125
0 1.26015625 0.41796875 0.0546875 0.0734375
0 1.3921875 0.4484375 0.046875 0.059375
0 1.40078125 0.3078125 0.0328125 0.040625
0 1.34453125 0.1921875 0.0203125 0.03125
