0 0.56015625 0.64765625 0.0390625 0.0515625
0 0.684375 0.64296875 0.040625 0.0515625
0 0.85625 0.60625 0.0375 0.034375
0 0.8984375 0.64375 0.034375 0.04375
0 0.99375 0.6375 0.0375 0.046875
0 1.084375 0.6703125 0.0375 0.05
0 1.15390625 0.64375 0.0328125 0.04375
0 1.24375 0.61015625 0.040625 0.0484375
0 1.1734375 0.8015625 0.040625 0.04375
0 1.01875 0.83046875 0.040625 0.0515625
0 0.8875 0.82265625 0.0375 0.0484375
0 0.753125 0.83359375 0.0375 0.0515625
0 0.609375 0.8359375 0.0375 0.040625
0 0.46484375 0.82734375 0.0421875 0.0515625
0 0.28359375 0.82421875 0.0453125 0.0484375
0 0.67109375 0.43359375 0.0296875 0.0390625
0 0.765625 0.4359375 0.03125 0.034375
0 0.59375 0.35 0.028125 0.028125
0 0.66796875 0.36015625 0.0265625 0.0296875
0 0.73359375 0.36015625 0.0296875 0.0328125
0 0.796875 0.35 0.025 0.034375
0 0.8546875 0.35234375 0.025 0.0328125
0 0.9171875 0.3578125 0.025 0.03125
0 1.0359375 0.36171875 0.028125 0.0328125
0 0.76796875 0.396875 0.0328125 0.0375
0 0.8640625 0.3953125 0.028125 0.0375
0 0.9296875 0.38671875 0.028125 0.0328125
0 0.996875 0.39140625 0.028125 0.0359375
0 0.66875 0.4 0.03125 0.03125
0 0.37734375 0.34765625 0.0296875 0.0359375
0 0.45234375 0.346875 0.0296875 0.0375
0 0.51875 0.359375 0.03125 0.040625
0 0.48125 0.65078125 0.0375 0.0421875
0 0.3734375 0.6484375 0.034375 0.040625
0 0.29609375 0.65 0.0359375 0.046875
0 0.371875 0.55078125 0.034375 0.0453125
0 0.4953125 0.571875 0.0375 0.046875
0 0.62109375 0.5921875 0.0359375 0.040625
0 0.78828125 0.6 0.0359375 0.04375
0 1.034375 0.578125 0.0375 0.040625
0 1.16953125 0.51953125 0.0328125 0.0421875
0 0.50703125 0.5109375 0.0328125 0.040625
0 0.62265625 0.50859375 0.0328125 0.0421875
0 0.7296875 0.5078125 0.028125 0.04375
0 0.76328125 0.490625 0.0328125 0.040625
0 0.82265625 0.52109375 0.0328125 0.0390625
0 0.9390625 0.50859375 0.0375 0.0453125
0 0.9828125 0.478125 0.03125 0.0375
0 1.0515625 0.4859375 0.0375 0.04375
0 1.1171875 0.43515625 0.028125 0.0328125
0 1.09296875 0.39453125 0.0265625 0.0328125
0 1.02265625 0.4296875 0.0265625 0.0375
0 0.92734375 0.421875 0.0296875 0.0375
0 0.86796875 0.46796875 0.0328125 0.0390625
0 0.84609375 0.4390625 0.0296875 0.0375
0 0.65078125 0.48671875 0.0328125 0.0421875
0 0.575 0.4453125 0.03125 0.0375
0 0.48046875 0.4421875 0.0328125 0.040625
0 0.38984375 0.5109375 0.0328125 0.040625
0 0.38203125 0.46484375 0.0296875 0.0390625
0 0.41015625 0.38671875 0.0265625 0.0390625
0 0.48203125 0.40234375 0.0328125 0.0328125
0 0.58046875 0.39375 0.0296875 0.0375
