0 0.19140625 0.4828125 0.0265625 0.040625
0 0.22578125 0.47109375 0.0265625 0.0359375
0 0.28125 0.44375 0.025 0.03125
0 0.234375 0.56953125 0.06875 0.0859375
0 0.06875 0.50546875 0.05 0.0703125
0 0.1484375 0.51484375 0.03125 0.0390625
0 0.115625 0.540625 0.04375 0.05
0 0.165625 0.41484375 0.025 0.0296875
0 0.125 0.43515625 0.025 0.0390625
0 0.08203125 0.4375 0.0265625 0.034375
0 0.525 0.5703125 0.0625 0.071875
0 0.40234375 0.51875 0.0421875 0.059375
0 0.52578125 0.46328125 0.0296875 0.0390625
0 0.61171875 0.47890625 0.0265625 0.0359375
0 0.6875 0.565625 0.071875 0.090625
0 0.8484375 0.5765625 0.075 0.0875
0 0.9078125 0.51171875 0.01875 0.0234375
0 0.76015625 0.525 0.0421875 0.059375
0 0.840625 0.696875 0.115625 0.121875
0 1.3015625 0.56953125 0.121875 0.1390625
0 1.2265625 0.49609375 0.01875 0.0390625
0 1.33671875 0.4859375 0.0265625 0.0375
0 1.40078125 0.51171875 0.0203125 0.0265625
0 0.95859375 0.53984375 0.0484375 0.0515625
0 0.32421875 0.54296875 0.0421875 0.0546875
0 0.26640625 0.5109375 0.0359375 0.0375
0 0.16796875 0.4859375 0.0359375 0.0375
0 0.02109375 0.428125 0.0234375 0.03125
0 1.19140625 0.571875 0.0484375 0.059375
0 0.81171875 0.55 0.0359375 0.046875
0 0.0078125 0.55390625 0.015625 0.0390625
