0 0.20390625 0.16875 0.0421875 0.046875
0 0.15859375 0.228125 0.0421875 0.046875
0 0.10625 0.265625 0.05 0.053125
0 0.46796875 0.23828125 0.0484375 0.0453125
0 0.56484375 0.2234375 0.0453125 0.046875
0 0.61640625 0.115625 0.0453125 0.053125
0 0.66640625 0.01875 0.0421875 0.034375
0 1.00234375 0.0796875 0.0390625 0.046875
0 0.9765625 0.16953125 0.046875 0.0390625
0 0.91875 0.19140625 0.04375 0.0515625
0 1.10234375 0.434375 0.0484375 0.059375
0 1.4453125 0.05078125 0.04375 0.0390625
0 1.39375 0.12734375 0.04375 0.0453125
0 0.7921875 0.365625 0.05625 0.071875
