0 0.11171875 0.10703125 0.0390625 0.0421875
0 0.2484375 0.10703125 0.034375 0.0453125
0 0.359375 0.1390625 0.03125 0.040625
0 0.46796875 0.11484375 0.0328125 0.0359375
0 0.5984375 0.1296875 0.03125 0.040625
0 0.13046875 0.24609375 0.0390625 0.0421875
0 0.26640625 0.234375 0.0359375 0.040625
0 0.39296875 0.19609375 0.0359375 0.0453125
0 0.5140625 0.209375 0.0375 0.046875
0 0.465625 0.37265625 0.040625 0.0484375
0 0.32421875 0.3828125 0.0390625 0.046875
0 0.65078125 0.36484375 0.0359375 0.0453125
0 0.64921875 0.21484375 0.0390625 0.0453125
0 0.8 0.215625 0.0375 0.0375
0 0.92421875 0.221875 0.0359375 0.046875
0 0.7875 0.36875 0.040625 0.046875
0 0.9359375 0.3765625 0.040625 0.040625
0 0.73125 0.11171875 0.03125 0.0390625
0 0.8453125 0.10625 0.034375 0.040625
0 0.98046875 0.13984375 0.0296875 0.0390625
0 1.07734375 0.1265625 0.0296875 0.0375
0 1.03984375 0.2484375 0.0328125 0.04375
0 1.0828125 0.3703125 0.0375 0.05
0 1.13671875 0.23515625 0.0390625 0.0484375
0 1.2484375 0.26640625 0.0375 0.0421875
0 1.2296875 0.36875 0.040625 0.05
0 1.3828125 0.3796875 0.04375 0.05
0 1.37109375 0.23515625 0.0390625 0.0453125
0 1.16015625 0.10390625 0.0296875 0.0359375
0 1.28125 0.1203125 0.03125 0.0375
0 1.3875 0.14921875 0.03125 0.0390625
0 1.49296875 0.16015625 0.0328125 0.0390625
