0 0.11875 0.07109375 0.01875 0.0203125
0 0.02734375 0.16953125 0.0296875 0.0421875
0 0.0171875 0.20234375 0.021875 0.0390625
0 0.18359375 0.21796875 0.0328125 0.0359375
0 0.1390625 0.14609375 0.028125 0.0390625
0 0.121875 0.1203125 0.025 0.03125
0 0.23671875 0.14375 0.0296875 0.040625
0 0.29140625 0.15625 0.0359375 0.040625
0 0.35390625 0.0921875 0.0171875 0.01875
0 0.4765625 0.13203125 0.025 0.0390625
0 0.42265625 0.17109375 0.0234375 0.0234375
0 0.35703125 0.22578125 0.0421875 0.0453125
0 0.28515625 0.26875 0.0515625 0.05625
0 0.4859375 0.24609375 0.053125 0.0609375
0 0.57734375 0.2109375 0.0453125 0.05
0 0.459375 0.11875 0.028125 0.0375
0 0.6015625 0.08671875 0.021875 0.0359375
0 0.6546875 0.08203125 0.015625 0.0203125
0 0.6359375 0.03203125 0.015625 0.0203125
0 0.6859375 0.03671875 0.01875 0.0234375
0 0.72421875 0.06484375 0.0203125 0.0296875
0 0.715625 0.10546875 0.025 0.0390625
0 0.7640625 0.1453125 0.03125 0.04375
0 0.765625 0.2125 0.0375 0.053125
0 0.7984375 0.24453125 0.05625 0.0671875
0 0.93515625 0.084375 0.0265625 0.03125
0 0.86484375 0.0859375 0.0203125 0.025
0 0.8125 0.0765625 0.01875 0.025
0 0.75 0.05078125 0.0125 0.0203125
0 0.91640625 0.0296875 0.0140625 0.0125
0 0.98984375 0.09140625 0.0265625 0.0296875
0 0.96171875 0.12578125 0.0390625 0.0421875
0 0.97109375 0.18828125 0.0484375 0.0453125
0 1.05546875 0.20625 0.0484375 0.059375
0 1.1328125 0.06953125 0.021875 0.0296875
0 1.1625 0.040625 0.021875 0.028125
0 1.18125 0.0875 0.034375 0.04375
0 1.29453125 0.04609375 0.0140625 0.0234375
0 1.3375 0.02734375 0.015625 0.0265625
0 1.36953125 0.0140625 0.0140625 0.015625
0 1.4671875 0.11796875 0.0375 0.0390625
0 1.396875 0.1921875 0.046875 0.053125
0 1.2484375 0.17265625 0.05 0.0484375
0 1.23125 0.2640625 0.059375 0.071875
0 1.56640625 0.203125 0.0421875 0.046875
0 1.515625 0.08203125 0.015625 0.0203125
0 1.55703125 0.0765625 0.0140625 0.021875
0 1.425 0.021875 0.0125 0.01875
0 1.51015625 0.015625 0.0109375 0.0125
0 1.321875 0.165625 0.040625 0.040625
0 1.07578125 0.0546875 0.0171875 0.028125
0 1.01875 0.04921875 0.01875 0.0203125
0 1.0796875 0.01484375 0.0125 0.0140625
0 0.9515625 0.02109375 0.015625 0.0203125
0 0.0328125 0.28203125 0.04375 0.0546875
0 0.6765625 0.10546875 0.01875 0.0296875
0 0.14609375 0.31015625 0.0296875 0.0390625
0 0.54296875 0.1171875 0.0234375 0.021875
0 0.525 0.11328125 0.01875 0.0234375
0 1.1046875 0.009375 0.015625 0.015625
0 1.0921875 0.0171875 0.009375 0.015625
0 1.14296875 0.0125 0.0171875 0.01875
0 1.47890625 0.00546875 0.0140625 0.0109375
0 0.90390625 0.05859375 0.0234375 0.0265625
0 0.82421875 0.0796875 0.0203125 0.028125
0 1.58515625 0.0828125 0.0296875 0.0375
