0 1.3734375 0.18359375 0.01875 0.0203125
0 1.27109375 0.16953125 0.0296875 0.0359375
0 1.22734375 0.18125 0.0171875 0.028125
0 1.19921875 0.1484375 0.0203125 0.015625
0 1.24296875 0.13828125 0.0140625 0.0140625
0 1.23984375 0.1625 0.0171875 0.025
0 1.3390625 0.13125 0.0125 0.021875
0 1.3140625 0.175 0.01875 0.021875
0 1.47109375 0.19375 0.0234375 0.034375
0 1.20703125 0.08125 0.0078125 0.009375
0 1.23828125 0.0875 0.0078125 0.009375
0 1.25703125 0.08828125 0.0078125 0.0109375
0 1.3109375 0.10078125 0.009375 0.0109375
0 1.35703125 0.0734375 0.0109375 0.009375
0 1.39296875 0.0875 0.0109375 0.009375
0 1.4421875 0.11171875 0.009375 0.0171875
0 1.478125 0.12421875 0.0125 0.0140625
0 1.53671875 0.11328125 0.0109375 0.0109375
0 1.56640625 0.07890625 0.0078125 0.0140625
0 1.553125 0.13828125 0.009375 0.0140625
0 1.4671875 0.165625 0.015625 0.015625
0 1.31640625 0.13203125 0.0109375 0.0140625
0 1.396875 0.190625 0.009375 0.0125
0 1.25390625 0.11171875 0.0078125 0.0140625
0 1.4109375 0.15546875 0.009375 0.0140625
0 1.35234375 0.11953125 0.0078125 0.0140625
0 1.28046875 0.08984375 0.0078125 0.0109375
0 1.2859375 0.12421875 0.009375 0.0140625
0 0.07890625 0.0484375 0.0109375 0.0125
0 0.04375 0.046875 0.009375 0.0125
0 0.01640625 0.09375 0.0109375 0.015625
0 0.05625 0.1109375 0.0125 0.015625
0 0.12578125 0.053125 0.0078125 0.009375
0 0.1203125 0.12421875 0.009375 0.0109375
0 1.0171875 0.07265625 0.009375 0.0140625
0 0.7859375 0.2265625 0.05625 0.08125
0 0.46953125 0.23828125 0.0609375 0.0796875
0 1.084375 0.60078125 0.06875 0.0703125
0 1.4203125 0.61953125 0.078125 0.0734375
0 0.90703125 0.82734375 0.0921875 0.1015625
0 0.70625 0.78125 0.103125 0.10625
0 0.83515625 0.6171875 0.0765625 0.0875
0 0.39765625 0.64140625 0.0734375 0.0796875
0 0.69140625 0.59765625 0.0796875 0.0890625
0 1.1515625 0.2046875 0.05 0.059375
0 0.878125 0.23515625 0.046875 0.0484375
0 0.5953125 0.24921875 0.053125 0.0515625
0 0.12578125 0.19765625 0.0484375 0.0546875
0 0.2671875 0.16875 0.034375 0.04375
0 0.19921875 0.16328125 0.0265625 0.0296875
0 0.35 0.15390625 0.028125 0.0328125
0 0.2984375 0.17109375 0.028125 0.0296875
0 0.40546875 0.14921875 0.0328125 0.0359375
0 0.4796875 0.171875 0.03125 0.03125
0 0.53515625 0.18046875 0.0296875 0.0265625
0 0.51640625 0.22734375 0.0359375 0.0453125
0 0.6046875 0.16796875 0.03125 0.0265625
0 0.64453125 0.19765625 0.0296875 0.0296875
0 0.73125 0.1875 0.034375 0.034375
0 0.7421875 0.134375 0.034375 0.040625
0 0.86328125 0.1390625 0.0296875 0.03125
0 0.8390625 0.20703125 0.028125 0.0296875
0 0.94453125 0.2 0.0328125 0.034375
0 0.24453125 0.08984375 0.0109375 0.0140625
0 0.16015625 0.04921875 0.0078125 0.0109375
0 0.16953125 0.090625 0.0109375 0.0125
0 0.28203125 0.103125 0.0109375 0.0125
0 0.23046875 0.146875 0.0109375 0.015625
0 0.46171875 0.12265625 0.0109375 0.0109375
0 0.5046875 0.0953125 0.009375 0.015625
0 0.57734375 0.0859375 0.0109375 0.0125
0 0.6453125 0.11015625 0.009375 0.0109375
0 0.6984375 0.12109375 0.009375 0.0140625
0 0.6734375 0.16875 0.0125 0.0125
0 1.01875 0.11484375 0.0125 0.0140625
0 1.08125 0.128125 0.021875 0.028125
0 1.109375 0.1703125 0.025 0.025
0 0.9078125 0.05859375 0.009375 0.0109375
0 0.75234375 0.06796875 0.0078125 0.0109375
0 0.82265625 0.0796875 0.0078125 0.009375
0 1.1421875 0.13203125 0.015625 0.0171875
0 1.15078125 0.0796875 0.0078125 0.0125
0 1.16484375 0.0859375 0.0078125 0.009375
0 1.1625 0.12578125 0.0125 0.0140625
0 1.109375 0.128125 0.009375 0.0125
0 0.825 0.0984375 0.0125 0.0125
0 1.50859375 0.21171875 0.0296875 0.0390625
0 1.56328125 0.18828125 0.0171875 0.0234375
