0 0.06484375 0.25625 0.0234375 0.028125
0 0.20546875 0.225 0.0203125 0.028125
0 0.2328125 0.22578125 0.021875 0.0328125
0 0.34375 0.234375 0.025 0.03125
0 0.2921875 0.315625 0.021875 0.03125
0 0.23203125 0.31484375 0.0234375 0.0265625
0 0.10234375 0.3234375 0.0265625 0.03125
0 0.23828125 0.41015625 0.0265625 0.0328125
0 0.18984375 0.41015625 0.0265625 0.0296875
0 0.1171875 0.40078125 0.028125 0.0296875
0 0.05234375 0.3921875 0.0234375 0.025
0 0.04453125 0.540625 0.0265625 0.034375
0 0.084375 0.54296875 0.025 0.0328125
0 0.128125 0.54765625 0.025 0.0359375
0 0.171875 0.54453125 0.025 0.0265625
0 0.26015625 0.51171875 0.0234375 0.0359375
0 0.30859375 0.5078125 0.0296875 0.040625
0 0.43515625 0.5296875 0.0265625 0.034375
0 0.46328125 0.57890625 0.0265625 0.0390625
0 0.3921875 0.33515625 0.021875 0.0265625
0 0.48671875 0.3125 0.0234375 0.028125
0 0.44453125 0.42734375 0.0265625 0.0328125
0 0.39921875 0.43125 0.0234375 0.028125
0 0.36953125 0.23046875 0.0203125 0.0296875
0 0.4875 0.2140625 0.025 0.03125
0 0.5515625 0.29765625 0.028125 0.0296875
0 0.60859375 0.21328125 0.0234375 0.0296875
0 0.74609375 0.2234375 0.0203125 0.025
0 0.78359375 0.22109375 0.0171875 0.0265625
0 0.8984375 0.221875 0.025 0.025
0 0.91484375 0.29921875 0.0265625 0.0296875
0 0.75546875 0.2984375 0.0265625 0.028125
0 0.825 0.40546875 0.025 0.0296875
0 1.06171875 0.21171875 0.0234375 0.0265625
0 0.98203125 0.221875 0.0203125 0.025
0 1.075 0.27109375 0.021875 0.0296875
0 1.24609375 0.19140625 0.0234375 0.0265625
0 1.20703125 0.2015625 0.0234375 0.028125
0 1.21171875 0.26875 0.0265625 0.03125
0 1.15703125 0.275 0.0265625 0.028125
0 1.54140625 0.29453125 0.0234375 0.0328125
0 1.3578125 0.2734375 0.025 0.03125
0 1.3890625 0.31328125 0.021875 0.0328125
0 1.34765625 0.3078125 0.0234375 0.034375
0 1.4765625 0.33125 0.025 0.025
0 1.4765625 0.39375 0.028125 0.034375
0 1.409375 0.4140625 0.025 0.03125
0 1.34921875 0.396875 0.0234375 0.03125
0 1.290625 0.4140625 0.028125 0.034375
0 1.42421875 0.4890625 0.0296875 0.046875
0 1.00546875 0.3984375 0.0203125 0.028125
0 0.9453125 0.41484375 0.025 0.0265625
0 0.85703125 0.4140625 0.0265625 0.028125
0 0.8578125 0.51640625 0.025 0.0359375
0 0.55625 0.4203125 0.021875 0.028125
0 0.60859375 0.4765625 0.0265625 0.040625
0 0.56484375 0.51875 0.0265625 0.0375
0 0.6828125 0.496875 0.025 0.040625
0 0.71171875 0.40859375 0.0234375 0.0296875
0 1.15234375 0.40625 0.0234375 0.0375
0 1.22734375 0.4015625 0.0234375 0.034375
0 1.23046875 0.5078125 0.0296875 0.040625
0 1.115625 0.5296875 0.025 0.0375
0 1.1578125 0.53515625 0.025 0.0390625
0 1.03125 0.540625 0.025 0.0375
0 1.325 0.521875 0.025 0.034375
0 0.96015625 0.53125 0.0234375 0.034375
0 0.8875 0.54453125 0.025 0.0359375
0 0.790625 0.58125 0.025 0.040625
0 0.70078125 0.2984375 0.0234375 0.028125
0 0.0046875 0.5125 0.009375 0.0375
0 0.00546875 0.3140625 0.0109375 0.03125
0 1.5875 0.409375 0.021875 0.028125
