0 0.98671875 0.665625 0.0609375 0.071875
0 0.74921875 0.65546875 0.0703125 0.0765625
0 0.46328125 0.68046875 0.0640625 0.0796875
0 0.2796875 0.6515625 0.0625 0.071875
0 0.5015625 0.48203125 0.05 0.0546875
0 0.246875 0.46953125 0.05 0.0546875
0 0.9515625 0.34453125 0.03125 0.0390625
0 0.80625 0.340625 0.028125 0.034375
0 0.68671875 0.3421875 0.0265625 0.03125
0 0.6515625 0.35 0.021875 0.021875
0 0.5359375 0.3640625 0.028125 0.034375
0 1.40234375 0.4578125 0.0515625 0.059375
0 1.1953125 0.43125 0.05 0.05
0 1.4515625 0.76484375 0.05625 0.0546875
0 1.57734375 0.3421875 0.0234375 0.01875
0 0.29921875 0.33671875 0.0234375 0.0296875
0 0.3875 0.33203125 0.021875 0.0296875
0 0.415625 0.32265625 0.01875 0.0265625
0 0.3015625 0.234375 0.0125 0.015625
0 0.240625 0.23515625 0.015625 0.0171875
0 0.19921875 0.25390625 0.0109375 0.0140625
0 0.04296875 0.30625 0.0265625 0.034375
0 0.625 0.2546875 0.0125 0.015625
0 0.71484375 0.2359375 0.0109375 0.015625
