0 0.0375 0.54921875 0.028125 0.0359375
0 0.09296875 0.5453125 0.0234375 0.028125
0 0.1140625 0.56171875 0.01875 0.0296875
0 0.13828125 0.56796875 0.0203125 0.0265625
0 0.16171875 0.58203125 0.0203125 0.0265625
0 0.18828125 0.58828125 0.0203125 0.0296875
0 0.278125 0.5265625 0.028125 0.034375
0 0.3515625 0.53359375 0.028125 0.0359375
0 0.21484375 0.5921875 0.0171875 0.021875
0 0.38203125 0.5390625 0.0203125 0.028125
0 0.40625 0.54296875 0.021875 0.0296875
0 0.4265625 0.553125 0.021875 0.025
0 0.546875 0.42265625 0.053125 0.0546875
0 0.63984375 0.5265625 0.0234375 0.034375
0 0.6625 0.54765625 0.01875 0.0234375
0 0.94765625 0.55859375 0.0203125 0.0234375
0 0.99765625 0.53515625 0.0359375 0.0359375
0 1.134375 0.58515625 0.01875 0.0234375
0 1.1578125 0.57734375 0.01875 0.0234375
0 1.18671875 0.56171875 0.0234375 0.0296875
0 1.234375 0.56015625 0.025 0.0328125
0 1.31171875 0.53359375 0.0328125 0.0390625
0 1.4078125 0.58984375 0.021875 0.0296875
0 1.43828125 0.5703125 0.0234375 0.028125
0 1.46796875 0.56484375 0.0234375 0.0328125
0 1.50546875 0.54921875 0.0296875 0.0359375
0 1.5703125 0.60390625 0.01875 0.0265625
0 0.85234375 0.61640625 0.0078125 0.0109375
