0 1.1515625 0.8859375 0.065625 0.090625
0 1.00859375 0.65546875 0.0671875 0.0765625
0 0.95234375 0.62109375 0.0640625 0.0703125
0 1.37734375 0.59921875 0.0515625 0.0734375
0 1.24609375 0.44453125 0.0671875 0.0765625
0 1.4984375 0.33515625 0.0625 0.0796875
0 1.58046875 0.4328125 0.0390625 0.0875
0 1.55625 0.1828125 0.0375 0.04375
0 1.38359375 0.19453125 0.0453125 0.0515625
0 1.4546875 0.18359375 0.034375 0.0390625
0 1.45078125 0.0953125 0.0265625 0.03125
0 1.2015625 0.20625 0.0375 0.04375
0 1.2703125 0.196875 0.03125 0.04375
0 1.3015625 0.30078125 0.04375 0.0515625
0 1.04296875 0.3125 0.0390625 0.040625
0 1.0703125 0.42578125 0.046875 0.0515625
0 1.0296875 0.46796875 0.05625 0.0609375
0 1.515625 0.4578125 0.05625 0.059375
0 0.76953125 0.8921875 0.0609375 0.065625
0 0.8359375 0.67734375 0.071875 0.0734375
0 0.73515625 0.66484375 0.0578125 0.0671875
0 0.61015625 0.8140625 0.0421875 0.071875
0 0.5203125 0.97734375 0.08125 0.0984375
0 0.78515625 1.015625 0.0609375 0.09375
0 0.553125 0.675 0.05625 0.059375
0 0.3625 0.99375 0.065625 0.0875
0 0.35 0.87421875 0.0625 0.0640625
0 0.31171875 0.77109375 0.0453125 0.0578125
0 0.18359375 0.85625 0.0484375 0.06875
0 0.06171875 0.70546875 0.0390625 0.0453125
0 0.10234375 0.65859375 0.0359375 0.0421875
0 0.1296875 0.7296875 0.05 0.05625
0 0.059375 0.85234375 0.059375 0.0546875
0 0.18984375 0.528125 0.0328125 0.0375
0 0.2546875 0.52265625 0.03125 0.0390625
0 0.328125 0.50078125 0.034375 0.0390625
0 0.12421875 0.59140625 0.0359375 0.0421875
0 0.0578125 0.5828125 0.028125 0.03125
0 0.11640625 0.509375 0.0203125 0.034375
0 0.3984375 0.6046875 0.028125 0.040625
0 0.2484375 0.68671875 0.040625 0.0484375
0 0.20078125 0.61484375 0.0390625 0.0421875
0 0.58984375 0.3984375 0.0328125 0.03125
0 0.60546875 0.490625 0.0453125 0.05625
0 0.6234375 0.58046875 0.040625 0.0640625
0 0.87734375 0.5046875 0.0484375 0.059375
0 0.90546875 0.3578125 0.0390625 0.05
0 0.65234375 0.44765625 0.0421875 0.0453125
0 0.734375 0.4375 0.04375 0.05
0 0.7921875 0.39453125 0.040625 0.0484375
0 0.6921875 0.3546875 0.03125 0.0375
0 0.6625 0.35 0.034375 0.040625
0 0.50859375 0.3171875 0.0171875 0.01875
0 0.54609375 0.29296875 0.0140625 0.0203125
0 0.4640625 0.31875 0.0125 0.0125
0 0.3921875 0.32109375 0.0125 0.0140625
0 0.021875 0.509375 0.025 0.028125
0 1.44296875 0.69609375 0.0703125 0.0765625
0 0.93828125 0.18359375 0.0140625 0.0171875
0 0.88671875 0.13359375 0.0140625 0.0171875
0 0.8578125 0.1375 0.015625 0.015625
0 0.8234375 0.225 0.0125 0.015625
0 1.28046875 0.07734375 0.0140625 0.0203125
0 1.346875 0.08515625 0.021875 0.0171875
0 1.39140625 0.04453125 0.0140625 0.0203125
0 1.43125 0.0203125 0.01875 0.021875
0 1.36875 0.19921875 0.034375 0.0453125
0 0.94609375 0.4359375 0.0484375 0.046875
0 1.003125 0.39765625 0.0375 0.0546875
0 0.66484375 0.834375 0.0484375 0.06875
0 0.1765625 0.41953125 0.028125 0.0328125
0 0.18046875 0.60859375 0.0265625 0.0359375
0 0.56796875 0.75625 0.0359375 0.05625
