0 0.0796875 0.5984375 0.015625 0.01875
0 0.14921875 0.63828125 0.0140625 0.0171875
0 0.09453125 0.65078125 0.0140625 0.0171875
0 0.19296875 0.61484375 0.0171875 0.0203125
0 0.27265625 0.61875 0.0171875 0.021875
0 0.24375 0.6015625 0.0125 0.015625
0 0.33515625 0.60625 0.0140625 0.021875
0 0.05859375 0.57890625 0.0171875 0.0203125
0 0.1171875 0.55078125 0.015625 0.0171875
0 0.1875 0.51484375 0.015625 0.0171875
0 0.25078125 0.51328125 0.0171875 0.0234375
0 0.3015625 0.52109375 0.015625 0.0171875
0 0.34609375 0.57265625 0.0171875 0.0203125
0 0.33203125 0.53671875 0.0140625 0.0171875
0 0.36953125 0.53828125 0.0140625 0.0171875
0 0.4515625 0.53203125 0.015625 0.0171875
0 0.10625 0.51171875 0.015625 0.0171875
0 0.08046875 0.5140625 0.0140625 0.015625
0 0.0375 0.52578125 0.0125 0.0171875
0 0.0171875 0.46796875 0.0125 0.0140625
0 0.0796875 0.49140625 0.015625 0.0140625
0 0.0578125 0.49140625 0.0125 0.0140625
0 0.1046875 0.49609375 0.015625 0.0171875
0 0.12578125 0.4953125 0.0171875 0.015625
0 0.16953125 0.4828125 0.0171875 0.021875
0 0.1984375 0.48515625 0.0125 0.0171875
0 0.21640625 0.4828125 0.0140625 0.01875
0 0.15390625 0.38125 0.0078125 0.0125
0 0.04921875 0.3703125 0.0078125 0.009375
0 0.328125 0.496875 0.0125 0.015625
0 0.30625 0.49609375 0.0125 0.0140625
0 0.2453125 0.49140625 0.0125 0.0109375
0 0.35390625 0.4890625 0.0140625 0.015625
0 0.36171875 0.50859375 0.0109375 0.0140625
0 0.3453125 0.52265625 0.0125 0.0140625
0 0.4265625 0.4765625 0.0125 0.01875
0 0.1 0.23671875 0.015625 0.0140625
0 0.0609375 0.5203125 0.009375 0.015625
0 0.03984375 0.5171875 0.0109375 0.0125
0 0.00625 0.5296875 0.0125 0.01875
0 0.57421875 0.509375 0.0109375 0.015625
0 0.69921875 0.47109375 0.0140625 0.0109375
0 0.5671875 0.475 0.015625 0.015625
0 0.55234375 0.475 0.0078125 0.0125
0 0.3421875 0.49609375 0.0125 0.0171875
0 0.77421875 0.484375 0.0171875 0.025
0 0.584375 0.5109375 0.009375 0.0125
0 1.0609375 0.5640625 0.021875 0.03125
0 0.9015625 0.58984375 0.0125 0.0171875
0 0.8828125 0.49140625 0.0125 0.0140625
0 0.8390625 0.4734375 0.0125 0.015625
0 0.88125 0.4625 0.009375 0.0125
0 0.94453125 0.4796875 0.0109375 0.015625
0 0.9265625 0.50234375 0.0125 0.0140625
0 0.94453125 0.50703125 0.0109375 0.0171875
0 0.85703125 0.50078125 0.0109375 0.0109375
0 0.878125 0.565625 0.0125 0.015625
0 0.84296875 0.5921875 0.0109375 0.015625
0 0.784375 0.49375 0.0125 0.015625
0 1.07421875 0.4390625 0.0171875 0.028125
0 1.16875 0.51640625 0.0125 0.0140625
0 0.95703125 0.4796875 0.0140625 0.0125
0 1.04921875 0.921875 0.0265625 0.046875
0 1.34765625 0.89453125 0.0296875 0.0359375
0 1.54140625 0.46953125 0.0109375 0.0140625
0 1.46796875 0.5234375 0.0109375 0.0125
0 1.5 0.46953125 0.009375 0.0109375
0 1.51796875 0.4734375 0.0078125 0.009375
0 1.46171875 0.5765625 0.0109375 0.0125
0 1.4203125 0.5859375 0.0125 0.015625
0 1.371875 0.5640625 0.0125 0.015625
0 1.5875 0.5765625 0.015625 0.015625
0 1.5734375 0.5328125 0.009375 0.0125
0 1.5203125 0.57109375 0.009375 0.0109375
0 1.50703125 0.53515625 0.0140625 0.0140625
0 1.51328125 0.496875 0.0109375 0.0125
0 1.5265625 0.50078125 0.009375 0.0140625
0 1.47421875 0.49296875 0.0109375 0.0109375
0 1.565625 0.5796875 0.009375 0.0125
0 0.5578125 0.5953125 0.0125 0.0125
