0 1.2640625 0.54921875 0.0375 0.0515625
0 1.1125 0.496875 0.0125 0.015625
0 0.790625 0.56640625 0.034375 0.0359375
0 0.91328125 0.5703125 0.0328125 0.0375
0 0.775 0.4953125 0.0125 0.015625
0 0.70234375 0.50390625 0.0140625 0.0171875
0 0.67421875 0.50234375 0.0109375 0.0171875
0 0.640625 0.5078125 0.0125 0.015625
0 0.615625 0.5125 0.0125 0.015625
0 0.596875 0.51875 0.009375 0.0125
0 0.565625 0.52109375 0.0125 0.0140625
0 0.52734375 0.5234375 0.0109375 0.015625
0 0.49453125 0.56015625 0.0265625 0.0359375
0 0.3421875 0.571875 0.025 0.03125
0 0.2515625 0.58515625 0.01875 0.0296875
0 0.1609375 0.6421875 0.01875 0.025
0 0.13671875 0.60859375 0.0109375 0.0140625
0 0.196875 0.62265625 0.01875 0.0171875
0 0.125 0.65625 0.021875 0.028125
0 0.08515625 0.61171875 0.0109375 0.0171875
0 0.025 0.61640625 0.009375 0.0109375
0 0.0078125 0.64140625 0.015625 0.0203125
