0 0.10859375 0.10234375 0.0296875 0.0296875
0 0.07421875 0.01953125 0.0265625 0.0328125
0 0.153125 0.046875 0.025 0.034375
0 0.23828125 0.04140625 0.0265625 0.0328125
0 0.19609375 0.06015625 0.0234375 0.0265625
0 0.33046875 0.040625 0.0296875 0.03125
0 0.265625 0.09765625 0.021875 0.0296875
0 0.16484375 0.103125 0.0234375 0.040625
0 0.02421875 0.14921875 0.0203125 0.0328125
0 0.10546875 0.19921875 0.0265625 0.0359375
0 0.08125 0.26796875 0.021875 0.0328125
0 0.0515625 0.41171875 0.046875 0.0484375
0 0.1984375 0.3921875 0.0375 0.04375
0 0.34609375 0.39453125 0.0328125 0.0421875
0 0.50078125 0.425 0.0390625 0.040625
0 0.653125 0.35 0.046875 0.05625
0 0.42265625 0.23984375 0.0296875 0.0359375
0 0.45625 0.25234375 0.028125 0.0296875
0 0.56484375 0.26875 0.0265625 0.0375
0 0.38125 0.07265625 0.01875 0.0296875
0 0.4078125 0.05859375 0.03125 0.0296875
0 0.4265625 0.10390625 0.021875 0.0296875
0 0.56875 0.14140625 0.021875 0.0328125
0 0.7796875 0.19453125 0.03125 0.0359375
0 0.86484375 0.2109375 0.0265625 0.040625
0 0.8140625 0.13203125 0.028125 0.0328125
0 0.86328125 0.13671875 0.0265625 0.0390625
0 0.86484375 0.090625 0.0265625 0.028125
0 0.89453125 0.12734375 0.0328125 0.0453125
0 0.740625 0.128125 0.028125 0.040625
0 0.8 0.0734375 0.028125 0.03125
0 0.94453125 0.096875 0.0265625 0.028125
0 0.90859375 0.2328125 0.0234375 0.034375
0 0.87734375 0.27421875 0.0203125 0.0328125
0 0.79921875 0.421875 0.0453125 0.04375
0 0.92890625 0.3953125 0.0421875 0.04375
0 1.1359375 0.29453125 0.0625 0.0671875
0 1.0359375 0.2375 0.028125 0.0375
0 0.8453125 0.01796875 0.025 0.0265625
0 0.94453125 0.04765625 0.0265625 0.0296875
0 1.08046875 0.0890625 0.0234375 0.03125
0 1.05 0.078125 0.021875 0.028125
0 1.0421875 0.02578125 0.021875 0.0328125
0 1.18125 0.03359375 0.028125 0.0359375
0 1.25390625 0.04375 0.0234375 0.03125
0 1.28515625 0.04453125 0.0265625 0.0390625
0 1.34375 0.08046875 0.03125 0.0359375
0 1.27421875 0.11171875 0.0265625 0.0390625
0 1.16875 0.103125 0.028125 0.0375
0 1.31640625 0.20234375 0.0328125 0.0359375
0 1.3671875 0.1875 0.025 0.0375
0 1.27265625 0.3765625 0.0515625 0.059375
0 1.38203125 0.39296875 0.0453125 0.0484375
0 1.4359375 0.3671875 0.025 0.034375
0 1.5640625 0.240625 0.03125 0.034375
0 1.48359375 0.15546875 0.0265625 0.0328125
0 1.45 0.0609375 0.034375 0.04375
0 1.57578125 0.0546875 0.0265625 0.03125
0 1.46953125 0.1109375 0.0265625 0.0375
0 1.19765625 0.07265625 0.0234375 0.0359375
0 1.19921875 0.21953125 0.0265625 0.0390625
0 0.55546875 0.04921875 0.0265625 0.0296875
0 0.05234375 0.0828125 0.0234375 0.034375
0 0.0859375 0.0546875 0.025 0.034375
0 0.5296875 0.3625 0.034375 0.0375
