0 0.72578125 0.6171875 0.0421875 0.046875
0 0.89921875 0.62734375 0.0359375 0.0421875
0 0.82109375 0.5796875 0.0328125 0.040625
0 0.93828125 0.58984375 0.0296875 0.0453125
0 0.16640625 0.56484375 0.0328125 0.0484375
0 0.98359375 0.634375 0.0328125 0.040625
0 0.865625 0.63203125 0.01875 0.0390625
0 1.0765625 0.47109375 0.028125 0.0390625
0 0.3421875 0.94453125 0.0625 0.0859375
0 0.14296875 0.096875 0.0296875 0.04375
0 0.315625 0.09296875 0.034375 0.0453125
0 1.40546875 0.63203125 0.0234375 0.0421875
0 1.50078125 0.63515625 0.0203125 0.0296875
0 1.42578125 0.6296875 0.0140625 0.01875
0 1.31796875 0.640625 0.0203125 0.021875
0 1.353125 0.625 0.015625 0.021875
0 1.49609375 1.00390625 0.0546875 0.0765625
0 0.721875 0.06796875 0.0375 0.0515625
0 0.78125 0.10234375 0.0375 0.0484375
0 0.88671875 0.11953125 0.0359375 0.0421875
0 1.4203125 0.2859375 0.021875 0.025
0 1.58359375 0.35 0.0203125 0.028125
0 1.2453125 0.97578125 0.028125 0.0703125
0 1.44765625 0.296875 0.0171875 0.021875
0 1.54765625 0.953125 0.0640625 0.0625
0 0.52890625 0.6046875 0.0359375 0.046875
0 1.2515625 0.27578125 0.01875 0.0203125
0 1.5109375 0.3453125 0.021875 0.021875
0 0.30546875 0.11796875 0.0328125 0.0390625
0 0.36171875 0.74765625 0.0421875 0.0484375
0 1.371875 0.30234375 0.021875 0.0296875
