0 0.02734375 0.6921875 0.0046875 0.0125
0 0.0671875 0.6734375 0.009375 0.0125
0 0.09296875 0.69453125 0.0078125 0.0078125
0 0.10234375 0.67265625 0.0078125 0.0078125
0 0.12421875 0.68359375 0.0109375 0.0140625
0 0.15078125 0.6734375 0.0109375 0.015625
0 0.1828125 0.684375 0.0125 0.0125
0 0.20625 0.6953125 0.0125 0.0125
0 0.24765625 0.69140625 0.0078125 0.0171875
0 0.1203125 0.725 0.0125 0.015625
0 0.06796875 0.7578125 0.0171875 0.01875
0 0.05390625 0.825 0.0359375 0.040625
0 0.203125 0.7859375 0.025 0.03125
0 0.2734375 0.73671875 0.01875 0.0234375
0 0.31015625 0.71484375 0.0171875 0.0234375
0 0.3015625 0.67734375 0.00625 0.0078125
0 0.2765625 0.65859375 0.00625 0.0078125
0 0.42578125 0.821875 0.0265625 0.03125
0 0.49375 0.73984375 0.021875 0.0265625
0 0.434375 0.7609375 0.01875 0.028125
0 0.56640625 0.7234375 0.0140625 0.01875
0 0.4328125 0.70234375 0.0125 0.0171875
0 0.4125 0.7109375 0.0125 0.015625
0 0.7296875 0.76875 0.021875 0.025
0 0.709375 0.75234375 0.015625 0.0203125
0 0.69765625 0.7328125 0.0171875 0.01875
0 0.76640625 0.72578125 0.0140625 0.0171875
0 0.484375 0.69375 0.009375 0.0125
0 0.4828125 0.6578125 0.009375 0.0125
0 0.478125 0.6328125 0.009375 0.009375
0 0.5453125 0.6515625 0.009375 0.0125
0 0.57734375 0.64296875 0.0078125 0.0109375
0 0.33671875 0.69609375 0.0078125 0.0140625
0 0.1890625 0.6703125 0.009375 0.0125
0 0.19453125 0.646875 0.0109375 0.015625
0 0.8125 0.83125 0.025 0.034375
0 0.8 0.71953125 0.009375 0.0140625
0 0.78046875 0.68515625 0.0109375 0.0171875
0 0.8546875 0.72734375 0.009375 0.0140625
0 0.85703125 0.68828125 0.0171875 0.0171875
0 0.8265625 0.69921875 0.009375 0.0171875
0 0.89921875 0.69921875 0.0140625 0.0140625
0 0.91484375 0.73984375 0.0203125 0.0203125
0 0.93359375 0.68984375 0.0140625 0.0171875
0 0.9890625 0.775 0.025 0.03125
0 1.0171875 0.6953125 0.009375 0.015625
0 1.0 0.69453125 0.009375 0.0203125
0 0.98359375 0.7015625 0.0109375 0.021875
0 0.990625 0.7265625 0.0125 0.01875
0 1.06484375 0.6984375 0.0078125 0.015625
0 1.053125 0.68984375 0.009375 0.0140625
0 1.1 0.70234375 0.0125 0.0234375
0 1.13984375 0.71328125 0.0140625 0.0234375
0 1.1625 0.696875 0.0125 0.01875
0 1.115625 0.68515625 0.009375 0.0109375
0 1.178125 0.68984375 0.0125 0.0171875
0 1.19375 0.6890625 0.009375 0.015625
0 1.2109375 0.68828125 0.0125 0.0171875
0 1.225 0.69140625 0.009375 0.0203125
0 1.11171875 0.746875 0.0234375 0.021875
0 1.15546875 0.8203125 0.0265625 0.034375
0 1.26171875 0.7375 0.0203125 0.03125
0 1.3171875 0.7453125 0.021875 0.028125
0 1.32578125 0.72265625 0.0171875 0.0203125
0 1.26484375 0.696875 0.0109375 0.015625
0 1.2625 0.68046875 0.0125 0.0203125
0 1.23671875 0.68359375 0.0109375 0.0140625
0 1.2828125 0.6859375 0.009375 0.015625
0 1.309375 0.68984375 0.0125 0.0171875
0 1.35703125 0.69375 0.0078125 0.0125
0 1.3734375 0.68203125 0.0125 0.0171875
0 1.2453125 0.64296875 0.00625 0.0109375
0 1.40390625 0.68671875 0.0109375 0.0140625
0 1.4421875 0.678125 0.0125 0.0125
0 1.40703125 0.71875 0.0140625 0.015625
0 1.45703125 0.7859375 0.0203125 0.028125
0 1.5109375 0.68359375 0.0125 0.0171875
0 1.5703125 0.63984375 0.009375 0.0109375
0 1.55 0.68515625 0.0125 0.0140625
0 1.5421875 0.7609375 0.021875 0.025
0 1.58203125 0.74140625 0.0203125 0.0171875
0 1.51328125 0.81015625 0.0296875 0.0390625
0 0.446875 0.684375 0.0125 0.015625
0 0.5875 0.690625 0.0125 0.01875
0 0.2515625 0.64140625 0.0125 0.0203125
0 1.44609375 0.69453125 0.0109375 0.0140625
0 1.453125 0.69765625 0.0125 0.0140625
0 1.31171875 0.709375 0.0140625 0.015625
0 0.26796875 0.6953125 0.0140625 0.0125
0 0.40625 0.68828125 0.0125 0.0140625
0 0.5015625 0.68359375 0.0125 0.0171875
0 0.59921875 0.67421875 0.0109375 0.0140625
0 0.628125 0.6953125 0.0125 0.015625
0 0.93515625 0.7375 0.0109375 0.015625
0 1.33359375 0.65859375 0.0109375 0.0109375
0 1.590625 0.69140625 0.009375 0.0140625
0 1.58046875 0.6875 0.0078125 0.009375
