0 0.09453125 0.34609375 0.0296875 0.0390625
0 0.20859375 0.38203125 0.0265625 0.0328125
0 0.29921875 0.39296875 0.0265625 0.0328125
0 0.3859375 0.37421875 0.025 0.0328125
0 0.41484375 0.4609375 0.0234375 0.040625
0 0.296875 0.45625 0.025 0.0375
0 0.259375 0.52421875 0.0375 0.0359375
0 0.11796875 0.50546875 0.0328125 0.0390625
0 0.3671875 0.615625 0.03125 0.0375
0 0.2609375 0.80546875 0.040625 0.0640625
0 0.47734375 0.8171875 0.0421875 0.053125
0 0.67890625 0.77421875 0.0359375 0.0484375
0 0.471875 0.365625 0.025 0.03125
0 0.575 0.3734375 0.025 0.028125
0 0.67578125 0.38125 0.0203125 0.034375
0 0.5296875 0.45078125 0.025 0.0359375
0 0.45234375 0.5078125 0.0296875 0.03125
0 0.65078125 0.46875 0.0265625 0.034375
0 0.6046875 0.53671875 0.03125 0.0390625
0 0.7171875 0.52734375 0.028125 0.0421875
0 0.48203125 0.59765625 0.0296875 0.0390625
0 0.5453125 0.64140625 0.03125 0.0453125
0 0.64140625 0.6015625 0.0296875 0.040625
0 0.66015625 0.6390625 0.0296875 0.0375
0 0.78203125 0.35703125 0.0234375 0.0296875
0 0.8875 0.34375 0.028125 0.034375
0 0.76953125 0.48359375 0.0296875 0.0359375
0 0.884375 0.471875 0.025 0.034375
0 0.98671875 0.4703125 0.0265625 0.034375
0 0.94921875 0.54140625 0.0296875 0.0390625
0 0.83203125 0.5359375 0.0265625 0.0375
0 0.7671875 0.59375 0.03125 0.040625
0 0.88046875 0.603125 0.0296875 0.040625
0 0.98984375 0.61015625 0.0328125 0.0453125
0 0.790625 0.6765625 0.034375 0.04375
0 0.92421875 0.796875 0.0390625 0.05
0 0.9296875 0.63828125 0.03125 0.0453125
0 1.00390625 0.3515625 0.0234375 0.034375
0 1.11328125 0.40703125 0.0234375 0.0296875
0 1.22265625 0.428125 0.0265625 0.03125
0 1.1796875 0.484375 0.025 0.0375
0 1.090625 0.4796875 0.021875 0.03125
0 1.08046875 0.5359375 0.0296875 0.0375
0 1.2296875 0.61875 0.034375 0.04375
0 1.1046875 0.6296875 0.028125 0.0375
0 1.053125 0.653125 0.034375 0.04375
0 1.1609375 0.81328125 0.046875 0.0578125
0 1.33125 0.4125 0.025 0.028125
0 1.440625 0.42109375 0.025 0.0296875
0 1.52421875 0.396875 0.0234375 0.034375
0 1.30234375 0.4765625 0.0296875 0.034375
0 1.35390625 0.53203125 0.0328125 0.0421875
0 1.46875 0.55 0.03125 0.040625
0 1.38515625 0.83984375 0.0484375 0.0609375
