0 0.15234375 0.49375 0.0546875 0.071875
0 0.228125 0.51328125 0.03125 0.0328125
0 0.36171875 0.534375 0.0265625 0.0375
0 0.6296875 0.7734375 0.06875 0.078125
0 0.63359375 0.62734375 0.0453125 0.0546875
0 0.821875 0.69140625 0.05 0.0546875
0 0.98515625 0.52109375 0.0421875 0.0546875
0 0.67578125 0.49765625 0.0203125 0.0265625
0 0.74453125 0.4984375 0.0234375 0.028125
0 0.4984375 0.5078125 0.028125 0.03125
0 0.571875 0.5328125 0.01875 0.021875
0 0.7078125 0.6203125 0.01875 0.021875
0 1.06875 0.4828125 0.021875 0.025
0 1.1625 0.5046875 0.03125 0.0375
0 1.25390625 0.6171875 0.0484375 0.0625
0 1.3265625 0.625 0.034375 0.0375
0 1.128125 0.79921875 0.059375 0.0734375
0 1.39375 0.4796875 0.034375 0.0375
0 1.03671875 0.49140625 0.0140625 0.0171875
0 1.13046875 0.4796875 0.0140625 0.01875
0 1.14296875 0.47734375 0.0171875 0.0171875
0 1.52265625 0.5671875 0.0234375 0.025
0 1.55703125 0.47265625 0.0171875 0.0234375
0 1.3625 0.48125 0.015625 0.015625
0 1.24609375 0.49453125 0.0171875 0.0171875
0 1.0671875 0.7140625 0.025 0.025
0 0.378125 0.5171875 0.01875 0.025
0 0.68359375 0.3421875 0.0359375 0.0375
