0 1.36875 0.47265625 0.01875 0.0234375
0 1.33125 0.45625 0.01875 0.028125
0 1.2734375 0.46953125 0.021875 0.0328125
0 1.2375 0.46484375 0.0125 0.0171875
0 1.4921875 0.4515625 0.021875 0.028125
0 1.459375 0.47734375 0.01875 0.0234375
0 1.525 0.47265625 0.015625 0.0171875
0 1.584375 0.471875 0.015625 0.025
0 1.43359375 0.4625 0.0109375 0.015625
0 1.14140625 0.4734375 0.0140625 0.01875
0 1.06328125 0.48828125 0.0484375 0.0609375
0 1.1 0.48984375 0.028125 0.0421875
0 0.99765625 0.4671875 0.0171875 0.028125
0 1.19140625 0.46328125 0.0109375 0.0109375
0 0.93203125 0.43984375 0.0328125 0.0421875
0 0.88515625 0.503125 0.0453125 0.053125
0 0.78671875 0.453125 0.0546875 0.071875
0 0.7265625 0.43984375 0.040625 0.0421875
0 0.5921875 0.46015625 0.046875 0.0546875
0 0.47890625 0.45546875 0.0390625 0.0484375
0 0.8640625 0.4515625 0.0125 0.0125
0 0.81640625 0.45546875 0.0109375 0.0171875
0 0.29453125 0.45546875 0.0234375 0.0296875
0 0.203125 0.434375 0.028125 0.034375
0 0.03046875 0.42109375 0.0203125 0.0390625
0 0.1640625 0.41875 0.01875 0.034375
0 0.06328125 0.41953125 0.0203125 0.0234375
0 0.9796875 0.32578125 0.021875 0.0265625
0 1.178125 0.46796875 0.0125 0.0140625
0 0.0859375 0.4265625 0.015625 0.01875
0 1.3125 0.50390625 0.046875 0.0515625
