0 0.7796875 0.58046875 0.078125 0.0953125
0 0.025 0.33828125 0.01875 0.0234375
0 0.059375 0.32890625 0.015625 0.0203125
0 0.1625 0.33671875 0.015625 0.0203125
0 0.56171875 0.32890625 0.0140625 0.0171875
0 0.54140625 0.33828125 0.0109375 0.0140625
0 0.50546875 0.33515625 0.0109375 0.0109375
0 0.48203125 0.33671875 0.0109375 0.0109375
0 0.46328125 0.3328125 0.0109375 0.015625
0 0.42421875 0.33671875 0.0109375 0.0140625
0 0.39765625 0.3359375 0.0109375 0.015625
0 0.36484375 0.33515625 0.0109375 0.0203125
