0 0.25 0.1296875 0.015625 0.021875
0 0.30078125 0.13125 0.0171875 0.025
0 0.34921875 0.1390625 0.0171875 0.021875
0 0.40234375 0.1375 0.0171875 0.021875
0 0.453125 0.13359375 0.01875 0.0234375
0 0.4484375 0.18125 0.015625 0.021875
0 0.3921875 0.184375 0.01875 0.025
0 0.3390625 0.18515625 0.01875 0.0234375
0 0.2875 0.18359375 0.01875 0.0265625
0 0.23359375 0.1828125 0.0171875 0.021875
0 0.48984375 0.23046875 0.0171875 0.0234375
0 0.43984375 0.2328125 0.0171875 0.021875
0 0.38203125 0.22890625 0.0171875 0.0234375
0 0.33203125 0.23046875 0.0140625 0.0203125
0 0.28046875 0.2296875 0.0140625 0.021875
0 0.22109375 0.23203125 0.0171875 0.0234375
0 0.2140625 0.2765625 0.01875 0.025
0 0.271875 0.28046875 0.015625 0.0234375
0 0.32265625 0.28046875 0.0171875 0.0265625
0 0.378125 0.28046875 0.015625 0.0234375
0 0.43203125 0.2828125 0.0171875 0.025
0 0.48828125 0.2796875 0.0171875 0.025
0 0.509375 0.1359375 0.01875 0.025
0 0.571875 0.13125 0.01875 0.025
0 0.6296875 0.134375 0.01875 0.025
0 0.68671875 0.1328125 0.0171875 0.025
0 0.68046875 0.18125 0.0171875 0.025
0 0.62265625 0.18203125 0.0171875 0.0234375
0 0.5609375 0.1828125 0.015625 0.025
0 0.50390625 0.18203125 0.0171875 0.0234375
0 0.55234375 0.228125 0.0171875 0.025
0 0.61484375 0.22578125 0.0203125 0.0234375
0 0.67109375 0.2265625 0.0171875 0.025
0 0.72734375 0.22734375 0.0171875 0.0234375
0 0.72734375 0.27890625 0.0171875 0.0234375
0 0.6703125 0.27734375 0.01875 0.0234375
0 0.6046875 0.27734375 0.01875 0.0265625
0 0.54453125 0.275 0.0171875 0.025
0 0.746875 0.13125 0.01875 0.025
0 0.80625 0.1265625 0.015625 0.021875
0 0.865625 0.12890625 0.015625 0.0234375
0 0.92421875 0.128125 0.0171875 0.025
0 0.9859375 0.1234375 0.01875 0.025
0 0.978125 0.175 0.01875 0.028125
0 0.92109375 0.17890625 0.0171875 0.0234375
0 0.8625 0.17265625 0.015625 0.0234375
0 0.796875 0.1734375 0.015625 0.025
0 0.73984375 0.17734375 0.0171875 0.0234375
0 0.790625 0.22890625 0.015625 0.0234375
0 0.853125 0.2234375 0.01875 0.025
0 0.91484375 0.2234375 0.0171875 0.025
0 0.97578125 0.215625 0.0171875 0.028125
0 0.96640625 0.271875 0.0171875 0.025
0 0.91015625 0.27265625 0.0171875 0.0265625
0 0.85 0.275 0.01875 0.025
0 0.78515625 0.2765625 0.0171875 0.028125
0 1.04375 0.12421875 0.01875 0.0234375
0 1.10234375 0.1203125 0.0171875 0.025
0 1.1671875 0.11875 0.01875 0.025
0 1.2328125 0.115625 0.01875 0.025
0 1.29453125 0.11484375 0.0203125 0.0265625
0 1.35625 0.10859375 0.01875 0.0265625
0 1.35234375 0.1609375 0.0203125 0.028125
0 1.28984375 0.16484375 0.0171875 0.0234375
0 1.2296875 0.1671875 0.01875 0.025
0 1.16875 0.16953125 0.01875 0.0234375
0 1.1015625 0.1703125 0.01875 0.025
0 1.0390625 0.17109375 0.01875 0.0234375
0 1.28828125 0.2171875 0.0171875 0.025
0 1.22890625 0.2140625 0.0203125 0.025
0 1.16796875 0.21875 0.0171875 0.025
0 1.09453125 0.22109375 0.0203125 0.0265625
0 1.034375 0.22265625 0.01875 0.0265625
0 1.028125 0.27109375 0.01875 0.0234375
0 1.0921875 0.27578125 0.015625 0.0234375
0 1.1625 0.27109375 0.01875 0.0265625
0 1.22734375 0.27109375 0.0203125 0.0265625
0 1.28828125 0.26640625 0.0171875 0.0234375
0 1.28984375 0.32265625 0.0171875 0.0265625
0 1.2234375 0.3234375 0.01875 0.025
0 1.15625 0.32578125 0.01875 0.0265625
0 1.09375 0.325 0.01875 0.025
0 1.02421875 0.325 0.0203125 0.025
0 1.4140625 0.1 0.01875 0.021875
0 1.415625 0.1609375 0.01875 0.021875
0 1.42265625 0.2125 0.0203125 0.025
0 1.353125 0.22109375 0.01875 0.0234375
0 1.3515625 0.26640625 0.01875 0.0234375
0 1.43046875 0.2671875 0.0171875 0.025
0 1.35390625 0.32421875 0.0203125 0.0234375
0 1.4265625 0.31875 0.01875 0.025
0 1.528125 0.41875 0.021875 0.028125
0 1.50390625 0.39609375 0.0203125 0.0265625
0 1.48203125 0.4296875 0.0203125 0.025
0 1.4234375 0.375 0.01875 0.025
0 1.4328125 0.4359375 0.01875 0.025
0 1.39375 0.4484375 0.01875 0.028125
0 1.3609375 0.43203125 0.01875 0.0265625
0 1.37109375 0.49140625 0.0203125 0.0234375
0 1.3265625 0.453125 0.021875 0.028125
0 1.28984375 0.49765625 0.0234375 0.0265625
0 1.28828125 0.4375 0.0203125 0.025
0 1.35625 0.375 0.01875 0.025
0 1.29140625 0.37578125 0.0203125 0.0265625
0 1.41484375 0.56796875 0.0203125 0.0234375
0 1.27890625 0.56953125 0.0203125 0.0234375
0 1.25 0.5296875 0.021875 0.025
0 1.19296875 0.4875 0.0203125 0.025
0 1.1296875 0.5609375 0.021875 0.028125
0 1.1125 0.4921875 0.021875 0.028125
0 1.21796875 0.4359375 0.0203125 0.028125
0 1.221875 0.37578125 0.021875 0.0296875
0 1.14921875 0.44296875 0.0203125 0.0265625
0 1.0859375 0.4390625 0.01875 0.025
0 1.15546875 0.38125 0.0203125 0.025
0 1.0859375 0.38046875 0.021875 0.0234375
0 0.09609375 0.4203125 0.0203125 0.025
0 0.12265625 0.43515625 0.0171875 0.0234375
0 0.159375 0.43671875 0.015625 0.0203125
0 0.18046875 0.44765625 0.0203125 0.0234375
0 0.2234375 0.440625 0.01875 0.021875
0 0.18125 0.38046875 0.01875 0.0234375
0 0.23671875 0.3859375 0.0171875 0.021875
0 0.29140625 0.3796875 0.0171875 0.021875
0 0.346875 0.38125 0.015625 0.021875
0 0.41015625 0.38359375 0.0171875 0.0234375
0 0.4 0.4359375 0.015625 0.021875
0 0.33046875 0.43671875 0.0171875 0.0234375
0 0.27421875 0.43828125 0.0171875 0.0234375
0 0.3671875 0.49140625 0.01875 0.0234375
0 0.28046875 0.4921875 0.0203125 0.021875
0 0.29765625 0.53671875 0.0203125 0.0265625
0 0.2328125 0.515625 0.021875 0.025
0 0.2046875 0.48828125 0.01875 0.0234375
0 0.13125 0.48046875 0.021875 0.0265625
0 0.1625 0.55 0.021875 0.025
0 0.07890625 0.54296875 0.0234375 0.0265625
0 0.41328125 0.4859375 0.0203125 0.021875
0 0.45546875 0.51640625 0.0203125 0.0203125
0 0.50234375 0.5625 0.0203125 0.025
0 0.60078125 0.528125 0.0234375 0.025
0 0.546875 0.49609375 0.01875 0.0265625
0 0.5234375 0.4921875 0.021875 0.025
0 0.71171875 0.525 0.0171875 0.025
0 0.6578125 0.49453125 0.01875 0.0234375
0 0.70703125 0.44375 0.0171875 0.025
0 0.64375 0.4390625 0.015625 0.021875
0 0.5828125 0.4328125 0.01875 0.021875
0 0.52109375 0.440625 0.0171875 0.021875
0 0.45703125 0.440625 0.0171875 0.025
0 1.0 0.52109375 0.01875 0.0234375
0 1.05546875 0.4953125 0.0203125 0.021875
0 0.92734375 0.5671875 0.0203125 0.021875
0 0.90234375 0.50078125 0.0203125 0.0234375
0 0.9453125 0.49609375 0.01875 0.0234375
0 1.0203125 0.44140625 0.01875 0.0234375
0 0.95390625 0.4359375 0.0171875 0.021875
0 0.8890625 0.44140625 0.015625 0.0234375
0 0.83203125 0.44609375 0.0140625 0.0234375
0 0.77109375 0.446875 0.0171875 0.01875
0 0.8265625 0.53125 0.01875 0.025
0 0.8 0.50859375 0.01875 0.0234375
0 0.75625 0.53046875 0.01875 0.0234375
0 0.7421875 0.4921875 0.01875 0.025
0 0.20625 0.32734375 0.015625 0.0203125
0 0.259375 0.328125 0.01875 0.021875
0 0.3125 0.328125 0.015625 0.021875
0 0.3671875 0.33203125 0.015625 0.0203125
0 0.42265625 0.3296875 0.0171875 0.021875
0 0.4671875 0.378125 0.015625 0.021875
0 0.528125 0.38203125 0.015625 0.0203125
0 0.58984375 0.38125 0.0140625 0.021875
0 0.5984375 0.3296875 0.015625 0.025
0 0.53984375 0.328125 0.0171875 0.021875
0 0.478125 0.32890625 0.015625 0.0234375
0 1.0171875 0.38125 0.01875 0.021875
0 0.95703125 0.37421875 0.0171875 0.0234375
0 0.959375 0.325 0.01875 0.025
0 0.9 0.3265625 0.01875 0.021875
0 0.89453125 0.378125 0.0171875 0.025
0 0.83046875 0.38359375 0.0171875 0.0234375
0 0.83984375 0.32578125 0.0171875 0.0234375
0 0.778125 0.33046875 0.01875 0.0265625
0 0.77109375 0.3796875 0.0171875 0.025
0 0.71328125 0.3765625 0.0171875 0.021875
0 0.72109375 0.32578125 0.0171875 0.0234375
0 0.6625 0.3296875 0.01875 0.028125
0 0.6546875 0.38125 0.01875 0.025
