0 0.39765625 0.51484375 0.0234375 0.0296875
0 0.78984375 0.55546875 0.0265625 0.0359375
0 0.68515625 0.4890625 0.0203125 0.028125
0 0.365625 0.50703125 0.025 0.0296875
0 0.33046875 0.49453125 0.0234375 0.0265625
0 0.29453125 0.4875 0.0234375 0.025
0 0.259375 0.47109375 0.021875 0.0265625
0 0.50859375 0.50390625 0.0203125 0.0296875
0 0.46171875 0.49296875 0.0203125 0.0296875
0 0.415625 0.48515625 0.01875 0.0265625
0 0.37734375 0.47734375 0.0203125 0.0265625
0 0.3421875 0.465625 0.01875 0.025
0 0.309375 0.45703125 0.01875 0.0234375
0 0.28046875 0.44765625 0.0171875 0.0234375
0 0.59765625 0.4921875 0.0234375 0.03125
0 0.55078125 0.490625 0.0234375 0.028125
0 0.51484375 0.47265625 0.0203125 0.0265625
0 0.4734375 0.46875 0.01875 0.025
0 0.428125 0.4609375 0.01875 0.025
0 0.3953125 0.4484375 0.01875 0.025
0 0.3609375 0.44140625 0.01875 0.0265625
0 0.32421875 0.43046875 0.0140625 0.0234375
0 0.28671875 0.425 0.0171875 0.01875
0 0.30078125 0.39765625 0.0171875 0.0203125
0 0.3328125 0.40625 0.015625 0.01875
0 0.3421875 0.38203125 0.015625 0.0171875
0 0.2203125 0.46328125 0.01875 0.0234375
0 0.18828125 0.453125 0.0171875 0.021875
0 0.16171875 0.44296875 0.0171875 0.0234375
0 0.1296875 0.4375 0.015625 0.021875
0 0.09921875 0.4265625 0.0171875 0.021875
0 0.07734375 0.41875 0.0171875 0.021875
0 0.12578125 0.40390625 0.0171875 0.0203125
0 0.14765625 0.41171875 0.0171875 0.0234375
0 0.17734375 0.42109375 0.0171875 0.0203125
0 0.18984375 0.3953125 0.0171875 0.021875
0 0.221875 0.4046875 0.01875 0.021875
0 0.20390625 0.43125 0.0171875 0.021875
0 0.03984375 0.4078125 0.0171875 0.021875
0 0.26875 0.3890625 0.015625 0.01875
0 0.2484375 0.415625 0.015625 0.021875
0 0.2390625 0.44140625 0.01875 0.0203125
0 0.36640625 0.41796875 0.0171875 0.0203125
0 0.3765625 0.39453125 0.015625 0.0203125
0 0.4203125 0.378125 0.015625 0.01875
0 0.409375 0.4 0.0125 0.01875
0 0.453125 0.38828125 0.015625 0.0203125
0 0.43828125 0.4078125 0.0171875 0.01875
0 0.49609375 0.375 0.0140625 0.021875
0 0.48671875 0.3984375 0.0171875 0.021875
0 0.47578125 0.41875 0.0171875 0.021875
0 0.4015625 0.4265625 0.015625 0.021875
0 0.4375 0.43671875 0.015625 0.0203125
0 0.47265625 0.44453125 0.0171875 0.0203125
0 0.50703125 0.453125 0.0171875 0.01875
0 0.546875 0.46328125 0.015625 0.0203125
0 0.52265625 0.428125 0.0140625 0.021875
0 0.55859375 0.4359375 0.0171875 0.01875
0 0.59609375 0.44296875 0.0140625 0.0203125
0 0.51875 0.403125 0.015625 0.01875
0 0.5671875 0.4109375 0.015625 0.01875
0 0.6 0.4171875 0.015625 0.01875
0 0.53046875 0.3828125 0.0140625 0.021875
0 0.55859375 0.38984375 0.0140625 0.0171875
0 0.56796875 0.3703125 0.0140625 0.01875
0 0.6375 0.4796875 0.01875 0.025
0 0.63828125 0.45390625 0.0140625 0.0171875
0 0.68515625 0.46171875 0.0203125 0.0203125
0 0.64375 0.4296875 0.01875 0.01875
0 0.6328125 0.4078125 0.015625 0.01875
0 0.59921875 0.39609375 0.0140625 0.0171875
0 0.6046875 0.37578125 0.015625 0.0171875
0 0.63828125 0.365625 0.0140625 0.015625
0 0.6421875 0.3859375 0.015625 0.015625
0 0.6703125 0.3703125 0.015625 0.015625
0 0.67890625 0.39453125 0.0140625 0.0171875
0 0.6765625 0.4109375 0.01875 0.01875
0 0.6796875 0.4359375 0.01875 0.01875
0 0.7875 0.47734375 0.01875 0.0265625
0 0.7359375 0.46640625 0.01875 0.0265625
0 0.71875 0.44375 0.01875 0.01875
0 0.7171875 0.41953125 0.015625 0.0171875
0 0.7140625 0.4046875 0.015625 0.015625
0 0.71015625 0.38203125 0.0140625 0.0171875
0 0.71015625 0.36015625 0.0171875 0.0171875
0 0.77421875 0.44921875 0.0203125 0.0234375
0 0.7578125 0.4328125 0.01875 0.01875
0 0.75625 0.40859375 0.01875 0.0203125
0 0.74609375 0.39296875 0.0171875 0.0171875
0 0.75 0.36875 0.015625 0.015625
0 0.87578125 0.46953125 0.0234375 0.0265625
0 0.82109375 0.459375 0.0203125 0.021875
0 0.80078125 0.4359375 0.0203125 0.021875
0 0.7953125 0.41953125 0.015625 0.0203125
0 0.78828125 0.396875 0.0171875 0.01875
0 0.784375 0.3765625 0.015625 0.01875
0 0.77265625 0.35390625 0.0171875 0.0203125
0 0.95859375 0.46484375 0.0203125 0.0265625
0 0.91015625 0.45 0.0203125 0.025
0 0.846875 0.44296875 0.021875 0.0265625
0 0.8359375 0.42265625 0.01875 0.0203125
0 0.8265625 0.4078125 0.01875 0.01875
0 0.81953125 0.384375 0.0171875 0.01875
0 0.81171875 0.3671875 0.0140625 0.015625
0 1.0515625 0.45625 0.021875 0.028125
0 0.99140625 0.4453125 0.0203125 0.025
0 0.96328125 0.425 0.0171875 0.021875
0 0.9390625 0.44140625 0.01875 0.0234375
0 0.91484375 0.41796875 0.0171875 0.0234375
0 0.88828125 0.43046875 0.0203125 0.0234375
0 0.87265625 0.41171875 0.0171875 0.0203125
0 0.8640625 0.39140625 0.015625 0.0171875
0 0.85078125 0.375 0.0140625 0.01875
0 0.84296875 0.3546875 0.0140625 0.015625
0 1.1328125 0.45390625 0.01875 0.0234375
0 1.07734375 0.4421875 0.0171875 0.021875
0 1.01640625 0.434375 0.0171875 0.025
0 0.99765625 0.4140625 0.0171875 0.021875
0 0.9546875 0.4078125 0.01875 0.01875
0 0.934375 0.3875 0.015625 0.01875
0 0.89375 0.3796875 0.015625 0.01875
0 0.8890625 0.36015625 0.0125 0.0140625
0 1.103125 0.42734375 0.015625 0.0203125
0 1.05234375 0.41875 0.0171875 0.01875
0 1.025 0.40078125 0.015625 0.0203125
0 0.98203125 0.39296875 0.0171875 0.0203125
0 1.1609375 0.43515625 0.01875 0.0234375
0 1.121875 0.41328125 0.01875 0.0203125
0 1.0703125 0.40859375 0.015625 0.0171875
0 1.15 0.39921875 0.015625 0.0203125
0 1.1046875 0.39296875 0.015625 0.0203125
0 1.05078125 0.38671875 0.0171875 0.0203125
0 1.0125 0.3796875 0.015625 0.01875
0 0.96953125 0.37265625 0.0140625 0.0171875
0 0.93046875 0.36875 0.0140625 0.0125
0 1.38203125 0.56015625 0.0234375 0.0296875
0 1.521875 0.490625 0.021875 0.028125
0 1.22265625 0.44453125 0.0203125 0.0234375
0 1.18671875 0.425 0.0203125 0.025
0 1.20625 0.40546875 0.01875 0.0234375
0 1.2515625 0.43046875 0.01875 0.0234375
0 1.265625 0.41796875 0.015625 0.0234375
0 1.315625 0.434375 0.01875 0.025
0 1.33125 0.42265625 0.01875 0.0265625
0 1.4 0.42890625 0.01875 0.0234375
0 1.5515625 0.3546875 0.015625 0.015625
0 0.9453125 0.31484375 0.009375 0.0109375
0 0.92421875 0.3140625 0.0109375 0.0125
0 0.89921875 0.3046875 0.0109375 0.015625
0 0.33359375 0.234375 0.0078125 0.009375
0 0.3171875 0.234375 0.00625 0.009375
0 0.3046875 0.23125 0.009375 0.009375
0 1.51015625 0.29375 0.0078125 0.0125
0 1.4875 0.3046875 0.009375 0.0125
0 1.45390625 0.3015625 0.0078125 0.0125
0 1.41640625 0.30390625 0.0078125 0.0109375
0 1.39140625 0.29140625 0.0109375 0.0109375
0 1.3734375 0.31484375 0.009375 0.0078125
0 1.3546875 0.28515625 0.009375 0.0109375
0 1.37265625 0.28828125 0.0078125 0.0109375
0 1.40078125 0.2828125 0.0078125 0.0125
0 1.42421875 0.28125 0.0046875 0.009375
0 1.4609375 0.284375 0.009375 0.009375
0 1.45390625 0.27734375 0.0078125 0.0109375
0 1.50625 0.2671875 0.009375 0.009375
0 1.48984375 0.26171875 0.0078125 0.0078125
0 1.384375 0.26484375 0.009375 0.0109375
0 1.42109375 0.26875 0.0078125 0.0125
0 1.40234375 0.25390625 0.0078125 0.0109375
0 1.45234375 0.259375 0.0078125 0.009375
0 1.43984375 0.2703125 0.0078125 0.0125
0 1.4953125 0.28515625 0.0125 0.0109375
0 1.46875 0.2625 0.00625 0.009375
0 1.34140625 0.27578125 0.0078125 0.0109375
0 1.15703125 0.2703125 0.0109375 0.0125
0 1.19296875 0.28671875 0.0078125 0.0078125
0 1.246875 0.271875 0.00625 0.009375
0 1.2390625 0.26796875 0.00625 0.0078125
0 1.2234375 0.271875 0.009375 0.009375
0 1.21328125 0.2578125 0.0078125 0.009375
0 1.1828125 0.2671875 0.009375 0.009375
0 1.19375 0.259375 0.00625 0.009375
0 1.26875 0.25703125 0.00625 0.0109375
0 1.2609375 0.25625 0.009375 0.009375
0 1.18046875 0.25078125 0.0046875 0.0109375
0 1.1359375 0.2609375 0.009375 0.009375
0 1.146875 0.25859375 0.00625 0.0078125
0 1.11328125 0.26796875 0.0078125 0.0078125
0 1.10546875 0.26875 0.0078125 0.009375
0 1.0890625 0.25859375 0.009375 0.0078125
0 1.0390625 0.2625 0.00625 0.009375
0 1.06640625 0.26484375 0.0078125 0.0078125
0 1.35390625 0.24765625 0.0078125 0.0109375
0 1.45703125 0.203125 0.0078125 0.009375
0 1.28046875 0.24140625 0.0078125 0.0078125
0 1.28984375 0.25703125 0.0046875 0.0078125
0 1.29140625 0.2703125 0.0078125 0.0125
0 1.3921875 0.23828125 0.00625 0.0078125
0 1.41171875 0.24140625 0.0078125 0.0078125
0 1.37734375 0.23828125 0.0078125 0.0078125
0 1.30546875 0.2546875 0.0078125 0.009375
0 1.36015625 0.26953125 0.0078125 0.0078125
0 1.303125 0.2796875 0.009375 0.009375
0 1.49921875 0.21640625 0.0078125 0.0078125
0 1.53046875 0.22890625 0.0078125 0.0109375
0 1.5171875 0.28046875 0.009375 0.0140625
0 1.54453125 0.2453125 0.0078125 0.009375
0 1.53359375 0.2453125 0.0078125 0.009375
0 1.57265625 0.28359375 0.0109375 0.0109375
0 1.56640625 0.3078125 0.0078125 0.0125
0 1.54609375 0.30546875 0.0078125 0.0109375
0 1.53671875 0.29453125 0.0078125 0.0109375
0 1.55625 0.228125 0.00625 0.0125
0 1.48984375 0.21484375 0.0046875 0.0078125
0 1.48203125 0.215625 0.0078125 0.00625
0 1.36328125 0.234375 0.0078125 0.00625
0 1.4375 0.2375 0.00625 0.009375
0 1.5234375 0.29375 0.009375 0.009375
0 1.22578125 0.2515625 0.0078125 0.009375
0 1.12109375 0.25390625 0.0078125 0.0078125
0 1.02265625 0.26484375 0.0046875 0.0078125
0 1.471875 0.2171875 0.00625 0.00625
0 1.43515625 0.2546875 0.0046875 0.009375
0 1.2984375 0.25625 0.009375 0.0125
0 1.3359375 0.24765625 0.009375 0.0109375
0 1.59140625 0.21640625 0.0078125 0.0078125
0 1.5953125 0.29765625 0.009375 0.0140625
0 1.39296875 0.2796875 0.0078125 0.009375
0 1.25078125 0.24609375 0.0078125 0.0109375
0 1.146875 0.278125 0.00625 0.009375
0 0.01796875 0.23984375 0.0109375 0.0109375
0 0.0453125 0.278125 0.009375 0.009375
0 0.1078125 0.25859375 0.009375 0.0109375
0 0.215625 0.0828125 0.00625 0.009375
