0 1.3484375 0.28203125 0.040625 0.0515625
0 1.49921875 0.23515625 0.0453125 0.0609375
0 1.38515625 0.665625 0.0546875 0.059375
0 1.234375 0.6625 0.05 0.05625
0 1.03984375 0.65703125 0.0453125 0.0640625
0 0.79609375 0.74296875 0.0484375 0.0546875
0 0.75625 0.60859375 0.05 0.0515625
0 0.92578125 0.62421875 0.0515625 0.0453125
0 0.63828125 0.596875 0.0390625 0.059375
0 0.45 0.61328125 0.046875 0.0640625
0 0.296875 0.60859375 0.053125 0.0609375
0 0.26953125 0.2640625 0.0484375 0.053125
0 0.4203125 0.265625 0.0375 0.0625
0 0.65859375 0.35546875 0.0328125 0.0421875
0 0.75546875 0.43359375 0.0453125 0.0484375
0 1.0125 0.4625 0.04375 0.04375
0 1.15703125 0.39453125 0.0421875 0.0421875
0 0.95078125 0.271875 0.0359375 0.04375
0 1.0421875 0.30234375 0.040625 0.0453125
0 0.8515625 0.284375 0.0375 0.040625
