0 0.878125 0.4078125 0.046875 0.053125
0 0.96640625 0.45234375 0.0328125 0.0359375
0 1.05859375 0.4875 0.0390625 0.040625
0 1.20078125 0.453125 0.0390625 0.0375
0 1.31875 0.50625 0.0375 0.034375
0 1.315625 0.4265625 0.03125 0.0375
0 1.41953125 0.4515625 0.0265625 0.034375
0 1.47890625 0.4203125 0.0234375 0.040625
0 1.44140625 0.428125 0.0265625 0.028125
0 0.6375 0.5140625 0.0375 0.040625
0 0.4375 0.48828125 0.05 0.0484375
0 0.375 0.4875 0.0625 0.06875
0 0.09609375 0.53828125 0.0578125 0.0609375
0 0.8328125 0.46953125 0.03125 0.0296875
0 0.6796875 0.47421875 0.05 0.0609375
