0 0.8078125 0.45625 0.015625 0.021875
0 1.3 0.55 0.028125 0.03125
0 1.43203125 0.66015625 0.0265625 0.0328125
0 1.36953125 0.79921875 0.0359375 0.0421875
0 1.48359375 0.45625 0.0234375 0.034375
0 0.97890625 0.590625 0.0171875 0.03125
0 1.240625 0.525 0.01875 0.025
0 1.17890625 0.45859375 0.0203125 0.0265625
0 1.2609375 0.47578125 0.015625 0.0296875
0 1.0984375 0.26328125 0.021875 0.0234375
0 1.27421875 0.19765625 0.0203125 0.0234375
0 1.33984375 0.27265625 0.0203125 0.0203125
0 1.58828125 0.29140625 0.0203125 0.0234375
0 0.9796875 0.39296875 0.021875 0.0265625
0 0.8109375 0.2390625 0.021875 0.025
0 0.9296875 0.2421875 0.021875 0.03125
0 0.62265625 0.42890625 0.0203125 0.0296875
0 0.66171875 0.59765625 0.0234375 0.0265625
0 0.75625 0.5546875 0.015625 0.025
0 0.80703125 0.63515625 0.0140625 0.0296875
0 0.91484375 0.76796875 0.0328125 0.0390625
0 0.8375 0.3890625 0.015625 0.028125
0 0.51484375 0.5 0.0296875 0.028125
0 0.340625 0.56640625 0.034375 0.0359375
0 0.38828125 0.8015625 0.0359375 0.046875
0 0.4578125 0.89765625 0.040625 0.0484375
0 0.290625 0.45078125 0.028125 0.0328125
0 0.18125 0.503125 0.03125 0.028125
0 0.2171875 0.42421875 0.021875 0.0296875
0 0.08125 0.4828125 0.025 0.028125
0 0.0625 0.3046875 0.021875 0.028125
0 0.14453125 0.2171875 0.0203125 0.03125
0 0.31171875 0.259375 0.0234375 0.021875
0 0.09765625 0.3921875 0.0234375 0.025
0 0.7734375 0.53203125 0.01875 0.0171875
0 0.49921875 0.44453125 0.0203125 0.0296875
0 0.15234375 0.303125 0.0171875 0.021875
