0 0.11015625 0.3296875 0.0578125 0.05625
0 0.04375 0.25 0.01875 0.01875
0 0.21953125 0.315625 0.0421875 0.053125
0 0.28125 0.24921875 0.01875 0.0171875
0 0.371875 0.32421875 0.034375 0.0359375
0 0.4125 0.34765625 0.034375 0.0453125
0 0.51953125 0.34921875 0.0546875 0.0671875
0 0.64609375 0.32421875 0.0296875 0.0453125
0 0.7140625 0.3140625 0.034375 0.046875
0 0.59921875 0.24140625 0.0109375 0.0171875
0 0.84609375 0.36875 0.0328125 0.0375
0 0.76875 0.4140625 0.0375 0.046875
0 1.1109375 0.35703125 0.03125 0.0421875
0 1.22265625 0.42421875 0.0765625 0.0953125
0 1.45703125 0.4453125 0.0765625 0.084375
0 1.559375 0.32265625 0.025 0.0328125
0 1.01796875 0.37734375 0.0390625 0.0578125
0 0.69296875 0.25546875 0.0140625 0.0171875
0 1.50390625 0.365625 0.0328125 0.05625
