0 0.05546875 0.6984375 0.0265625 0.03125
0 0.16484375 0.70390625 0.0390625 0.0421875
0 0.2484375 0.6859375 0.028125 0.028125
0 0.41328125 0.64296875 0.0359375 0.0515625
0 0.48359375 0.6234375 0.0296875 0.04375
0 0.56484375 0.47109375 0.0828125 0.1203125
0 0.73125 0.50703125 0.065625 0.1109375
0 0.85390625 0.42421875 0.1046875 0.1390625
0 1.18515625 0.52578125 0.0515625 0.0921875
0 1.29765625 0.58671875 0.0265625 0.0359375
0 1.41328125 0.5390625 0.0390625 0.053125
0 1.50546875 0.57109375 0.0328125 0.0421875
