0 0.9359375 0.29140625 0.075 0.0890625
0 0.5921875 0.28828125 0.075 0.0953125
0 0.20390625 0.30546875 0.0703125 0.0890625
0 0.79453125 0.32734375 0.0453125 0.0546875
0 1.4046875 0.2578125 0.08125 0.084375
0 1.09921875 0.31484375 0.0515625 0.0578125
0 0.5046875 0.315625 0.046875 0.053125
0 0.43359375 0.28515625 0.0296875 0.0453125
0 0.0421875 0.28359375 0.028125 0.0359375
0 0.27734375 0.29921875 0.0203125 0.0328125
0 0.30859375 0.30625 0.0203125 0.03125
0 1.01953125 0.3015625 0.0265625 0.03125
0 1.55390625 0.2859375 0.0296875 0.034375
0 1.3078125 0.26796875 0.025 0.0328125
0 0.10546875 0.32109375 0.0171875 0.0234375
0 0.73203125 0.29140625 0.0203125 0.0234375
0 0.8421875 0.30078125 0.034375 0.0328125
0 1.134375 0.28828125 0.025 0.0234375
