0 0.40390625 0.55703125 0.0265625 0.0296875
0 0.66484375 0.56484375 0.0234375 0.0203125
0 1.19453125 0.54453125 0.0390625 0.0484375
0 1.375 0.6015625 0.034375 0.0375
0 1.52578125 0.54140625 0.0296875 0.0359375
0 1.5625 0.53515625 0.021875 0.0265625
0 0.83515625 0.54921875 0.0484375 0.0546875
0 1.009375 0.5953125 0.025 0.028125
0 0.96640625 0.56171875 0.0234375 0.0234375
0 0.665625 0.5640625 0.01875 0.01875
0 0.70859375 0.578125 0.0140625 0.01875
0 0.7734375 0.5578125 0.025 0.028125
0 0.50625 0.54609375 0.040625 0.0359375
0 0.54765625 0.5703125 0.0234375 0.028125
0 0.165625 0.56796875 0.028125 0.0234375
0 0.04296875 0.57578125 0.0640625 0.0671875
0 0.13671875 0.5578125 0.0234375 0.021875
0 0.30703125 0.57265625 0.0296875 0.0234375
0 1.29453125 0.56015625 0.0265625 0.0390625
0 0.64375 0.5375 0.0125 0.0125
