0 0.4890625 0.76640625 0.03125 0.0421875
0 0.51953125 0.675 0.0296875 0.040625
0 0.44609375 0.671875 0.0296875 0.04375
0 0.38125 0.67109375 0.034375 0.0453125
0 0.29765625 0.66484375 0.0296875 0.0421875
0 0.22421875 0.6671875 0.0296875 0.040625
0 0.51328125 0.58984375 0.0265625 0.0390625
0 0.4234375 0.59453125 0.028125 0.0390625
0 0.3359375 0.59296875 0.028125 0.0390625
0 0.2640625 0.61015625 0.028125 0.0359375
0 0.22265625 0.590625 0.0296875 0.0375
0 0.165625 0.57890625 0.028125 0.0359375
0 0.11015625 0.53984375 0.0359375 0.0453125
0 0.071875 0.57734375 0.028125 0.0359375
0 0.2484375 0.4953125 0.028125 0.0375
0 0.33515625 0.4984375 0.0296875 0.0375
0 0.428125 0.50078125 0.028125 0.0390625
0 0.5234375 0.50234375 0.028125 0.0390625
0 0.30703125 0.115625 0.0296875 0.0375
0 0.39453125 0.1265625 0.0234375 0.03125
0 0.47421875 0.12734375 0.0265625 0.0328125
0 0.54453125 0.128125 0.0234375 0.03125
0 0.625 0.13828125 0.028125 0.0328125
0 0.7140625 0.1359375 0.028125 0.034375
0 0.7078125 0.20546875 0.025 0.0328125
0 0.62421875 0.20546875 0.0296875 0.0390625
0 0.70703125 0.27578125 0.0265625 0.0328125
0 0.6234375 0.27734375 0.025 0.0328125
0 0.54609375 0.2015625 0.0265625 0.034375
0 0.4625 0.20625 0.025 0.034375
0 0.38046875 0.20234375 0.0265625 0.0328125
0 0.29296875 0.19375 0.0265625 0.034375
0 0.54140625 0.2765625 0.0265625 0.0375
0 0.45078125 0.2765625 0.0296875 0.0375
0 0.3640625 0.2734375 0.028125 0.0375
0 0.278125 0.275 0.025 0.03125
0 0.7015625 0.35078125 0.028125 0.0359375
0 0.61328125 0.34296875 0.0265625 0.0328125
0 0.5296875 0.34765625 0.028125 0.0390625
0 0.43671875 0.340625 0.0265625 0.034375
0 0.35078125 0.346875 0.0265625 0.0375
0 0.2609375 0.34375 0.03125 0.0375
0 0.25390625 0.4203125 0.0234375 0.034375
0 0.340625 0.425 0.03125 0.0375
0 0.43984375 0.42421875 0.0265625 0.0359375
0 0.52734375 0.428125 0.0265625 0.034375
0 0.61953125 0.428125 0.0296875 0.034375
0 0.70078125 0.41796875 0.0296875 0.0359375
0 0.79296875 0.13359375 0.0265625 0.0296875
0 0.8703125 0.13046875 0.028125 0.0296875
0 0.95 0.13046875 0.028125 0.0328125
0 1.03359375 0.12734375 0.0265625 0.0328125
0 1.11015625 0.13046875 0.0234375 0.0296875
0 1.1203125 0.196875 0.025 0.03125
0 1.03671875 0.20390625 0.0296875 0.0359375
0 0.95625 0.20234375 0.025 0.0296875
0 0.87265625 0.20234375 0.0296875 0.0328125
0 0.7890625 0.20859375 0.025 0.0328125
0 0.790625 0.2765625 0.025 0.028125
0 0.86796875 0.27578125 0.0265625 0.0328125
0 0.95 0.27578125 0.03125 0.0359375
0 1.03984375 0.27109375 0.0265625 0.0359375
0 1.12109375 0.27265625 0.0265625 0.0328125
0 1.11796875 0.34609375 0.0265625 0.0390625
0 1.0328125 0.34375 0.028125 0.0375
0 0.9484375 0.34609375 0.025 0.0359375
0 0.86953125 0.35234375 0.0265625 0.0359375
0 0.790625 0.346875 0.028125 0.034375
0 1.2765625 0.12734375 0.03125 0.0359375
0 1.18828125 0.12421875 0.0296875 0.0328125
0 1.20546875 0.1921875 0.0265625 0.034375
0 1.28671875 0.19921875 0.0265625 0.0359375
0 1.29453125 0.265625 0.0265625 0.03125
0 1.20703125 0.271875 0.0265625 0.034375
0 1.3015625 0.340625 0.028125 0.034375
0 1.2109375 0.34296875 0.028125 0.0359375
0 1.31171875 0.421875 0.0265625 0.034375
0 1.2203125 0.428125 0.028125 0.0375
0 1.446875 0.52734375 0.03125 0.0390625
0 1.415625 0.56953125 0.028125 0.0390625
0 1.34140625 0.5921875 0.0296875 0.0375
0 1.33125 0.67109375 0.03125 0.0421875
0 1.29921875 0.615625 0.0296875 0.040625
0 1.24296875 0.5875 0.0265625 0.0375
0 1.24921875 0.671875 0.0328125 0.040625
0 1.3203125 0.49921875 0.028125 0.0390625
0 1.22734375 0.503125 0.0265625 0.0375
0 1.153125 0.5921875 0.028125 0.0375
0 1.175 0.66953125 0.03125 0.0421875
0 1.096875 0.67578125 0.03125 0.0390625
0 1.06171875 0.5953125 0.0296875 0.0375
0 1.14375 0.49609375 0.028125 0.0359375
0 1.13671875 0.4203125 0.0265625 0.040625
0 1.0453125 0.41875 0.028125 0.0375
0 1.05625 0.5015625 0.028125 0.0375
0 0.96640625 0.5015625 0.0265625 0.0375
0 0.96953125 0.60234375 0.0234375 0.0359375
0 0.9546875 0.425 0.028125 0.040625
0 1.02265625 0.6828125 0.0296875 0.04375
0 0.94375 0.68515625 0.03125 0.0453125
0 1.50625 0.5390625 0.03125 0.04375
0 0.86796875 0.4296875 0.0265625 0.0375
0 0.784375 0.42265625 0.025 0.0328125
0 0.86953125 0.50546875 0.0265625 0.0359375
0 0.78203125 0.50625 0.0265625 0.0375
0 0.88046875 0.60234375 0.0296875 0.0421875
0 0.8015625 0.60390625 0.028125 0.0390625
0 0.87578125 0.6890625 0.0296875 0.040625
0 0.80859375 0.69609375 0.0296875 0.0421875
0 0.696875 0.503125 0.028125 0.034375
0 0.61015625 0.49609375 0.0265625 0.0328125
0 0.60234375 0.59765625 0.0296875 0.0390625
0 0.73984375 0.61171875 0.0296875 0.0359375
0 0.69609375 0.60390625 0.0296875 0.0421875
0 0.6625 0.6921875 0.03125 0.04375
0 0.73203125 0.69140625 0.0359375 0.0453125
0 0.83359375 0.76953125 0.0328125 0.0453125
0 0.73046875 0.7703125 0.0328125 0.046875
0 0.58515625 0.6859375 0.0296875 0.04375
0 1.096875 0.78125 0.0375 0.046875
