0 1.4546875 0.634375 0.03125 0.04375
0 1.37734375 0.54296875 0.0265625 0.0390625
0 1.46171875 0.4703125 0.0265625 0.034375
0 1.44921875 0.40390625 0.0234375 0.0328125
0 1.42734375 0.33046875 0.0234375 0.0359375
0 1.4171875 0.26640625 0.025 0.0296875
0 1.39296875 0.2015625 0.0234375 0.03125
0 1.33359375 0.259375 0.0265625 0.034375
0 1.34296875 0.32578125 0.0234375 0.0296875
0 1.35 0.40078125 0.025 0.0296875
0 1.37109375 0.471875 0.0265625 0.028125
0 1.3453125 0.6265625 0.028125 0.0375
0 1.24453125 0.62265625 0.0296875 0.0359375
0 1.2828125 0.55234375 0.028125 0.0359375
0 1.3015625 0.475 0.025 0.034375
0 1.26328125 0.38671875 0.0296875 0.0359375
0 1.26328125 0.31796875 0.0234375 0.0296875
0 1.25390625 0.20859375 0.0265625 0.0296875
0 1.1953125 0.2546875 0.025 0.03125
0 1.1859375 0.3109375 0.025 0.034375
0 1.1578125 0.3921875 0.025 0.034375
0 1.2015625 0.478125 0.025 0.034375
0 1.19140625 0.5453125 0.0265625 0.034375
0 1.15390625 0.6140625 0.0296875 0.034375
0 1.06484375 0.615625 0.0265625 0.034375
0 0.97265625 0.6125 0.0296875 0.040625
0 1.01640625 0.56796875 0.0265625 0.0328125
0 1.1015625 0.55390625 0.025 0.0390625
0 1.10625 0.4765625 0.028125 0.034375
0 1.009375 0.4703125 0.025 0.034375
0 0.9375 0.39453125 0.025 0.0359375
0 1.046875 0.35859375 0.028125 0.0359375
0 1.08828125 0.29375 0.0234375 0.034375
0 1.01015625 0.27734375 0.0234375 0.0296875
0 0.9390625 0.26796875 0.025 0.0359375
0 1.12578125 0.25625 0.0234375 0.03125
0 1.08046875 0.19453125 0.0234375 0.0265625
0 0.95234375 0.18046875 0.0234375 0.0296875
0 0.8078125 0.4484375 0.028125 0.025
0 0.91015625 0.46640625 0.0265625 0.0359375
0 0.91328125 0.54765625 0.0203125 0.0296875
0 0.88125 0.61484375 0.03125 0.0359375
0 0.79140625 0.63515625 0.0296875 0.0390625
0 0.70625 0.625 0.028125 0.0375
0 0.615625 0.6046875 0.028125 0.04375
0 0.515625 0.60546875 0.03125 0.0390625
0 0.61796875 0.5375 0.0328125 0.03125
0 0.509375 0.534375 0.03125 0.0375
0 0.715625 0.5359375 0.028125 0.040625
0 0.70546875 0.46875 0.0265625 0.034375
0 0.6140625 0.446875 0.025 0.03125
0 0.50390625 0.4453125 0.0296875 0.03125
0 0.52265625 0.36796875 0.0265625 0.0359375
0 0.62421875 0.37578125 0.0265625 0.0296875
0 0.7546875 0.40859375 0.03125 0.0328125
0 0.859375 0.39765625 0.025 0.0328125
0 0.8875 0.3390625 0.025 0.034375
0 0.97421875 0.33984375 0.0234375 0.0328125
0 0.80390625 0.3359375 0.0234375 0.03125
0 0.73125 0.3375 0.025 0.03125
0 0.63125 0.31015625 0.025 0.0234375
0 0.534375 0.3015625 0.03125 0.03125
0 0.53671875 0.23984375 0.0265625 0.0328125
0 0.6359375 0.25078125 0.028125 0.0296875
0 0.7140625 0.26171875 0.021875 0.0328125
0 0.7859375 0.25546875 0.025 0.0328125
0 0.8671875 0.26953125 0.028125 0.0359375
0 0.8328125 0.1796875 0.028125 0.028125
0 0.69921875 0.18359375 0.0203125 0.0234375
0 0.575 0.19296875 0.025 0.0296875
0 0.1859375 0.6109375 0.028125 0.04375
0 0.26796875 0.56875 0.0265625 0.03125
0 0.30859375 0.60625 0.0296875 0.034375
0 0.38984375 0.5625 0.0265625 0.0375
0 0.42421875 0.603125 0.0296875 0.0375
0 0.39921875 0.4625 0.0265625 0.03125
0 0.3109375 0.4796875 0.028125 0.034375
0 0.20625 0.459375 0.025 0.034375
0 0.1125 0.47890625 0.03125 0.0359375
0 0.1375 0.3828125 0.028125 0.034375
0 0.23046875 0.384375 0.0265625 0.03125
0 0.3296875 0.4015625 0.028125 0.034375
0 0.39921875 0.3890625 0.0265625 0.034375
0 0.43359375 0.3078125 0.0296875 0.0375
0 0.34453125 0.328125 0.0265625 0.034375
0 0.25390625 0.31015625 0.0296875 0.0359375
0 0.16015625 0.29921875 0.0265625 0.0359375
0 0.196875 0.2484375 0.03125 0.034375
0 0.20859375 0.18828125 0.0265625 0.0359375
0 0.30234375 0.1796875 0.0234375 0.034375
0 0.28828125 0.24296875 0.0234375 0.0265625
0 0.36640625 0.26484375 0.0234375 0.0328125
0 0.45234375 0.2359375 0.0265625 0.0375
0 0.4734375 0.1890625 0.025 0.025
0 0.8203125 0.5453125 0.025 0.03125
