0 0.215625 0.2625 0.028125 0.034375
0 0.384375 0.265625 0.025 0.034375
0 0.46640625 0.28671875 0.0265625 0.0390625
0 0.52109375 0.34765625 0.0296875 0.0359375
0 0.5234375 0.4390625 0.028125 0.040625
0 0.43828125 0.40546875 0.0265625 0.0390625
0 0.3578125 0.3484375 0.028125 0.0375
0 0.290625 0.30859375 0.025 0.0359375
0 0.32421875 0.44296875 0.0296875 0.0421875
0 0.41171875 0.49765625 0.0390625 0.0484375
0 0.2421875 0.3859375 0.028125 0.040625
0 0.175 0.3546875 0.028125 0.0375
0 0.19375 0.50625 0.03125 0.04375
0 1.36640625 0.2578125 0.0265625 0.034375
0 1.4171875 0.334375 0.03125 0.034375
0 1.353125 0.4046875 0.03125 0.040625
0 1.3015625 0.3171875 0.03125 0.0375
0 1.26015625 0.23125 0.0296875 0.0375
0 1.1953125 0.2640625 0.028125 0.034375
0 1.21875 0.34765625 0.028125 0.0390625
0 1.16328125 0.39453125 0.0296875 0.0421875
0 1.4796875 0.44609375 0.03125 0.0421875
0 1.5328125 0.55859375 0.034375 0.0515625
0 1.39453125 0.5046875 0.0359375 0.046875
0 1.309375 0.53828125 0.034375 0.0484375
0 1.27109375 0.4421875 0.0296875 0.0375
0 1.1109375 0.31015625 0.025 0.0359375
0 1.19921875 0.49453125 0.0296875 0.0421875
0 1.10234375 0.44765625 0.0296875 0.0390625
0 1.140625 0.54921875 0.034375 0.0421875
0 1.0578125 0.3484375 0.03125 0.040625
0 0.9515625 0.3109375 0.025 0.034375
0 0.9875 0.39140625 0.03125 0.0390625
0 1.003125 0.4953125 0.034375 0.046875
0 0.88046875 0.43125 0.0296875 0.040625
0 0.8734375 0.3453125 0.028125 0.040625
0 0.90234375 0.5578125 0.0328125 0.04375
0 0.78984375 0.49453125 0.0328125 0.0453125
0 0.7890625 0.3859375 0.03125 0.0375
0 0.77734375 0.2984375 0.0265625 0.0375
0 0.6921875 0.35 0.025 0.040625
0 0.70078125 0.43125 0.0296875 0.040625
0 0.6125 0.30390625 0.028125 0.0359375
0 0.61328125 0.39609375 0.0296875 0.0390625
0 0.69921875 0.56953125 0.0296875 0.0453125
0 0.6046875 0.52109375 0.03125 0.0421875
0 0.490625 0.57265625 0.03125 0.0453125
0 0.11796875 0.44765625 0.0328125 0.0421875
0 0.27109375 0.56953125 0.0296875 0.0390625
0 0.0765625 0.57109375 0.034375 0.0421875
