0 0.82890625 0.446875 0.0265625 0.03125
0 0.78046875 0.41796875 0.0171875 0.0203125
0 0.74375 0.43046875 0.021875 0.0296875
0 0.15625 0.43671875 0.015625 0.0203125
0 0.0390625 0.4296875 0.01875 0.03125
0 0.09140625 0.5140625 0.0203125 0.025
0 0.09609375 0.4328125 0.0109375 0.015625
0 0.25546875 0.41328125 0.0171875 0.0203125
0 0.2890625 0.43125 0.015625 0.01875
0 0.34453125 0.4140625 0.0140625 0.015625
0 0.36796875 0.42734375 0.0140625 0.0203125
0 0.40625 0.4078125 0.015625 0.021875
0 0.42890625 0.45 0.0265625 0.03125
0 0.4734375 0.4453125 0.01875 0.025
0 0.528125 0.4484375 0.015625 0.021875
0 0.50859375 0.428125 0.0109375 0.015625
0 0.52734375 0.425 0.0140625 0.01875
0 0.5703125 0.44375 0.028125 0.0375
0 0.9421875 0.43203125 0.015625 0.0203125
0 0.99375 0.4203125 0.034375 0.040625
0 1.05546875 0.43828125 0.0265625 0.0328125
0 1.134375 0.446875 0.01875 0.025
0 1.2515625 0.43125 0.028125 0.040625
0 1.41328125 0.434375 0.0265625 0.0375
0 1.44453125 0.4109375 0.0171875 0.021875
0 1.3484375 0.4140625 0.01875 0.025
0 1.40078125 0.42265625 0.0171875 0.0265625
0 1.58828125 0.4390625 0.0234375 0.03125
