0 0.028125 0.42421875 0.028125 0.0359375
0 0.1140625 0.41015625 0.0375 0.0453125
0 0.1078125 0.5171875 0.040625 0.05
0 0.159375 0.51953125 0.034375 0.0453125
0 0.20859375 0.46875 0.0421875 0.053125
0 0.23984375 0.5140625 0.0453125 0.046875
0 0.31953125 0.4796875 0.0390625 0.053125
0 0.38359375 0.503125 0.0453125 0.059375
0 0.15 0.4171875 0.01875 0.028125
0 0.16953125 0.4375 0.0265625 0.034375
0 0.2125 0.42265625 0.03125 0.0359375
0 0.2671875 0.39140625 0.034375 0.0453125
0 0.32109375 0.384375 0.0359375 0.05
0 0.37734375 0.38828125 0.0328125 0.0453125
0 0.0109375 0.58359375 0.01875 0.0453125
0 0.5 0.3921875 0.04375 0.046875
0 0.48671875 0.403125 0.0265625 0.034375
0 0.55625 0.47578125 0.046875 0.0609375
0 0.6046875 0.5390625 0.03125 0.046875
0 0.671875 0.36015625 0.046875 0.0640625
0 0.7578125 0.34375 0.04375 0.05625
0 0.7984375 0.38984375 0.040625 0.0578125
0 0.8171875 0.45234375 0.04375 0.0578125
0 0.83203125 0.37890625 0.0359375 0.0390625
0 1.08984375 0.44296875 0.0578125 0.0734375
0 1.1671875 0.36875 0.059375 0.065625
0 1.1484375 0.596875 0.05625 0.065625
0 1.2109375 0.38203125 0.034375 0.0484375
0 1.2453125 0.34296875 0.04375 0.0546875
0 1.30546875 0.4125 0.0390625 0.04375
0 0.859375 0.45234375 0.040625 0.0671875
0 1.34453125 0.35234375 0.0515625 0.0796875
0 1.45546875 0.28359375 0.0640625 0.0828125
0 1.30859375 0.621875 0.0546875 0.06875
0 1.4390625 0.56875 0.05 0.06875
0 1.52421875 0.60546875 0.0515625 0.0765625
0 1.58046875 0.34765625 0.0390625 0.0796875
0 0.86796875 0.3734375 0.0234375 0.034375
0 0.29296875 0.39296875 0.0265625 0.0390625
0 1.040625 0.49375 0.021875 0.028125
