0 1.11953125 0.8578125 0.0421875 0.053125
0 1.284375 0.7828125 0.040625 0.059375
0 1.43671875 0.6765625 0.0421875 0.053125
0 1.56328125 0.6296875 0.0328125 0.05
0 0.509375 0.76328125 0.0375 0.0390625
0 0.7234375 0.6921875 0.0375 0.05
0 0.88984375 0.6234375 0.0328125 0.04375
0 0.2609375 0.6 0.034375 0.03125
0 0.38671875 0.54140625 0.0328125 0.0359375
0 0.5359375 0.5234375 0.034375 0.0375
0 0.7046875 0.46796875 0.034375 0.0328125
0 1.03046875 0.5765625 0.0328125 0.05
0 1.1796875 0.5390625 0.03125 0.034375
0 1.2890625 0.4859375 0.03125 0.040625
0 1.41640625 0.421875 0.0296875 0.04375
0 1.56796875 0.40078125 0.0234375 0.0296875
0 0.81484375 0.4375 0.0265625 0.03125
0 0.9421875 0.3796875 0.025 0.0375
0 1.08828125 0.3359375 0.0234375 0.03125
0 1.2328125 0.33359375 0.021875 0.0296875
0 1.34921875 0.2859375 0.0234375 0.03125
0 1.43203125 0.284375 0.0203125 0.025
0 1.5078125 0.20078125 0.021875 0.0265625
0 0.0421875 0.67890625 0.034375 0.0421875
0 0.10859375 0.4734375 0.0296875 0.034375
0 0.2640625 0.3921875 0.03125 0.0375
0 0.40390625 0.37578125 0.0265625 0.0359375
0 0.58125 0.35390625 0.021875 0.0265625
0 0.75703125 0.30390625 0.0234375 0.0296875
0 0.9203125 0.28359375 0.01875 0.0234375
0 1.01484375 0.26484375 0.0203125 0.0265625
0 1.0953125 0.2390625 0.01875 0.025
0 0.790625 0.221875 0.01875 0.021875
0 0.6984375 0.2203125 0.021875 0.025
0 0.421875 0.2703125 0.025 0.028125
0 0.4109375 0.21328125 0.021875 0.0265625
0 0.3921875 0.1375 0.025 0.028125
0 0.26171875 0.11328125 0.0203125 0.0265625
0 0.3078125 0.184375 0.01875 0.021875
0 0.29765625 0.23203125 0.0234375 0.0265625
0 0.19921875 0.19921875 0.0203125 0.0296875
0 0.509375 0.196875 0.021875 0.028125
0 0.27109375 0.33984375 0.0234375 0.0328125
0 0.14375 0.36484375 0.025 0.0359375
0 0.13984375 0.27578125 0.0234375 0.0328125
0 0.11171875 0.1765625 0.0171875 0.021875
0 0.07421875 0.21796875 0.0203125 0.0265625
0 0.5796875 0.25 0.021875 0.028125
0 1.453125 0.19765625 0.01875 0.0265625
0 1.35625 0.1859375 0.01875 0.025
0 1.54453125 0.16328125 0.0203125 0.0234375
0 1.48515625 0.153125 0.0203125 0.021875
0 1.4125 0.1546875 0.015625 0.028125
0 1.36796875 0.14765625 0.0203125 0.0265625
0 1.4796875 0.12109375 0.021875 0.0265625
0 1.42109375 0.121875 0.0203125 0.021875
0 1.5234375 0.12734375 0.0125 0.0203125
0 1.53359375 0.08671875 0.0171875 0.0296875
0 1.58828125 0.12265625 0.0171875 0.0265625
0 1.54765625 0.0375 0.0140625 0.01875
0 1.3453125 0.11328125 0.021875 0.0265625
0 1.3046875 0.11640625 0.015625 0.0203125
0 1.3171875 0.08046875 0.0125 0.0171875
0 1.29453125 0.14765625 0.0171875 0.0171875
0 1.25078125 0.1515625 0.0203125 0.01875
0 1.2640625 0.2015625 0.015625 0.021875
0 1.1953125 0.17578125 0.01875 0.0265625
0 1.24921875 0.10625 0.0140625 0.01875
0 1.4046875 0.0828125 0.021875 0.021875
0 1.215625 0.02890625 0.01875 0.0203125
0 1.18359375 0.1046875 0.0171875 0.025
0 1.15234375 0.07109375 0.0171875 0.0171875
0 1.15859375 0.13984375 0.0171875 0.0234375
0 1.00234375 0.121875 0.0171875 0.021875
0 1.0515625 0.13828125 0.015625 0.0203125
0 1.08984375 0.10234375 0.0171875 0.0265625
0 1.096875 0.1390625 0.015625 0.021875
0 1.00234375 0.16484375 0.0203125 0.0265625
0 0.93359375 0.1625 0.0203125 0.028125
0 0.9046875 0.159375 0.01875 0.025
0 0.97109375 0.09375 0.0171875 0.021875
0 0.9328125 0.0703125 0.015625 0.01875
0 0.9546875 0.05546875 0.015625 0.0234375
0 0.88359375 0.08984375 0.0171875 0.0203125
0 0.88046875 0.12421875 0.0171875 0.0234375
0 0.9375 0.13046875 0.01875 0.0234375
0 0.92734375 0.10625 0.0140625 0.01875
0 1.059375 0.040625 0.015625 0.01875
0 1.02265625 0.03828125 0.0140625 0.0171875
0 1.15 0.11015625 0.01875 0.0234375
0 1.13046875 0.00546875 0.0171875 0.0109375
0 0.84921875 0.15234375 0.0171875 0.0203125
0 0.83359375 0.12421875 0.0171875 0.0203125
0 0.83046875 0.09453125 0.0171875 0.0234375
0 0.88359375 0.0265625 0.0140625 0.01875
0 0.8296875 0.02265625 0.0125 0.0203125
0 0.7921875 0.02109375 0.01875 0.0203125
0 0.8078125 0.06484375 0.0125 0.0171875
0 0.7859375 0.08125 0.01875 0.021875
0 0.79609375 0.1484375 0.0203125 0.028125
0 0.7390625 0.15 0.01875 0.025
0 0.70234375 0.14453125 0.0171875 0.0203125
0 0.70234375 0.10546875 0.0171875 0.0234375
0 0.7265625 0.09140625 0.015625 0.0171875
0 0.740625 0.12578125 0.015625 0.0171875
0 0.73984375 0.02421875 0.0171875 0.0171875
0 0.790625 0.13046875 0.015625 0.0171875
0 0.875 0.07890625 0.0125 0.0140625
0 0.64296875 0.13515625 0.0140625 0.0203125
0 0.16953125 0.03046875 0.0171875 0.0203125
0 0.1296875 0.053125 0.01875 0.021875
0 0.09140625 0.0515625 0.0171875 0.021875
0 0.05 0.04609375 0.0125 0.0203125
0 0.07109375 0.01484375 0.0140625 0.0171875
0 0.0796875 0.1015625 0.0125 0.01875
0 0.0515625 0.0984375 0.015625 0.021875
0 0.03203125 0.109375 0.0109375 0.015625
0 0.11328125 0.01484375 0.0109375 0.0140625
0 0.01875 0.0484375 0.009375 0.0125
0 0.55703125 0.14765625 0.0234375 0.0234375
0 1.2578125 0.0140625 0.015625 0.021875
