0 0.06640625 0.37578125 0.0171875 0.0234375
0 0.0953125 0.37890625 0.021875 0.0265625
0 0.1140625 0.36484375 0.015625 0.0171875
0 0.153125 0.3734375 0.021875 0.025
0 0.17265625 0.37890625 0.0109375 0.0140625
0 0.1890625 0.3734375 0.009375 0.0125
0 0.2890625 0.49296875 0.075 0.0953125
0 0.06875 0.47734375 0.025 0.0328125
0 0.17265625 0.5125 0.0265625 0.028125
0 0.12734375 0.57890625 0.0234375 0.0265625
0 0.73984375 0.36640625 0.0171875 0.0234375
0 0.725 0.50234375 0.090625 0.0984375
0 0.81640625 0.36796875 0.0203125 0.0265625
0 0.9140625 0.3640625 0.01875 0.03125
0 1.00234375 0.3265625 0.0265625 0.0375
0 0.8625 0.46171875 0.01875 0.0265625
0 1.01484375 0.51875 0.1140625 0.13125
0 1.2140625 0.55 0.0875 0.096875
0 1.228125 0.34609375 0.040625 0.0515625
0 1.2546875 0.35234375 0.028125 0.0328125
0 1.53984375 0.5484375 0.1203125 0.16875
0 0.503125 0.35703125 0.0125 0.0140625
0 0.553125 0.36015625 0.0125 0.0171875
0 0.6109375 0.34921875 0.0125 0.0171875
0 0.4046875 0.3703125 0.009375 0.0125
0 0.01796875 0.38046875 0.0171875 0.0234375
