0 0.71015625 0.65 0.0203125 0.021875
0 0.53046875 0.6640625 0.0171875 0.021875
0 0.478125 0.6546875 0.021875 0.025
0 0.43046875 0.63671875 0.0203125 0.0234375
0 0.3921875 0.625 0.01875 0.021875
0 0.34453125 0.6125 0.0203125 0.021875
0 0.309375 0.60390625 0.01875 0.0203125
0 0.2703125 0.596875 0.01875 0.021875
0 0.23203125 0.58125 0.0171875 0.021875
0 0.1921875 0.5734375 0.015625 0.01875
0 0.16484375 0.5640625 0.0171875 0.01875
0 0.140625 0.55 0.015625 0.01875
0 0.11484375 0.546875 0.0171875 0.01875
0 0.521875 0.6296875 0.01875 0.021875
0 0.46796875 0.6140625 0.0203125 0.025
0 0.41640625 0.6046875 0.0171875 0.01875
0 0.38203125 0.59921875 0.0171875 0.0203125
0 0.50234375 0.60078125 0.0171875 0.0203125
0 0.5515625 0.60859375 0.015625 0.0171875
0 1.43125 0.69609375 0.025 0.0296875
0 1.453125 0.6375 0.021875 0.025
0 1.346875 0.59296875 0.01875 0.0203125
0 1.43671875 0.5875 0.0171875 0.021875
0 1.27890625 0.60625 0.0171875 0.021875
0 1.20546875 0.609375 0.0203125 0.021875
0 1.13203125 0.61640625 0.0171875 0.0234375
0 1.40546875 0.55703125 0.0109375 0.0140625
0 1.30078125 0.56953125 0.0171875 0.0171875
0 1.24296875 0.55859375 0.0171875 0.0203125
0 1.225 0.5765625 0.0125 0.021875
0 1.15390625 0.5828125 0.0140625 0.01875
0 1.36015625 0.58828125 0.0109375 0.0171875
0 1.1671875 0.565625 0.0125 0.01875
0 1.19375 0.5359375 0.009375 0.00625
0 1.22578125 0.53671875 0.0078125 0.0109375
0 1.1203125 0.54453125 0.015625 0.0203125
0 1.04453125 0.6171875 0.0203125 0.025
0 1.0625 0.603125 0.015625 0.025
0 1.08125 0.58828125 0.01875 0.0203125
0 1.09453125 0.5703125 0.0140625 0.01875
0 0.978125 0.60703125 0.01875 0.0234375
0 0.9984375 0.59609375 0.015625 0.0203125
0 0.8375 0.690625 0.021875 0.028125
0 0.7921875 0.6421875 0.01875 0.025
0 0.81875 0.62578125 0.01875 0.0234375
0 0.84375 0.6078125 0.01875 0.021875
0 0.8796875 0.6296875 0.01875 0.021875
0 0.9015625 0.61875 0.01875 0.021875
0 0.7328125 0.6265625 0.01875 0.021875
0 0.7609375 0.61328125 0.01875 0.0203125
0 0.78671875 0.596875 0.0171875 0.01875
0 0.95703125 0.62734375 0.0203125 0.0234375
0 0.56328125 0.6421875 0.0203125 0.025
0 0.61953125 0.65625 0.0203125 0.025
0 0.65390625 0.63515625 0.0203125 0.0234375
0 0.68125 0.6203125 0.01875 0.021875
0 0.7078125 0.603125 0.015625 0.021875
0 0.6328125 0.60703125 0.01875 0.0203125
0 0.65703125 0.5921875 0.0171875 0.01875
0 0.49140625 0.5765625 0.0140625 0.015625
0 0.4140625 0.5828125 0.015625 0.015625
0 0.4484375 0.56640625 0.0125 0.0140625
0 0.45625 0.59375 0.01875 0.015625
0 1.01484375 0.5765625 0.0140625 0.021875
0 1.03125 0.56171875 0.015625 0.0203125
0 1.04765625 0.54765625 0.0140625 0.0171875
0 1.0703125 0.5359375 0.015625 0.01875
0 1.0203125 0.52734375 0.0125 0.0171875
0 0.99609375 0.5390625 0.0140625 0.01875
0 0.97890625 0.55546875 0.0171875 0.0171875
0 0.97578125 0.51796875 0.0140625 0.0140625
0 0.93671875 0.58359375 0.0140625 0.0171875
0 0.9203125 0.60078125 0.015625 0.0171875
0 0.86015625 0.5875 0.0171875 0.021875
0 0.87890625 0.57421875 0.0171875 0.0203125
0 0.8984375 0.55859375 0.015625 0.0203125
0 0.92578125 0.54375 0.0171875 0.015625
0 0.9484375 0.53125 0.015625 0.015625
0 0.92578125 0.509375 0.0140625 0.01875
0 0.903125 0.52109375 0.0125 0.0140625
0 0.88125 0.534375 0.0125 0.015625
0 0.853125 0.5515625 0.015625 0.01875
0 0.82578125 0.56796875 0.0140625 0.0171875
0 0.80625 0.58203125 0.015625 0.0171875
0 0.88203125 0.50390625 0.0140625 0.0140625
0 0.85546875 0.51875 0.0140625 0.015625
0 0.8359375 0.528125 0.0125 0.0125
0 0.809375 0.54296875 0.015625 0.0140625
0 0.73125 0.58671875 0.015625 0.0171875
0 0.7625 0.56953125 0.015625 0.0171875
0 0.7796875 0.55859375 0.0125 0.0171875
0 0.60078125 0.6234375 0.0203125 0.01875
0 0.57890625 0.596875 0.0171875 0.021875
0 0.61484375 0.58203125 0.0140625 0.0171875
0 0.640625 0.56640625 0.015625 0.0171875
0 0.6875 0.5765625 0.015625 0.01875
0 0.7078125 0.56015625 0.015625 0.0171875
0 0.7328125 0.5453125 0.0125 0.015625
0 0.665625 0.55234375 0.015625 0.0203125
0 0.6890625 0.53515625 0.015625 0.0171875
0 0.76328125 0.53203125 0.0171875 0.0171875
0 0.79453125 0.52109375 0.0140625 0.0171875
0 0.81875 0.50859375 0.0125 0.0140625
0 0.84140625 0.496875 0.0140625 0.0125
0 0.7734375 0.4984375 0.0125 0.0125
0 0.753125 0.5078125 0.0125 0.0125
0 0.7171875 0.503125 0.015625 0.0125
0 0.53671875 0.58828125 0.0171875 0.0171875
0 0.56796875 0.56953125 0.0171875 0.0171875
0 0.6 0.55703125 0.015625 0.0171875
0 0.6234375 0.5421875 0.015625 0.015625
0 0.6546875 0.53203125 0.015625 0.0140625
0 0.64140625 0.5125 0.0140625 0.015625
0 0.615625 0.52109375 0.0125 0.0140625
0 0.58125 0.53359375 0.0125 0.0171875
0 0.55625 0.5453125 0.015625 0.015625
0 0.528125 0.56015625 0.015625 0.0171875
0 0.5171875 0.53515625 0.015625 0.0171875
0 0.5453125 0.52265625 0.015625 0.0140625
0 0.57578125 0.51484375 0.0171875 0.0140625
0 0.50859375 0.51640625 0.0140625 0.0140625
0 0.18046875 0.5390625 0.0171875 0.01875
0 0.20546875 0.54921875 0.0140625 0.0171875
0 0.24453125 0.55859375 0.0140625 0.0171875
0 0.3765625 0.57265625 0.015625 0.0171875
0 0.34296875 0.5640625 0.0171875 0.015625
0 0.253125 0.534375 0.0125 0.015625
0 0.28359375 0.54609375 0.0140625 0.0140625
0 0.3109375 0.55234375 0.0125 0.0140625
0 0.3203125 0.528125 0.0125 0.01875
0 0.446875 0.52421875 0.015625 0.0171875
0 0.4859375 0.53203125 0.015625 0.0140625
0 0.48828125 0.5515625 0.0171875 0.0125
0 0.41171875 0.55546875 0.0140625 0.0140625
0 0.3828125 0.54296875 0.0125 0.0140625
0 0.3515625 0.540625 0.0125 0.0125
0 0.42109375 0.5328125 0.0109375 0.0125
0 1.56171875 0.50859375 0.0140625 0.0171875
0 1.58359375 0.49296875 0.0109375 0.0140625
0 1.5671875 0.4921875 0.009375 0.0125
0 1.3921875 0.49921875 0.009375 0.0109375
0 1.403125 0.50234375 0.009375 0.0109375
0 1.43984375 0.490625 0.0078125 0.009375
0 1.421875 0.47578125 0.009375 0.0109375
0 1.40234375 0.4765625 0.0109375 0.0125
0 1.38515625 0.46875 0.0078125 0.009375
0 1.35546875 0.4765625 0.0109375 0.0125
0 1.37109375 0.47890625 0.0078125 0.0109375
0 1.32109375 0.4765625 0.0078125 0.009375
0 1.30859375 0.49609375 0.0109375 0.0109375
0 1.32578125 0.50546875 0.0078125 0.0078125
0 1.353125 0.49375 0.009375 0.0125
0 1.34609375 0.50546875 0.0078125 0.0078125
0 1.53984375 0.45703125 0.0109375 0.0140625
0 1.5765625 0.459375 0.0125 0.0125
0 1.521875 0.44453125 0.0125 0.0109375
0 1.48125 0.46328125 0.009375 0.0078125
0 1.49140625 0.47578125 0.0078125 0.0140625
0 1.2921875 0.48671875 0.009375 0.0109375
0 1.5703125 0.4 0.00625 0.009375
0 1.5859375 0.3890625 0.00625 0.009375
0 1.58359375 0.41796875 0.0078125 0.0109375
0 1.5453125 0.4125 0.00625 0.009375
0 1.471875 0.41171875 0.009375 0.0078125
0 1.48984375 0.40546875 0.0078125 0.0109375
0 1.4828125 0.396875 0.00625 0.009375
0 1.5 0.3953125 0.00625 0.009375
0 1.37265625 0.453125 0.0046875 0.009375
0 1.35546875 0.46328125 0.0109375 0.0109375
0 1.240625 0.4859375 0.0125 0.009375
0 1.26171875 0.48359375 0.0109375 0.0109375
0 1.2203125 0.47890625 0.009375 0.0140625
0 1.4015625 0.4265625 0.009375 0.0125
0 1.39921875 0.44609375 0.0078125 0.0109375
0 1.49296875 0.425 0.0078125 0.009375
0 1.23359375 0.4609375 0.0109375 0.0125
0 1.2125 0.45859375 0.0125 0.0109375
0 1.25234375 0.45 0.0078125 0.00625
0 1.2703125 0.4578125 0.009375 0.009375
0 1.4609375 0.49375 0.009375 0.0125
0 1.56875 0.41875 0.0125 0.015625
0 1.14375 0.46953125 0.009375 0.0109375
0 1.1765625 0.47109375 0.009375 0.0109375
0 1.11796875 0.45859375 0.0109375 0.0109375
0 1.24765625 0.4375 0.0078125 0.009375
0 1.3 0.4140625 0.00625 0.009375
0 1.30546875 0.40234375 0.0078125 0.0078125
0 1.309375 0.38359375 0.00625 0.0078125
0 1.33828125 0.43359375 0.0078125 0.0078125
0 1.41171875 0.40625 0.0078125 0.009375
0 1.34296875 0.3546875 0.0078125 0.009375
0 1.07890625 0.425 0.0078125 0.0125
0 1.09296875 0.41953125 0.0078125 0.0109375
0 1.109375 0.428125 0.009375 0.009375
0 1.1078125 0.44375 0.009375 0.0125
0 1.18359375 0.40625 0.0078125 0.009375
0 1.2453125 0.36640625 0.00625 0.0109375
0 1.365625 0.39609375 0.009375 0.0171875
0 1.375 0.35703125 0.00625 0.0046875
0 1.06640625 0.4390625 0.0078125 0.0125
0 1.05390625 0.44609375 0.0078125 0.0109375
0 1.28828125 0.39921875 0.0078125 0.0109375
0 1.26875 0.4015625 0.00625 0.009375
0 1.178125 0.4265625 0.00625 0.009375
0 1.3265625 0.4171875 0.009375 0.015625
0 1.51796875 0.3375 0.0078125 0.009375
0 1.51015625 0.35703125 0.0078125 0.0078125
0 1.5171875 0.35390625 0.00625 0.0078125
0 1.3578125 0.3796875 0.009375 0.009375
0 1.5796875 0.35546875 0.00625 0.0109375
0 1.59140625 0.33828125 0.0078125 0.0109375
0 1.35703125 0.34375 0.0078125 0.009375
0 1.2828125 0.36640625 0.00625 0.0109375
0 1.23046875 0.421875 0.0078125 0.0125
0 1.22578125 0.37890625 0.0078125 0.0109375
0 1.503125 0.46796875 0.009375 0.0109375
0 1.16484375 0.39765625 0.0078125 0.0109375
0 1.08984375 0.36875 0.0078125 0.009375
0 1.1515625 0.378125 0.00625 0.009375
0 1.196875 0.36953125 0.00625 0.0078125
0 1.22578125 0.3578125 0.0078125 0.009375
0 1.146875 0.4421875 0.009375 0.0125
0 1.34765625 0.40078125 0.0078125 0.0109375
