0 0.0296875 1.6 0.025 0.03125
0 0.06328125 1.5765625 0.0234375 0.0375
0 0.04921875 1.55 0.0234375 0.025
0 0.11171875 1.5375 0.0203125 0.03125
0 0.14453125 1.54921875 0.0171875 0.0203125
0 0.171875 1.5796875 0.021875 0.025
0 0.18046875 1.53359375 0.0171875 0.0203125
0 0.22265625 1.5703125 0.0171875 0.025
0 0.2546875 1.56875 0.01875 0.03125
0 0.2171875 1.51484375 0.01875 0.0203125
0 0.04375 1.4890625 0.025 0.025
0 0.01484375 1.50078125 0.0171875 0.0234375
0 0.315625 1.50390625 0.015625 0.0171875
0 0.27265625 1.53984375 0.0171875 0.0203125
0 0.30390625 1.578125 0.0296875 0.04375
0 0.36953125 1.55546875 0.0203125 0.0296875
0 0.4140625 1.565625 0.01875 0.025
0 0.428125 1.5953125 0.0125 0.021875
0 0.45703125 1.584375 0.0140625 0.025
0 0.49453125 1.61328125 0.0109375 0.0171875
0 0.5078125 1.64921875 0.015625 0.0265625
0 0.44140625 1.63046875 0.0109375 0.0171875
0 0.371875 1.60703125 0.0125 0.0234375
0 0.490625 1.56484375 0.009375 0.0109375
0 0.46484375 1.5640625 0.0046875 0.00625
0 0.521875 1.5671875 0.009375 0.0125
0 0.5453125 1.575 0.0125 0.0125
0 0.56953125 1.584375 0.0078125 0.0125
0 0.584375 1.58203125 0.0125 0.0140625
0 0.60234375 1.58984375 0.0109375 0.0140625
0 0.64765625 1.5953125 0.0109375 0.0125
0 0.67734375 1.5859375 0.0109375 0.0125
0 0.72265625 1.596875 0.0109375 0.0125
0 0.71328125 1.58125 0.0109375 0.015625
0 0.63671875 1.58203125 0.0078125 0.0109375
0 0.603125 1.56953125 0.009375 0.0109375
0 0.803125 1.59140625 0.015625 0.0203125
0 0.8421875 1.6078125 0.0125 0.015625
0 0.86484375 1.60078125 0.0078125 0.0140625
0 0.88515625 1.590625 0.0078125 0.015625
0 0.91171875 1.58828125 0.0078125 0.0140625
0 0.93203125 1.59453125 0.0046875 0.0140625
0 0.9609375 1.60625 0.009375 0.015625
0 0.99921875 1.59609375 0.0109375 0.0109375
0 1.02890625 1.60859375 0.0046875 0.0078125
0 1.10703125 1.61875 0.0109375 0.015625
0 1.11875 1.609375 0.009375 0.0125
0 1.17421875 1.61875 0.0078125 0.0125
0 1.24296875 1.64765625 0.0171875 0.0328125
0 1.284375 1.6515625 0.015625 0.025
0 1.28359375 1.6140625 0.0140625 0.01875
0 1.31953125 1.6265625 0.0140625 0.015625
0 1.390625 1.6640625 0.015625 0.015625
0 1.39296875 1.63984375 0.0109375 0.0140625
0 1.3515625 1.6375 0.009375 0.015625
0 1.484375 1.64375 0.0125 0.015625
0 1.4375 1.64140625 0.009375 0.0078125
0 1.46015625 1.65625 0.0109375 0.009375
0 1.43515625 1.6296875 0.0109375 0.0125
0 1.3546875 1.61796875 0.009375 0.0109375
0 1.32890625 1.61171875 0.0078125 0.0109375
0 1.50546875 1.6453125 0.0046875 0.00625
0 1.46953125 1.6296875 0.0078125 0.00625
0 1.06015625 1.60625 0.0109375 0.01875
0 1.2015625 1.62421875 0.009375 0.0140625
0 1.5625 1.646875 0.009375 0.015625
0 1.5734375 1.6609375 0.00625 0.009375
0 1.59453125 1.6484375 0.0078125 0.0125
0 0.34375 1.57421875 0.015625 0.0359375
