0 0.08828125 0.83046875 0.0296875 0.0390625
0 0.22421875 0.803125 0.0265625 0.03125
0 0.1953125 0.70703125 0.028125 0.0390625
0 0.09453125 0.728125 0.0109375 0.01875
0 0.36484375 0.7609375 0.0140625 0.01875
0 0.39375 0.78046875 0.009375 0.0140625
0 0.43984375 0.74921875 0.0203125 0.0265625
0 0.39921875 0.75234375 0.0140625 0.0171875
0 0.39921875 0.71015625 0.0171875 0.0234375
0 0.4625 0.721875 0.015625 0.01875
0 0.584375 0.7859375 0.028125 0.05
0 0.5390625 0.75078125 0.015625 0.0203125
0 0.60546875 0.75234375 0.0171875 0.0234375
0 0.646875 0.7390625 0.021875 0.028125
0 0.528125 0.721875 0.0125 0.01875
0 0.5 0.73203125 0.00625 0.0078125
0 0.6828125 0.73046875 0.015625 0.0203125
0 0.7640625 0.74375 0.028125 0.0375
0 0.83515625 0.7328125 0.0234375 0.028125
0 0.87734375 0.87578125 0.0328125 0.0421875
0 0.934375 0.8609375 0.01875 0.021875
0 0.92421875 0.73828125 0.0171875 0.0234375
0 0.98984375 0.75703125 0.0171875 0.0234375
0 0.93828125 0.7140625 0.0203125 0.025
0 0.80390625 0.72109375 0.0078125 0.0109375
0 0.79140625 0.7234375 0.0109375 0.0125
0 1.03828125 0.7375 0.0234375 0.03125
0 1.071875 0.72421875 0.0375 0.0390625
0 1.21484375 0.7734375 0.0234375 0.028125
0 1.2140625 0.87890625 0.025 0.0296875
0 1.38046875 0.8765625 0.0234375 0.028125
0 0.26484375 0.72890625 0.0078125 0.0078125
0 0.315625 0.73125 0.00625 0.009375
0 0.3484375 0.72890625 0.00625 0.0078125
0 0.33359375 0.72421875 0.0078125 0.0078125
0 0.50390625 0.7265625 0.0078125 0.0125
0 0.8515625 0.73046875 0.0125 0.0171875
