0 0.97734375 1.0421875 0.0328125 0.046875
0 1.36640625 0.9796875 0.0171875 0.025
0 1.425 0.9625 0.01875 0.025
0 1.26328125 1.00234375 0.0265625 0.0296875
0 1.2890625 0.93359375 0.015625 0.0234375
0 1.2171875 0.94453125 0.015625 0.0203125
0 1.478125 0.98125 0.015625 0.021875
0 1.21171875 1.00625 0.0234375 0.03125
0 1.2421875 0.96171875 0.015625 0.0234375
0 1.071875 0.8515625 0.009375 0.0125
0 0.45390625 0.93671875 0.0234375 0.0359375
0 0.51484375 0.95859375 0.0203125 0.0390625
0 0.3375 0.84296875 0.0125 0.0140625
0 0.18671875 1.0140625 0.0359375 0.090625
