0 1.33671875 0.30859375 0.0421875 0.0546875
0 1.4734375 0.325 0.04375 0.05625
0 1.296875 0.14765625 0.0375 0.0453125
0 1.1265625 0.175 0.0375 0.053125
0 1.1046875 0.31796875 0.0375 0.0515625
0 0.8765625 0.17734375 0.03125 0.0453125
0 0.796875 0.30625 0.040625 0.0625
0 0.76953125 0.19375 0.0359375 0.04375
0 0.0484375 0.1484375 0.034375 0.046875
0 0.07578125 0.24765625 0.0453125 0.0546875
0 0.19609375 0.18515625 0.0328125 0.0453125
0 0.5546875 0.21484375 0.0375 0.0515625
0 0.49765625 0.2703125 0.0421875 0.059375
0 0.43203125 0.265625 0.0390625 0.05
0 0.34453125 0.140625 0.0328125 0.040625
0 0.27890625 0.275 0.0421875 0.05
0 0.69609375 0.4328125 0.0453125 0.075
0 0.01640625 0.13515625 0.0265625 0.0359375
