0 0.04609375 0.18828125 0.0671875 0.0609375
0 0.275 0.215625 0.0625 0.05
0 0.240625 0.35859375 0.06875 0.0828125
0 0.38984375 0.17890625 0.0421875 0.0453125
0 0.59375 0.20625 0.0625 0.0625
0 0.70078125 0.15546875 0.0609375 0.0546875
0 0.665625 0.30703125 0.078125 0.1046875
0 0.87890625 0.16796875 0.0484375 0.0609375
0 1.1125 0.08359375 0.05625 0.0671875
0 1.109375 0.253125 0.0625 0.090625
0 1.37265625 0.09375 0.0609375 0.065625
0 1.49296875 0.2609375 0.0453125 0.0625
0 0.53984375 0.18359375 0.0265625 0.0296875
