0 0.51875 0.34765625 0.04375 0.0609375
0 0.28671875 0.39765625 0.0390625 0.0515625
0 0.17109375 0.378125 0.0328125 0.046875
0 1.24375 0.35078125 0.0625 0.0828125
0 0.97734375 0.33125 0.0578125 0.071875
0 0.75390625 0.35546875 0.0484375 0.0609375
0 0.08125 0.43046875 0.034375 0.0484375
0 1.50546875 0.49375 0.0109375 0.0125
0 1.4609375 0.48359375 0.015625 0.0140625
0 1.4421875 0.48671875 0.0125 0.0140625
0 1.41953125 0.58125 0.0109375 0.0125
0 1.35859375 0.57734375 0.0140625 0.0140625
0 1.384375 0.26328125 0.009375 0.0109375
0 1.47109375 0.26640625 0.0078125 0.0078125
0 1.49765625 0.28203125 0.0078125 0.0078125
0 1.4328125 0.3390625 0.009375 0.0125
0 1.1609375 0.490625 0.009375 0.015625
0 1.17890625 0.49296875 0.0078125 0.0140625
0 1.53203125 0.34609375 0.0078125 0.0109375
0 1.5109375 0.34921875 0.00625 0.0078125
0 1.3984375 0.34609375 0.00625 0.0078125
0 1.41796875 0.33203125 0.0078125 0.0078125
0 1.40546875 0.3296875 0.0078125 0.00625
0 1.4375 0.3125 0.009375 0.009375
0 1.446875 0.2984375 0.00625 0.00625
0 1.46484375 0.303125 0.0078125 0.00625
0 1.4515625 0.31015625 0.009375 0.0078125
0 1.38984375 0.37421875 0.0109375 0.0109375
0 1.425 0.37578125 0.009375 0.0109375
0 1.4484375 0.33203125 0.009375 0.0109375
0 1.4953125 0.34140625 0.009375 0.0109375
0 1.44296875 0.36484375 0.0078125 0.0109375
0 1.48203125 0.35625 0.0109375 0.0125
