0 1.0171875 0.45078125 0.0375 0.0328125
0 0.9 0.36171875 0.034375 0.0484375
0 0.68046875 0.428125 0.0453125 0.046875
0 0.68828125 0.35 0.0359375 0.04375
0 0.51953125 0.4546875 0.0390625 0.040625
0 0.05 0.6953125 0.015625 0.01875
0 0.065625 0.62578125 0.015625 0.0171875
0 0.04921875 0.54296875 0.0140625 0.0203125
0 0.12578125 0.5515625 0.0140625 0.015625
0 0.17109375 0.55546875 0.0140625 0.0140625
0 0.16953125 0.57109375 0.0109375 0.0140625
0 0.1015625 0.640625 0.0125 0.0125
0 0.11328125 0.69765625 0.0140625 0.0171875
0 0.19375 0.6234375 0.0125 0.0125
0 0.190625 0.603125 0.009375 0.015625
0 0.209375 0.63984375 0.015625 0.0203125
0 0.21875 0.6171875 0.0125 0.015625
0 0.2328125 0.61328125 0.009375 0.0109375
0 0.78828125 0.39609375 0.0203125 0.0234375
0 0.01328125 0.55546875 0.0109375 0.0140625
0 0.075 0.559375 0.009375 0.0125
0 0.08203125 0.55625 0.0078125 0.0125
0 0.146875 0.62421875 0.01875 0.0203125
0 0.015625 0.63046875 0.015625 0.0140625
0 0.090625 0.68515625 0.009375 0.0140625
0 0.125 0.71796875 0.0125 0.0140625
0 0.31171875 0.7 0.0078125 0.0125
0 0.259375 0.70078125 0.009375 0.0109375
