0 0.140625 0.19765625 0.059375 0.0671875
0 0.3875 0.34765625 0.0625 0.0734375
0 0.53359375 0.234375 0.0421875 0.0625
0 0.665625 0.2671875 0.028125 0.059375
0 0.17890625 0.55546875 0.0703125 0.0765625
0 0.41171875 0.7109375 0.0671875 0.08125
0 0.84765625 0.2125 0.0484375 0.059375
0 1.0453125 0.28515625 0.046875 0.0609375
0 1.134375 0.21015625 0.040625 0.0546875
0 1.2125 0.17265625 0.04375 0.0546875
0 0.66796875 0.5390625 0.0640625 0.09375
0 0.9390625 0.47890625 0.05625 0.0609375
0 1.19609375 0.5953125 0.0609375 0.08125
0 0.9703125 0.8078125 0.065625 0.08125
0 1.45546875 0.78828125 0.0515625 0.0640625
0 1.38984375 0.41328125 0.0515625 0.0734375
