0 0.01328125 0.5140625 0.0265625 0.05625
0 0.15234375 0.5125 0.0421875 0.05
0 0.3046875 0.5484375 0.03125 0.0375
0 0.45625 0.5015625 0.046875 0.059375
0 0.5140625 0.51640625 0.03125 0.0390625
0 0.56328125 0.5171875 0.0296875 0.034375
0 0.75234375 0.5171875 0.0390625 0.046875
0 0.85234375 0.496875 0.0546875 0.05625
0 0.92109375 0.51875 0.0265625 0.028125
0 0.96875 0.521875 0.0375 0.040625
0 1.02265625 0.5046875 0.0203125 0.025
0 1.11484375 0.53828125 0.0296875 0.0296875
0 1.1609375 0.51640625 0.0375 0.0484375
0 1.13359375 0.49921875 0.0234375 0.0234375
0 1.19921875 0.49921875 0.0234375 0.0234375
0 1.246875 0.49140625 0.03125 0.0359375
0 1.3640625 0.48046875 0.034375 0.0421875
0 1.3203125 0.49921875 0.025 0.0296875
0 1.4015625 0.5 0.021875 0.03125
0 1.42421875 0.50625 0.0203125 0.021875
0 1.50546875 0.4640625 0.0359375 0.040625
0 1.5953125 0.503125 0.009375 0.0375
