0 0.02265625 0.57109375 0.0171875 0.0234375
0 0.0828125 0.58203125 0.01875 0.0296875
0 0.165625 0.60546875 0.01875 0.0265625
0 0.19375 0.55625 0.015625 0.021875
0 0.23125 0.56640625 0.015625 0.0234375
0 0.2875 0.65078125 0.021875 0.0265625
0 0.28828125 0.55859375 0.0109375 0.0140625
0 0.14921875 0.55546875 0.0203125 0.0234375
0 0.25234375 0.55 0.0140625 0.01875
0 0.27578125 0.540625 0.0109375 0.01875
0 0.3421875 0.540625 0.0125 0.0125
0 0.33984375 0.55859375 0.0140625 0.0140625
0 0.31015625 0.55546875 0.0078125 0.0109375
0 0.36796875 0.55234375 0.0140625 0.0203125
0 0.39765625 0.546875 0.0109375 0.01875
0 0.4140625 0.5390625 0.009375 0.015625
0 0.43515625 0.61484375 0.0234375 0.0296875
0 0.48125 0.621875 0.025 0.034375
0 0.4234375 0.5625 0.0125 0.01875
0 0.44375 0.56015625 0.0125 0.0171875
0 0.4578125 0.5625 0.0125 0.01875
0 0.509375 0.56171875 0.015625 0.0203125
0 0.55234375 0.5625 0.0171875 0.01875
0 0.59296875 0.56875 0.0140625 0.01875
0 0.6265625 0.559375 0.015625 0.01875
0 0.57109375 0.621875 0.0234375 0.034375
0 0.628125 0.5953125 0.01875 0.028125
0 0.6703125 0.58515625 0.0125 0.0171875
0 0.68828125 0.58046875 0.0140625 0.0171875
0 0.71328125 0.57109375 0.0265625 0.0359375
0 0.82890625 0.57421875 0.0171875 0.0171875
0 0.8328125 0.634375 0.025 0.028125
0 0.89453125 0.5546875 0.0171875 0.01875
0 0.88515625 0.6109375 0.0234375 0.028125
0 0.9609375 0.59765625 0.021875 0.0328125
0 0.996875 0.6015625 0.01875 0.028125
0 1.01015625 0.58203125 0.0171875 0.0234375
0 1.0703125 0.621875 0.025 0.03125
0 1.1890625 0.61796875 0.025 0.0265625
0 1.24453125 0.6125 0.0203125 0.025
0 1.22890625 0.5859375 0.0171875 0.01875
0 1.2859375 0.62421875 0.021875 0.0265625
0 1.4046875 0.603125 0.025 0.03125
0 1.528125 0.6234375 0.025 0.034375
