0 1.55859375 0.55703125 0.0171875 0.0234375
0 1.58359375 0.565625 0.0140625 0.01875
0 1.5125 0.528125 0.015625 0.021875
0 1.56953125 0.48515625 0.0171875 0.0234375
0 1.55390625 0.484375 0.0171875 0.021875
0 1.48515625 0.48046875 0.0171875 0.0234375
0 1.46484375 0.49375 0.0109375 0.015625
0 1.3796875 0.5328125 0.021875 0.025
0 1.421875 0.484375 0.0125 0.01875
0 1.3796875 0.465625 0.015625 0.021875
0 1.3984375 0.6109375 0.021875 0.025
0 1.27734375 0.6125 0.0203125 0.028125
0 1.284375 0.7140625 0.025 0.025
0 1.2046875 0.6015625 0.025 0.03125
0 1.165625 0.57109375 0.025 0.0265625
0 1.2265625 0.5015625 0.01875 0.021875
0 1.2640625 0.5171875 0.01875 0.025
0 1.32734375 0.53125 0.0203125 0.025
0 1.34921875 0.4734375 0.0171875 0.021875
0 1.31796875 0.47109375 0.0203125 0.0234375
0 1.259375 0.46875 0.015625 0.01875
0 1.22265625 0.4515625 0.0171875 0.021875
0 1.1765625 0.48359375 0.021875 0.0234375
0 1.1875 0.46328125 0.01875 0.0234375
0 1.12734375 0.51328125 0.0140625 0.0203125
0 1.06328125 0.61171875 0.0203125 0.0296875
0 1.0296875 0.59375 0.021875 0.025
0 0.959375 0.56796875 0.021875 0.0265625
0 1.08125 0.5203125 0.015625 0.025
0 1.0984375 0.48046875 0.015625 0.0234375
0 1.12421875 0.47265625 0.0140625 0.0234375
0 0.9875 0.47265625 0.025 0.0234375
0 1.0453125 0.4734375 0.01875 0.021875
0 0.89765625 0.46875 0.0171875 0.01875
0 0.9015625 0.4515625 0.01875 0.021875
0 0.96875 0.49140625 0.01875 0.0234375
0 1.0421875 0.278125 0.015625 0.01875
0 1.18203125 0.29375 0.0140625 0.01875
0 0.97421875 0.3234375 0.0171875 0.021875
0 1.0109375 0.32265625 0.0125 0.0171875
0 0.93203125 0.35703125 0.0171875 0.0171875
0 0.95546875 0.346875 0.0171875 0.021875
0 0.90859375 0.34140625 0.0171875 0.0203125
0 0.89765625 0.375 0.0140625 0.015625
0 0.8703125 0.37578125 0.0125 0.0171875
0 0.875 0.33359375 0.015625 0.0203125
0 0.82265625 0.41328125 0.0140625 0.0203125
0 0.84375 0.4015625 0.0125 0.01875
0 0.8203125 0.3515625 0.0125 0.01875
0 0.79375 0.3375 0.015625 0.01875
0 0.78515625 0.38828125 0.0140625 0.0171875
0 0.80625 0.43359375 0.0125 0.0171875
0 0.74609375 0.3625 0.0171875 0.01875
0 0.7171875 0.36015625 0.01875 0.0203125
0 0.66953125 0.3546875 0.0171875 0.021875
0 0.696875 0.2796875 0.01875 0.01875
0 0.7875 0.2390625 0.015625 0.021875
0 0.8515625 0.25390625 0.015625 0.0234375
0 0.76796875 0.21796875 0.0171875 0.0203125
0 0.834375 0.18203125 0.015625 0.0203125
0 0.87578125 0.15703125 0.0171875 0.0234375
0 0.9171875 0.1609375 0.015625 0.021875
0 0.95625 0.19921875 0.01875 0.0234375
0 0.6828125 0.4125 0.01875 0.021875
0 0.6984375 0.434375 0.01875 0.025
0 0.74375 0.43984375 0.015625 0.0203125
0 0.66953125 0.45859375 0.0171875 0.0234375
0 0.6265625 0.4359375 0.015625 0.01875
0 0.86015625 0.4890625 0.0140625 0.021875
0 0.65078125 0.50859375 0.0171875 0.0234375
0 0.70546875 0.48125 0.0203125 0.025
0 0.62109375 0.55078125 0.0234375 0.0265625
0 0.8375 0.61171875 0.021875 0.0296875
0 0.784375 0.63046875 0.028125 0.0359375
0 0.6578125 0.6546875 0.021875 0.028125
0 0.62265625 0.71640625 0.0265625 0.0296875
0 0.6546875 0.625 0.021875 0.028125
0 0.6796875 0.59453125 0.021875 0.0296875
0 0.57890625 0.5734375 0.0234375 0.028125
0 0.528125 0.64921875 0.021875 0.0265625
0 0.50625 0.61328125 0.025 0.0265625
0 0.54609375 0.59609375 0.0234375 0.0265625
0 0.48125 0.55 0.021875 0.025
0 0.77109375 0.47421875 0.0171875 0.0234375
0 0.7625 0.45859375 0.015625 0.0234375
0 0.60625 0.50546875 0.01875 0.0265625
0 0.53203125 0.4765625 0.0203125 0.028125
0 0.5421875 0.45859375 0.015625 0.0171875
0 0.54609375 0.43125 0.0171875 0.021875
0 0.509375 0.4390625 0.015625 0.021875
0 0.5921875 0.4390625 0.015625 0.021875
0 0.87421875 0.58359375 0.0234375 0.0265625
0 0.85625 0.56171875 0.021875 0.0265625
0 0.33671875 0.64296875 0.0234375 0.0296875
0 0.38125 0.58046875 0.025 0.0359375
0 0.43359375 0.571875 0.0203125 0.03125
0 0.4125 0.5390625 0.021875 0.03125
0 0.46953125 0.50625 0.0234375 0.03125
0 0.29375 0.5890625 0.021875 0.028125
0 0.2109375 0.5984375 0.021875 0.028125
0 0.13828125 0.625 0.0265625 0.03125
0 0.040625 0.6078125 0.025 0.03125
0 0.09296875 0.55078125 0.0234375 0.0265625
0 0.16328125 0.51796875 0.0203125 0.0265625
0 0.2015625 0.53125 0.021875 0.03125
0 0.23515625 0.5296875 0.0203125 0.028125
0 0.26953125 0.52734375 0.0203125 0.0234375
0 0.340625 0.5453125 0.021875 0.028125
0 0.40078125 0.50390625 0.0203125 0.0265625
0 0.321875 0.49609375 0.021875 0.0296875
0 0.00703125 0.51171875 0.0140625 0.0203125
0 0.0671875 0.47421875 0.01875 0.0234375
0 0.14453125 0.46328125 0.0140625 0.0203125
0 0.17734375 0.4375 0.0171875 0.01875
0 0.1359375 0.4375 0.015625 0.01875
0 0.10078125 0.42890625 0.0171875 0.0171875
0 0.0875 0.45234375 0.015625 0.0203125
0 0.38359375 0.434375 0.0171875 0.025
0 0.703125 0.58984375 0.021875 0.0265625
0 0.946875 0.503125 0.015625 0.025
0 0.353125 0.41171875 0.015625 0.0171875
0 0.32265625 0.41328125 0.0140625 0.0203125
0 0.28828125 0.40703125 0.0171875 0.0203125
0 0.2625 0.39296875 0.015625 0.0171875
0 0.23359375 0.39765625 0.0140625 0.0203125
0 0.171875 0.3953125 0.015625 0.01875
0 0.13203125 0.3953125 0.0171875 0.01875
0 0.18125 0.37109375 0.0125 0.0171875
0 0.2046875 0.34296875 0.015625 0.0203125
0 0.23828125 0.34765625 0.0171875 0.0203125
0 0.321875 0.33828125 0.01875 0.0234375
0 0.36640625 0.34296875 0.0140625 0.0171875
0 0.40546875 0.31875 0.0171875 0.01875
0 0.45078125 0.34140625 0.0171875 0.0203125
0 0.45 0.31953125 0.015625 0.0203125
0 0.515625 0.3203125 0.015625 0.021875
0 0.55390625 0.3140625 0.0140625 0.021875
0 0.58515625 0.27578125 0.0140625 0.0203125
0 0.51484375 0.25546875 0.0171875 0.0234375
0 0.45625 0.27265625 0.015625 0.0171875
0 0.41015625 0.2625 0.0171875 0.021875
0 0.31015625 0.2890625 0.0140625 0.01875
0 0.28671875 0.27890625 0.0171875 0.0171875
0 0.234375 0.28125 0.015625 0.015625
0 0.2921875 0.36171875 0.015625 0.0203125
0 0.35 0.2859375 0.015625 0.021875
0 0.4984375 0.36328125 0.015625 0.0203125
0 0.3984375 0.37109375 0.0125 0.0203125
0 0.42890625 0.39453125 0.0171875 0.0234375
0 0.22265625 0.4265625 0.0171875 0.01875
0 0.10625 0.26875 0.015625 0.01875
0 0.075 0.3171875 0.015625 0.01875
0 0.1703125 0.22578125 0.015625 0.0171875
0 0.06484375 0.271875 0.0171875 0.01875
0 0.03125 0.26484375 0.01875 0.0171875
0 0.00625 0.31640625 0.0125 0.0171875
0 0.09921875 0.14140625 0.0171875 0.0203125
0 0.95546875 0.70703125 0.0234375 0.0265625
0 0.88359375 0.72421875 0.0234375 0.0296875
0 0.121875 0.58125 0.025 0.034375
0 0.12578125 0.51328125 0.0234375 0.0296875
0 1.03828125 0.446875 0.0140625 0.021875
0 0.76796875 0.37578125 0.0109375 0.0171875
0 0.61875 0.4140625 0.015625 0.01875
0 0.55703125 0.40859375 0.0140625 0.0203125
0 0.84921875 0.478125 0.0140625 0.01875
0 1.309375 0.0796875 0.01875 0.021875
0 1.14296875 0.49765625 0.0265625 0.0296875
0 1.28359375 0.515625 0.0140625 0.021875
0 0.3515625 0.3921875 0.015625 0.01875
0 0.44921875 0.37890625 0.0140625 0.0171875
0 0.4421875 0.38125 0.0125 0.0125
0 1.590625 0.60078125 0.0125 0.0203125
0 0.32421875 0.2671875 0.0171875 0.021875
