0 1.15625 0.45390625 0.028125 0.0390625
0 1.4890625 0.44921875 0.025 0.0359375
0 1.003125 0.57265625 0.028125 0.0359375
0 0.915625 0.590625 0.025 0.028125
0 0.85703125 0.6046875 0.0171875 0.021875
0 0.9046875 0.48828125 0.021875 0.0265625
0 1.01484375 0.45234375 0.0234375 0.0296875
0 0.81171875 0.4 0.0234375 0.028125
0 0.77265625 0.7109375 0.0484375 0.05
0 0.671875 0.65390625 0.021875 0.0234375
0 0.746875 0.6390625 0.021875 0.025
0 0.7375 0.61640625 0.01875 0.0234375
0 0.76640625 0.58515625 0.0140625 0.0171875
0 0.7125 0.59375 0.0125 0.01875
0 0.665625 0.6203125 0.01875 0.021875
0 0.70546875 0.57578125 0.0140625 0.0171875
0 0.72109375 0.571875 0.0109375 0.015625
0 0.6484375 0.6 0.015625 0.021875
0 0.6296875 0.59140625 0.0125 0.0171875
0 0.59765625 0.6078125 0.0140625 0.01875
0 0.58359375 0.64140625 0.0203125 0.0234375
0 0.56640625 0.634375 0.0140625 0.021875
0 0.56875 0.6078125 0.015625 0.01875
0 0.55859375 0.5640625 0.0140625 0.01875
0 0.59140625 0.5609375 0.0109375 0.015625
0 0.50703125 0.62578125 0.0234375 0.0265625
0 0.503125 0.6 0.015625 0.01875
0 0.4640625 0.596875 0.01875 0.021875
0 0.43671875 0.61875 0.0171875 0.021875
0 0.43671875 0.59453125 0.0140625 0.0171875
0 0.4125 0.596875 0.015625 0.01875
0 0.37734375 0.6078125 0.0203125 0.01875
0 0.38046875 0.58984375 0.0140625 0.0171875
0 0.35078125 0.58515625 0.0140625 0.0171875
0 0.31953125 0.58984375 0.0140625 0.0140625
0 0.440625 0.56875 0.0125 0.015625
0 0.453125 0.55234375 0.009375 0.0109375
0 0.4078125 0.559375 0.009375 0.009375
0 0.30546875 0.575 0.0109375 0.0125
0 0.2828125 0.603125 0.0125 0.015625
0 0.24921875 0.58046875 0.0109375 0.0140625
0 0.28203125 0.578125 0.0109375 0.0125
0 0.2640625 0.57109375 0.009375 0.0109375
0 0.334375 0.5796875 0.009375 0.0125
0 0.32109375 0.56953125 0.0078125 0.0109375
0 0.275 0.55703125 0.009375 0.0109375
0 0.2546875 0.55546875 0.00625 0.0078125
0 0.24453125 0.56171875 0.0078125 0.0078125
0 0.22890625 0.5765625 0.0140625 0.015625
0 0.3953125 0.56640625 0.009375 0.0109375
0 0.25625 0.54296875 0.00625 0.0078125
0 0.234375 0.54609375 0.00625 0.0078125
0 0.20703125 0.56171875 0.0109375 0.0109375
0 0.20234375 0.5375 0.0078125 0.009375
0 0.3125 0.53984375 0.009375 0.0109375
0 0.1 0.640625 0.009375 0.028125
