0 0.0359375 0.66484375 0.03125 0.0484375
0 0.1875 0.63828125 0.0375 0.0453125
0 0.03828125 0.50625 0.0203125 0.021875
0 0.0359375 0.45234375 0.01875 0.0234375
0 0.07421875 0.4390625 0.0140625 0.01875
0 0.01328125 0.503125 0.0203125 0.021875
0 0.02421875 0.40078125 0.0140625 0.0203125
0 0.1390625 0.38515625 0.0125 0.0140625
0 0.21328125 0.38671875 0.0171875 0.0171875
0 0.24921875 0.37109375 0.0140625 0.0171875
0 0.18984375 0.41328125 0.0203125 0.0265625
0 0.1875 0.45546875 0.01875 0.0234375
0 0.253125 0.47578125 0.01875 0.0296875
0 0.28203125 0.47265625 0.0203125 0.0203125
0 0.2859375 0.51015625 0.01875 0.0234375
0 0.21953125 0.55234375 0.0234375 0.0296875
0 0.28359375 0.54453125 0.0203125 0.0296875
0 0.39140625 0.51953125 0.0203125 0.0328125
0 0.384375 0.47109375 0.025 0.0265625
0 0.4171875 0.4171875 0.021875 0.021875
0 0.44296875 0.3453125 0.0171875 0.01875
0 0.4234375 0.3453125 0.0125 0.01875
0 0.4640625 0.33828125 0.0125 0.0171875
0 0.46328125 0.39453125 0.0109375 0.0171875
0 0.48671875 0.37265625 0.0140625 0.0203125
0 0.5109375 0.3421875 0.0125 0.015625
0 0.60625 0.31953125 0.015625 0.0171875
0 0.64453125 0.315625 0.0140625 0.01875
0 0.675 0.3078125 0.015625 0.01875
0 0.184375 1.115625 0.06875 0.0875
0 0.190625 1.3296875 0.090625 0.1125
0 0.54765625 1.40546875 0.1109375 0.1328125
0 0.5328125 1.08046875 0.071875 0.0890625
0 0.69609375 1.23359375 0.0796875 0.1078125
0 0.72890625 1.12421875 0.0703125 0.0953125
0 0.87421875 1.41796875 0.1015625 0.1234375
0 1.134375 1.19609375 0.090625 0.1140625
0 0.74375 0.69296875 0.040625 0.0578125
0 0.875 0.66640625 0.040625 0.0578125
0 1.0296875 0.6421875 0.0375 0.04375
0 1.13984375 0.66328125 0.0484375 0.0578125
0 1.0890625 0.56171875 0.0375 0.0453125
0 1.18359375 0.58671875 0.0421875 0.0484375
0 1.40390625 0.6046875 0.0484375 0.065625
0 0.9046875 0.546875 0.034375 0.040625
0 0.99453125 0.51328125 0.0328125 0.0421875
0 1.02890625 0.51796875 0.0265625 0.0328125
0 1.06953125 0.51015625 0.0390625 0.0421875
0 1.215625 0.52578125 0.034375 0.0390625
0 1.1078125 0.4984375 0.03125 0.040625
0 1.0984375 0.46796875 0.03125 0.0390625
0 1.059375 0.44609375 0.028125 0.0359375
0 1.0171875 0.4015625 0.025 0.034375
0 1.10234375 0.3953125 0.0265625 0.034375
0 1.3390625 0.4828125 0.03125 0.04375
0 1.3 0.465625 0.03125 0.040625
0 1.23046875 0.4296875 0.0328125 0.040625
0 1.3890625 0.41328125 0.028125 0.0359375
0 1.16328125 0.41171875 0.0265625 0.0359375
0 1.175 0.3671875 0.021875 0.028125
0 1.25546875 0.39609375 0.0265625 0.0359375
0 1.2796875 0.37734375 0.025 0.0296875
0 1.328125 0.328125 0.025 0.034375
0 1.35390625 0.36875 0.0265625 0.0375
0 1.415625 0.359375 0.025 0.03125
0 1.4109375 0.32734375 0.03125 0.0328125
0 1.3578125 0.265625 0.021875 0.03125
0 1.40859375 0.26640625 0.0234375 0.0296875
0 1.253125 0.265625 0.025 0.03125
0 1.2921875 0.25234375 0.021875 0.0265625
0 0.7765625 0.33359375 0.009375 0.0140625
0 0.8171875 0.3078125 0.009375 0.015625
0 0.8515625 0.2875 0.0125 0.015625
0 0.8859375 0.3 0.015625 0.01875
0 0.92265625 0.275 0.0140625 0.0125
0 0.98203125 0.26484375 0.0140625 0.0171875
0 1.015625 0.28203125 0.015625 0.0203125
0 1.040625 0.2421875 0.009375 0.0125
0 1.07734375 0.23359375 0.0171875 0.0234375
0 1.1328125 0.2484375 0.0125 0.015625
0 1.178125 0.19609375 0.0125 0.0203125
0 1.21171875 0.2234375 0.0109375 0.015625
0 1.2609375 0.19453125 0.015625 0.0203125
0 1.3015625 0.19609375 0.0125 0.0171875
0 1.334375 0.20546875 0.015625 0.0203125
0 1.38828125 0.2453125 0.0234375 0.034375
0 1.40234375 0.21953125 0.0171875 0.0234375
0 1.4203125 0.19609375 0.01875 0.0234375
0 1.44140625 0.196875 0.0140625 0.021875
0 1.471875 0.2078125 0.01875 0.025
0 1.51171875 0.15703125 0.0171875 0.0203125
0 1.540625 0.16953125 0.01875 0.0203125
