0 0.146875 0.77578125 0.009375 0.0109375
0 0.19140625 0.74296875 0.0140625 0.0140625
0 0.30859375 0.7578125 0.0109375 0.0125
0 0.3578125 0.7859375 0.015625 0.015625
0 0.375 0.7546875 0.0125 0.0125
0 0.353125 0.70625 0.0125 0.0125
0 0.2984375 0.71953125 0.009375 0.0109375
0 0.315625 0.6578125 0.015625 0.015625
0 0.3828125 0.6609375 0.0125 0.0125
0 0.2078125 0.6546875 0.0125 0.015625
0 0.12421875 0.74296875 0.0140625 0.0140625
0 0.15078125 0.65703125 0.0171875 0.0140625
0 0.0953125 0.671875 0.009375 0.009375
0 0.1140625 0.5875 0.0125 0.009375
0 0.24375 0.5921875 0.015625 0.0125
0 0.29765625 0.5890625 0.0109375 0.009375
0 0.35390625 0.5921875 0.0140625 0.0125
0 0.40546875 0.58984375 0.0109375 0.0078125
0 0.15078125 0.52265625 0.0109375 0.0109375
0 0.1796875 0.5875 0.009375 0.0125
0 0.20625 0.5203125 0.0125 0.0125
0 0.26640625 0.515625 0.0109375 0.009375
0 0.315625 0.525 0.0125 0.009375
0 0.37265625 0.525 0.0109375 0.0125
0 0.42890625 0.50078125 0.0140625 0.0109375
0 0.18125 0.4234375 0.0125 0.009375
0 0.2359375 0.43125 0.009375 0.009375
0 0.290625 0.4515625 0.0125 0.0125
0 0.3375 0.45078125 0.0125 0.0109375
0 0.38125 0.4390625 0.0125 0.009375
0 0.4390625 0.44375 0.0125 0.0125
0 0.20703125 0.375 0.0078125 0.0125
0 0.2578125 0.3796875 0.0125 0.009375
0 0.3046875 0.3796875 0.009375 0.009375
0 0.35234375 0.3796875 0.0109375 0.0125
0 0.403125 0.37890625 0.0125 0.0109375
0 0.45625 0.390625 0.0125 0.0125
0 0.234375 0.32578125 0.009375 0.0109375
0 0.278125 0.321875 0.009375 0.009375
0 0.33359375 0.3265625 0.0078125 0.00625
0 0.3796875 0.3296875 0.00625 0.009375
0 0.425 0.32734375 0.00625 0.0078125
0 0.4765625 0.321875 0.009375 0.009375
0 0.2640625 0.28359375 0.009375 0.0109375
0 0.30625 0.2765625 0.009375 0.009375
0 0.353125 0.2734375 0.009375 0.009375
0 0.3984375 0.2734375 0.009375 0.009375
0 0.4421875 0.2703125 0.009375 0.009375
0 0.48671875 0.278125 0.0109375 0.009375
0 0.27890625 0.2296875 0.0109375 0.009375
0 0.63515625 0.28828125 0.0109375 0.0140625
0 0.75859375 0.2484375 0.0109375 0.0125
0 0.8484375 0.2640625 0.0125 0.015625
0 0.99375 0.26328125 0.009375 0.0140625
0 0.903125 0.29921875 0.009375 0.0078125
0 0.8515625 0.32265625 0.009375 0.0140625
0 0.7703125 0.3125 0.0125 0.0125
0 0.6765625 0.32109375 0.009375 0.0109375
0 0.57890625 0.32421875 0.0109375 0.0140625
0 0.5453125 0.33984375 0.0125 0.0171875
0 0.61328125 0.3765625 0.0109375 0.0125
0 0.5234375 0.41953125 0.0125 0.0109375
0 0.51875 0.440625 0.009375 0.0125
0 0.5421875 0.50859375 0.0125 0.0109375
0 0.6296875 0.48359375 0.015625 0.0234375
0 0.6640625 0.4234375 0.0125 0.015625
0 0.7734375 0.3640625 0.0125 0.0125
0 0.7734375 0.4390625 0.0125 0.01875
0 0.8859375 0.4296875 0.0125 0.0125
0 0.91171875 0.3890625 0.0109375 0.015625
0 0.93984375 0.31796875 0.0109375 0.0140625
0 0.99453125 0.3421875 0.0109375 0.0125
0 1.009375 0.42109375 0.009375 0.0140625
0 0.95390625 0.446875 0.0109375 0.01875
0 0.9 0.48203125 0.0125 0.0203125
0 0.984375 0.51953125 0.0125 0.0203125
0 0.7703125 0.5203125 0.015625 0.01875
0 0.915625 0.596875 0.0125 0.015625
0 0.77109375 0.57109375 0.0140625 0.0171875
0 0.75859375 0.64609375 0.0140625 0.0203125
0 0.62421875 0.58984375 0.0140625 0.0171875
0 1.14921875 0.240625 0.0078125 0.00625
0 1.20078125 0.23515625 0.0109375 0.0109375
0 1.24375 0.22890625 0.00625 0.0109375
0 1.290625 0.22890625 0.009375 0.0046875
0 1.16640625 0.2765625 0.0140625 0.0125
0 1.215625 0.27578125 0.009375 0.0078125
0 1.259375 0.28671875 0.009375 0.0078125
0 1.30859375 0.28125 0.0078125 0.009375
0 1.175 0.33359375 0.009375 0.0140625
0 1.2203125 0.3328125 0.009375 0.00625
0 1.26796875 0.3125 0.0109375 0.00625
0 1.321875 0.33203125 0.00625 0.0140625
0 1.18828125 0.384375 0.0109375 0.00625
0 1.240625 0.38828125 0.009375 0.0109375
0 1.2890625 0.38828125 0.015625 0.0109375
0 1.34140625 0.39140625 0.0109375 0.0078125
0 1.15234375 0.46328125 0.0109375 0.0078125
0 1.20859375 0.45859375 0.0109375 0.0109375
0 1.25234375 0.46171875 0.0109375 0.0109375
0 1.3015625 0.45859375 0.0125 0.0109375
0 1.35546875 0.45859375 0.0109375 0.0109375
0 1.11328125 0.53125 0.0109375 0.00625
0 1.165625 0.525 0.0125 0.009375
0 1.22578125 0.52578125 0.0109375 0.0109375
0 1.27890625 0.52578125 0.0109375 0.0078125
0 1.3328125 0.53125 0.015625 0.009375
0 1.38828125 0.53046875 0.0109375 0.0078125
0 1.121875 0.5953125 0.0125 0.0125
0 1.184375 0.60859375 0.0125 0.0109375
0 1.23359375 0.60546875 0.0140625 0.0109375
0 1.2921875 0.60234375 0.009375 0.0109375
0 1.35546875 0.59453125 0.0109375 0.0109375
0 1.4140625 0.59921875 0.009375 0.0109375
0 1.140625 0.68671875 0.0125 0.0109375
0 1.2046875 0.6859375 0.015625 0.009375
0 1.2671875 0.68046875 0.015625 0.0109375
0 1.315625 0.67734375 0.0125 0.0140625
0 1.43828125 0.68828125 0.0109375 0.0109375
0 1.17421875 0.80390625 0.0109375 0.0171875
0 1.35 0.7828125 0.015625 0.015625
0 1.13671875 0.77421875 0.0078125 0.0109375
0 1.2453125 0.77578125 0.009375 0.0109375
0 1.0890625 0.39140625 0.00625 0.0078125
0 1.1421875 0.38359375 0.00625 0.0078125
0 1.0984375 0.45625 0.009375 0.00625
0 0.559375 0.26328125 0.009375 0.0109375
0 0.6734375 0.26171875 0.009375 0.0140625
0 0.2078125 0.175 0.0125 0.009375
0 0.4078125 0.178125 0.0125 0.0125
0 0.59296875 0.17421875 0.0140625 0.0109375
0 0.9671875 0.17578125 0.0125 0.0109375
0 1.34453125 0.17890625 0.0140625 0.0140625
0 0.78515625 0.18359375 0.0109375 0.0109375
0 1.371875 0.7390625 0.009375 0.0125
0 1.496875 0.759375 0.0125 0.015625
0 1.52421875 0.80859375 0.0140625 0.0140625
0 0.2546875 0.78984375 0.015625 0.0171875
0 0.25859375 0.66015625 0.0140625 0.0140625
0 0.04140625 0.7984375 0.0140625 0.0125
0 0.06484375 0.73671875 0.0171875 0.0140625
0 0.32578125 0.2171875 0.0109375 0.009375
0 0.37265625 0.2265625 0.0078125 0.009375
0 0.4109375 0.2296875 0.009375 0.00625
0 0.4578125 0.23046875 0.009375 0.0109375
0 0.5015625 0.23046875 0.0125 0.0109375
0 0.28515625 0.19609375 0.0078125 0.0078125
0 0.340625 0.20703125 0.00625 0.0078125
0 0.38125 0.19140625 0.00625 0.0078125
0 0.42578125 0.209375 0.0078125 0.0125
0 0.5203125 0.19921875 0.00625 0.0078125
0 0.46796875 0.2109375 0.0078125 0.0125
0 0.57734375 0.20078125 0.0078125 0.0109375
0 0.640625 0.1921875 0.009375 0.009375
0 0.7078125 0.19140625 0.009375 0.0109375
0 0.8453125 0.190625 0.009375 0.00625
0 0.89609375 0.19609375 0.0078125 0.0078125
0 0.9359375 0.203125 0.00625 0.00625
0 0.9921875 0.20859375 0.00625 0.0078125
0 1.059375 0.23046875 0.009375 0.0109375
0 1.1078125 0.2234375 0.00625 0.009375
0 1.0640625 0.28125 0.009375 0.00625
0 1.1140625 0.28203125 0.00625 0.0078125
0 1.0765625 0.32265625 0.009375 0.0109375
0 1.13125 0.3296875 0.00625 0.009375
0 1.04921875 0.2078125 0.0109375 0.0125
0 1.1671875 0.18828125 0.015625 0.0140625
