0 1.44609375 0.42421875 0.0703125 0.0828125
0 1.1765625 0.44140625 0.05625 0.0890625
0 0.9984375 0.48203125 0.0625 0.0609375
0 1.2765625 0.4609375 0.040625 0.05
0 1.5484375 0.4609375 0.046875 0.05625
0 1.59140625 0.4625 0.0171875 0.05625
0 1.08671875 0.48671875 0.0328125 0.0484375
0 0.809375 0.5078125 0.059375 0.078125
0 0.65625 0.4203125 0.053125 0.065625
0 0.5203125 0.48203125 0.046875 0.0578125
0 0.36796875 0.5921875 0.0453125 0.046875
0 0.425 0.57265625 0.028125 0.0359375
0 0.2015625 0.56171875 0.053125 0.0578125
0 0.15859375 0.584375 0.0390625 0.040625
0 0.01640625 0.528125 0.0328125 0.046875
0 1.571875 0.27890625 0.0125 0.0203125
