0 1.15390625 0.3140625 0.0453125 0.053125
0 1.0234375 0.35625 0.034375 0.0375
0 1.19375 0.3015625 0.0125 0.01875
0 1.26328125 0.28984375 0.0140625 0.0171875
0 1.3046875 0.3390625 0.0375 0.04375
0 1.44375 0.34375 0.0375 0.040625
0 1.41171875 0.2484375 0.0171875 0.025
0 1.51484375 0.25625 0.0234375 0.025
0 1.53046875 0.37421875 0.0359375 0.0390625
0 1.59140625 0.39609375 0.0171875 0.0296875
0 1.3328125 0.31015625 0.009375 0.0171875
0 1.48984375 0.303125 0.0171875 0.021875
0 0.671875 0.3140625 0.053125 0.053125
0 0.709375 0.34296875 0.028125 0.0296875
0 0.5078125 0.4328125 0.015625 0.015625
0 0.52734375 0.434375 0.0140625 0.015625
0 0.403125 0.27734375 0.065625 0.0640625
0 0.15234375 0.42578125 0.0203125 0.0203125
0 0.08984375 0.43125 0.0171875 0.01875
0 0.08125 0.428125 0.0125 0.015625
0 0.04453125 0.4390625 0.0109375 0.015625
0 0.9046875 0.27734375 0.053125 0.0671875
