0 0.16171875 0.4734375 0.0359375 0.04375
0 0.3265625 0.50703125 0.0375 0.0390625
0 0.40859375 0.48359375 0.0296875 0.0359375
0 0.3890625 0.46953125 0.021875 0.0328125
0 0.3078125 0.19296875 0.021875 0.0421875
0 0.56953125 0.52109375 0.0328125 0.0359375
0 0.5921875 0.50625 0.028125 0.04375
0 0.58046875 0.4390625 0.0296875 0.04375
0 0.56015625 0.40546875 0.0265625 0.0359375
0 0.62578125 0.4 0.0296875 0.0375
0 0.646875 0.446875 0.03125 0.040625
0 0.696875 0.45625 0.034375 0.0375
0 0.75859375 0.4 0.0265625 0.0375
0 0.77265625 0.44921875 0.0296875 0.0359375
0 0.80390625 0.44765625 0.0328125 0.0328125
0 0.83828125 0.45234375 0.0234375 0.0296875
0 0.7609375 0.51328125 0.028125 0.0390625
0 0.8953125 0.4640625 0.028125 0.040625
0 0.975 0.340625 0.03125 0.0375
0 0.9390625 0.44453125 0.025 0.0296875
0 0.965625 0.46484375 0.028125 0.0328125
0 1.05390625 0.42109375 0.0296875 0.0359375
0 0.93828125 0.540625 0.0265625 0.046875
0 1.16015625 0.43125 0.0265625 0.028125
0 1.20625 0.45078125 0.03125 0.0359375
0 1.228125 0.39375 0.028125 0.040625
0 1.34453125 0.4421875 0.0328125 0.03125
0 1.3453125 0.4015625 0.028125 0.0375
0 1.39375 0.471875 0.028125 0.040625
0 1.45546875 0.403125 0.0265625 0.0375
