0 0.265625 0.56796875 0.028125 0.0296875
0 0.37890625 0.5578125 0.0296875 0.034375
0 0.50703125 0.55703125 0.0265625 0.0296875
0 0.309375 0.4640625 0.021875 0.03125
0 0.37734375 0.50625 0.0234375 0.034375
0 0.48359375 0.49140625 0.0234375 0.0296875
0 0.56015625 0.53125 0.0234375 0.03125
0 0.57578125 0.43203125 0.0203125 0.0265625
0 0.5078125 0.4 0.021875 0.025
0 0.42109375 0.41875 0.0234375 0.03125
0 0.34140625 0.3859375 0.0234375 0.028125
0 0.346875 0.328125 0.01875 0.021875
0 0.42265625 0.321875 0.0203125 0.025
0 0.45390625 0.3484375 0.0203125 0.028125
0 0.35859375 0.271875 0.0171875 0.025
0 0.43046875 0.26171875 0.0203125 0.0234375
0 0.54609375 0.25546875 0.0203125 0.0265625
0 0.61484375 0.2828125 0.0203125 0.021875
0 0.53203125 0.328125 0.0203125 0.025
0 0.5921875 0.35625 0.021875 0.025
0 0.6734375 0.3453125 0.01875 0.021875
0 0.67109375 0.2375 0.0203125 0.025
0 0.65546875 0.40390625 0.0203125 0.0234375
0 0.80234375 0.56953125 0.0265625 0.0328125
0 0.6375 0.59375 0.025 0.034375
0 0.72109375 0.52421875 0.0234375 0.0265625
0 0.64609375 0.47421875 0.0234375 0.0328125
0 0.72578125 0.440625 0.0203125 0.028125
0 0.80625 0.47421875 0.025 0.0328125
0 0.88984375 0.5234375 0.0234375 0.028125
0 0.88046875 0.453125 0.0234375 0.03125
0 0.9609375 0.48125 0.021875 0.028125
0 0.72890625 0.3703125 0.0203125 0.025
0 0.79921875 0.38828125 0.0203125 0.0265625
0 0.87265625 0.365625 0.0203125 0.025
0 0.7359375 0.3125 0.015625 0.021875
0 0.796875 0.31015625 0.01875 0.0234375
0 0.8046875 0.25 0.01875 0.025
0 0.86484375 0.296875 0.0203125 0.025
0 0.9046875 0.26015625 0.01875 0.0234375
0 0.93359375 0.30703125 0.0171875 0.0234375
0 0.98671875 0.2921875 0.0203125 0.021875
0 1.03515625 0.259375 0.0171875 0.025
0 0.95 0.390625 0.021875 0.028125
0 1.01328125 0.37578125 0.0203125 0.0265625
0 1.03359375 0.4375 0.0203125 0.025
0 1.06484375 0.32109375 0.0203125 0.0234375
0 1.12109375 0.30859375 0.0203125 0.0234375
0 1.13984375 0.26328125 0.0171875 0.0234375
0 1.22265625 0.27578125 0.0171875 0.0234375
0 1.290625 0.28515625 0.01875 0.0234375
0 1.30703125 0.31953125 0.0203125 0.0265625
0 1.2203125 0.3921875 0.021875 0.028125
0 1.1484375 0.35625 0.021875 0.025
0 1.18671875 0.31875 0.0203125 0.021875
0 1.08828125 0.40078125 0.0234375 0.0265625
0 1.18046875 0.43671875 0.0234375 0.0296875
0 1.34609375 0.39140625 0.0203125 0.0265625
0 1.1578125 0.55390625 0.028125 0.0390625
0 1.234375 0.53046875 0.025 0.0296875
0 1.32578125 0.5515625 0.0296875 0.034375
0 1.2828125 0.4875 0.021875 0.028125
0 1.128125 0.4796875 0.025 0.03125
0 1.05703125 0.53125 0.0234375 0.028125
0 0.98046875 0.56328125 0.0234375 0.0296875
0 1.45859375 0.546875 0.0265625 0.034375
0 1.3859375 0.478125 0.025 0.028125
