0 0.15859375 0.89609375 0.0171875 0.0234375
0 0.175 0.8703125 0.01875 0.028125
0 0.253125 0.88515625 0.01875 0.0296875
0 0.2015625 0.890625 0.015625 0.025
0 0.26796875 0.88984375 0.0171875 0.0234375
0 0.38671875 0.88828125 0.0203125 0.0265625
0 0.434375 0.840625 0.0125 0.015625
0 0.5328125 0.86875 0.015625 0.021875
0 0.5875 0.8734375 0.015625 0.025
0 0.6125 0.8828125 0.0125 0.015625
0 0.68359375 0.89453125 0.0203125 0.0234375
0 0.91953125 0.8921875 0.0203125 0.025
0 1.00546875 0.87578125 0.0203125 0.0296875
0 0.9828125 0.871875 0.01875 0.021875
0 0.95 0.84921875 0.015625 0.0171875
0 0.88515625 0.85390625 0.0109375 0.0140625
0 0.9203125 0.84296875 0.009375 0.0140625
0 1.15546875 0.86015625 0.0203125 0.0265625
0 1.27265625 0.878125 0.0234375 0.03125
0 0.42421875 0.8796875 0.0140625 0.015625
0 0.4453125 0.87734375 0.0125 0.0203125
0 0.4859375 0.88515625 0.015625 0.0203125
0 0.50078125 0.88828125 0.0171875 0.0234375
0 0.48203125 0.9078125 0.0140625 0.01875
0 0.21015625 0.865625 0.0171875 0.025
0 0.0890625 0.88125 0.015625 0.028125
0 0.015625 0.8796875 0.015625 0.028125
0 0.021875 0.8734375 0.0125 0.028125
0 0.12890625 0.88046875 0.0203125 0.0328125
0 0.33125 0.86015625 0.009375 0.0109375
0 0.68828125 0.8640625 0.0140625 0.015625
0 0.640625 0.86875 0.0125 0.01875
0 0.75 0.87109375 0.009375 0.0140625
0 0.76015625 0.86328125 0.0109375 0.0203125
0 0.86875 0.86875 0.015625 0.01875
0 0.7578125 0.9578125 0.015625 0.021875
0 0.85 0.8375 0.009375 0.0125
0 0.83125 0.94609375 0.015625 0.0203125
0 0.85546875 0.89375 0.0171875 0.01875
0 0.5015625 0.975 0.01875 0.025
