0 0.53515625 0.11171875 0.0234375 0.0296875
0 0.5984375 0.159375 0.021875 0.028125
0 0.64765625 0.2296875 0.0234375 0.03125
0 0.64140625 0.09609375 0.0203125 0.0265625
0 0.51171875 0.1046875 0.0203125 0.025
0 0.4734375 0.16484375 0.025 0.0296875
0 0.4375 0.0984375 0.021875 0.028125
0 0.33046875 0.09296875 0.0203125 0.0265625
0 0.365625 0.1203125 0.021875 0.028125
0 0.34140625 0.18671875 0.0234375 0.0296875
0 0.49765625 0.24375 0.0234375 0.03125
0 0.57265625 0.33359375 0.0296875 0.0359375
0 0.465625 0.33359375 0.028125 0.0359375
0 0.37421875 0.3296875 0.0296875 0.034375
0 0.6625 0.1203125 0.021875 0.021875
0 0.94140625 0.2375 0.0234375 0.03125
0 0.85625 0.15234375 0.021875 0.0265625
0 0.95390625 0.09765625 0.0171875 0.0265625
0 0.9296875 0.11796875 0.021875 0.0265625
0 0.86171875 0.08984375 0.0171875 0.0203125
0 0.79375 0.11640625 0.021875 0.0296875
0 0.7875 0.21484375 0.025 0.0296875
0 0.721875 0.153125 0.021875 0.028125
0 0.73046875 0.0921875 0.0203125 0.028125
0 0.88984375 0.31953125 0.0265625 0.0359375
0 0.78671875 0.2984375 0.0296875 0.040625
0 1.23046875 0.15390625 0.0234375 0.0296875
0 1.184375 0.07578125 0.01875 0.0265625
0 1.1609375 0.11484375 0.01875 0.0265625
0 1.1171875 0.08671875 0.01875 0.0265625
0 1.034375 0.0875 0.01875 0.028125
0 1.0515625 0.11875 0.021875 0.03125
0 1.11171875 0.159375 0.0234375 0.03125
0 1.09296875 0.2265625 0.0296875 0.0375
0 0.99453125 0.14921875 0.0265625 0.0328125
0 1.26953125 0.40390625 0.0265625 0.0359375
0 1.28046875 0.340625 0.0265625 0.0375
0 1.18125 0.33828125 0.03125 0.0359375
0 1.16015625 0.41171875 0.0359375 0.0453125
0 1.11015625 0.4578125 0.0296875 0.040625
0 1.01171875 0.4296875 0.0296875 0.04375
0 1.0859375 0.33046875 0.028125 0.0359375
0 0.990625 0.31875 0.03125 0.0375
0 1.43984375 0.47109375 0.0421875 0.0515625
0 0.1828125 0.43828125 0.03125 0.0390625
0 0.18828125 0.528125 0.0390625 0.05
0 0.30703125 0.41640625 0.0359375 0.0453125
0 0.48359375 0.45703125 0.0359375 0.0453125
0 0.4359375 0.40703125 0.034375 0.0421875
0 0.27734375 0.34921875 0.0265625 0.0359375
0 0.684375 0.3265625 0.028125 0.040625
0 0.84765625 0.42109375 0.0265625 0.0390625
0 0.7640625 0.4625 0.034375 0.04375
0 0.70546875 0.396875 0.0265625 0.0375
0 0.63125 0.49375 0.034375 0.046875
0 0.575 0.4234375 0.028125 0.0375
0 0.91953125 0.47265625 0.0359375 0.0453125
0 0.47109375 0.24140625 0.0203125 0.0265625
