0 0.04140625 0.2546875 0.0203125 0.025
0 0.08984375 0.23671875 0.0171875 0.0203125
0 0.13984375 0.2609375 0.0171875 0.01875
0 0.1859375 0.2375 0.028125 0.03125
0 0.240625 0.24296875 0.021875 0.0265625
0 0.27265625 0.23984375 0.0171875 0.0203125
0 0.3265625 0.2703125 0.0125 0.015625
0 0.34140625 0.2484375 0.0140625 0.0125
0 0.36796875 0.30546875 0.0140625 0.0140625
0 0.403125 0.20390625 0.025 0.0265625
0 0.35546875 0.23828125 0.0140625 0.0109375
0 0.4640625 0.240625 0.015625 0.01875
0 0.47421875 0.2296875 0.0140625 0.01875
0 0.51328125 0.21484375 0.0203125 0.0234375
0 0.53203125 0.2171875 0.0140625 0.01875
0 0.5546875 0.1921875 0.01875 0.021875
0 0.59609375 0.209375 0.0171875 0.025
0 0.57265625 0.2 0.0140625 0.015625
0 0.6421875 0.1953125 0.021875 0.028125
0 0.66328125 0.20625 0.0171875 0.021875
0 0.68828125 0.1953125 0.0171875 0.025
0 0.7171875 0.18359375 0.015625 0.0265625
0 0.7671875 0.29375 0.04375 0.059375
0 0.82265625 0.175 0.0140625 0.015625
0 0.84453125 0.18984375 0.0203125 0.0234375
0 0.88515625 0.18359375 0.0234375 0.0296875
0 0.88203125 0.275 0.0359375 0.05
0 0.9125 0.1859375 0.015625 0.021875
0 0.925 0.21328125 0.021875 0.0234375
0 0.984375 0.19609375 0.01875 0.0203125
0 0.97421875 0.18671875 0.0140625 0.0171875
0 1.02578125 0.16328125 0.0265625 0.0328125
0 1.05546875 0.17890625 0.0203125 0.0265625
0 1.07734375 0.17578125 0.0140625 0.0203125
0 1.14375 0.17734375 0.021875 0.0265625
0 1.16875 0.23359375 0.0375 0.0421875
0 1.16328125 0.1640625 0.0171875 0.01875
0 1.184375 0.15625 0.01875 0.021875
0 1.21015625 0.16328125 0.0203125 0.0328125
0 1.24765625 0.19609375 0.0265625 0.0359375
0 1.29765625 0.134375 0.0203125 0.03125
0 1.35546875 0.146875 0.0265625 0.0375
0 1.44140625 0.159375 0.0234375 0.021875
0 1.49765625 0.1671875 0.0265625 0.034375
0 1.4234375 0.23828125 0.059375 0.0703125
0 1.5875 0.13828125 0.025 0.0359375
0 0.29296875 0.24375 0.0109375 0.0125
0 0.98671875 0.18515625 0.0203125 0.0234375
