0 1.55625 0.39296875 0.03125 0.0609375
0 1.50390625 0.35 0.0328125 0.046875
0 1.415625 0.296875 0.04375 0.0625
0 1.32890625 0.31875 0.0390625 0.05625
0 1.2515625 0.28046875 0.046875 0.0640625
0 1.19375 0.25390625 0.04375 0.0640625
0 1.10546875 0.23203125 0.0421875 0.0515625
0 1.03203125 0.203125 0.0515625 0.065625
0 0.8234375 0.159375 0.05 0.071875
0 0.60234375 0.18359375 0.0609375 0.0703125
0 0.46640625 0.16953125 0.0609375 0.0515625
0 0.30625 0.1921875 0.053125 0.065625
0 0.1953125 0.2203125 0.046875 0.05625
0 1.353125 0.9796875 0.021875 0.0375
0 0.028125 1.10390625 0.03125 0.0453125
0 0.0375 1.00390625 0.0125 0.0296875
0 0.05546875 1.01953125 0.0140625 0.0296875
0 0.175 1.0953125 0.040625 0.0625
0 0.24140625 1.02734375 0.0296875 0.0328125
0 0.3578125 0.959375 0.059375 0.065625
0 0.58828125 0.90625 0.0484375 0.059375
0 1.2515625 0.97734375 0.028125 0.0421875
