0 0.09609375 0.31171875 0.0640625 0.0828125
0 0.1375 0.3015625 0.05625 0.078125
0 0.15703125 0.2640625 0.0453125 0.0625
0 0.1734375 0.321875 0.040625 0.059375
0 0.32265625 0.25703125 0.0609375 0.0796875
0 0.47578125 0.2359375 0.0453125 0.0625
0 0.49375 0.34375 0.046875 0.071875
0 0.55546875 0.26796875 0.0640625 0.0859375
0 0.7015625 0.2609375 0.05625 0.084375
0 0.8484375 0.1171875 0.096875 0.11875
0 1.02578125 0.325 0.0609375 0.08125
0 1.14921875 0.2453125 0.0609375 0.0875
0 1.29296875 0.65703125 0.0609375 0.0671875
0 1.29375 0.2703125 0.05625 0.065625
0 1.42890625 0.309375 0.0359375 0.065625
0 1.47578125 0.31875 0.0640625 0.08125
0 1.5515625 0.3203125 0.05 0.078125
0 1.053125 0.0453125 0.03125 0.04375
0 1.565625 0.7203125 0.05 0.059375
