0 1.08203125 0.43046875 0.0453125 0.0546875
0 0.971875 0.42578125 0.0625 0.0671875
0 0.81015625 0.44453125 0.0484375 0.0578125
0 0.7171875 0.453125 0.06875 0.06875
0 0.6609375 0.44296875 0.034375 0.0421875
0 0.6015625 0.47421875 0.04375 0.0484375
0 0.52265625 0.46015625 0.0296875 0.0484375
0 0.44453125 0.475 0.0296875 0.03125
0 0.3515625 0.46953125 0.028125 0.0328125
0 0.39453125 0.4125 0.0265625 0.021875
0 0.4109375 0.409375 0.015625 0.025
0 0.43046875 0.409375 0.0140625 0.01875
0 0.4484375 0.41640625 0.015625 0.0171875
0 0.34453125 0.43828125 0.0265625 0.0265625
0 0.28515625 0.41953125 0.0140625 0.0171875
0 0.30234375 0.4125 0.0171875 0.015625
0 0.0203125 0.38984375 0.009375 0.0109375
0 0.25234375 0.39375 0.0078125 0.009375
0 0.190625 0.39375 0.009375 0.009375
0 0.1796875 0.41796875 0.0125 0.0140625
0 0.2890625 0.375 0.009375 0.009375
0 0.3328125 0.37265625 0.009375 0.0109375
0 0.42578125 0.36953125 0.0109375 0.0140625
0 0.2671875 0.390625 0.009375 0.0125
0 0.6296875 0.40625 0.01875 0.025
0 0.83984375 0.384375 0.0109375 0.0125
0 1.1546875 0.47421875 0.05625 0.0703125
