0 1.321875 0.81796875 0.0125 0.0140625
0 1.45703125 0.815625 0.0171875 0.021875
0 1.1890625 0.92734375 0.025 0.0265625
0 1.20546875 0.765625 0.0140625 0.021875
0 1.0828125 0.77421875 0.0125 0.0171875
0 0.99453125 0.746875 0.0109375 0.015625
0 1.09921875 0.70625 0.0109375 0.0125
0 1.021875 0.69140625 0.0125 0.0140625
0 1.1890625 0.7109375 0.009375 0.0125
0 1.27578125 0.72109375 0.0109375 0.0171875
0 1.34140625 0.71328125 0.0109375 0.0109375
0 1.40625 0.70546875 0.0125 0.0171875
0 1.45703125 0.690625 0.0140625 0.015625
0 1.50703125 0.6890625 0.0109375 0.0125
0 1.55625 0.69765625 0.009375 0.0109375
0 1.43515625 0.64453125 0.0078125 0.0109375
0 1.33828125 0.63984375 0.0078125 0.0109375
0 1.246875 0.63515625 0.00625 0.0109375
0 1.1640625 0.6234375 0.00625 0.009375
0 1.13125 0.62890625 0.00625 0.0109375
0 1.0515625 0.6234375 0.00625 0.009375
0 1.00234375 0.6265625 0.0078125 0.009375
0 1.0046875 0.58671875 0.00625 0.0078125
0 1.05078125 0.58828125 0.0046875 0.0078125
0 1.09921875 0.590625 0.0046875 0.009375
0 1.10390625 0.603125 0.0046875 0.009375
0 1.140625 0.6 0.00625 0.00625
0 1.33828125 0.61875 0.0078125 0.009375
0 1.50859375 0.6203125 0.0078125 0.00625
0 1.54921875 0.621875 0.0078125 0.009375
0 1.54296875 0.65625 0.0078125 0.009375
0 1.32734375 0.56875 0.0078125 0.009375
0 0.94765625 0.6140625 0.0078125 0.009375
0 0.9703125 0.58828125 0.00625 0.0078125
0 0.903125 0.73125 0.0125 0.015625
0 0.8125 0.71640625 0.0125 0.0140625
0 0.72578125 0.68828125 0.0109375 0.0171875
0 0.66796875 0.68125 0.0109375 0.0125
0 0.59375 0.65390625 0.009375 0.0140625
0 0.55703125 0.6796875 0.0109375 0.015625
0 0.559375 0.628125 0.009375 0.0125
0 0.69765625 0.60859375 0.0078125 0.0109375
0 0.8046875 0.6234375 0.009375 0.0125
0 0.83671875 0.6734375 0.0078125 0.0125
0 0.88828125 0.6703125 0.0078125 0.015625
0 0.93828125 0.68125 0.0109375 0.0125
0 0.840625 0.6 0.00625 0.009375
0 0.89453125 0.6109375 0.0078125 0.009375
0 0.87890625 0.5828125 0.0046875 0.009375
0 0.80390625 0.578125 0.0078125 0.009375
0 0.75 0.60078125 0.00625 0.0078125
0 0.709375 0.5921875 0.00625 0.009375
0 0.671875 0.5890625 0.00625 0.00625
0 0.45859375 0.6703125 0.0109375 0.0125
0 0.01640625 0.70390625 0.0109375 0.0140625
0 0.196875 0.5296875 0.00625 0.009375
0 0.28203125 0.753125 0.0109375 0.01875
0 0.2578125 0.66015625 0.0125 0.0140625
0 0.0875 0.6734375 0.009375 0.0125
0 0.15703125 0.70546875 0.0109375 0.0140625
0 0.925 0.584375 0.00625 0.009375
