0 0.39921875 1.0453125 0.0171875 0.021875
0 0.43828125 1.0515625 0.0171875 0.021875
0 0.57578125 1.05703125 0.0140625 0.0171875
0 0.4796875 1.0359375 0.01875 0.025
0 0.5 0.9890625 0.015625 0.01875
0 0.53203125 0.9875 0.0140625 0.021875
0 0.565625 1.0171875 0.01875 0.021875
0 0.60703125 1.01328125 0.0140625 0.0203125
0 0.5921875 0.96328125 0.015625 0.0234375
0 0.69921875 0.9875 0.0171875 0.01875
0 0.76484375 0.95546875 0.0140625 0.0171875
0 0.75 0.94609375 0.0125 0.0140625
0 0.84296875 0.90859375 0.0140625 0.0203125
0 0.775 0.8921875 0.015625 0.021875
0 0.703125 0.89296875 0.015625 0.0203125
0 0.6890625 0.92109375 0.015625 0.0171875
0 0.80546875 0.8703125 0.0140625 0.01875
0 0.81953125 0.859375 0.0140625 0.015625
0 0.7 0.86328125 0.0125 0.0171875
0 0.7046875 0.84296875 0.0125 0.0171875
0 0.77109375 0.8390625 0.0109375 0.015625
0 0.8453125 0.83046875 0.0125 0.0140625
0 0.7640625 0.78515625 0.009375 0.0140625
0 0.8125 0.77734375 0.0125 0.0140625
0 0.86015625 0.78515625 0.0109375 0.0109375
0 0.88828125 0.74921875 0.0109375 0.0140625
0 0.8703125 0.7328125 0.0125 0.0125
0 0.85 0.72578125 0.00625 0.0109375
0 0.784375 0.81953125 0.009375 0.0140625
0 0.73515625 0.8875 0.0109375 0.015625
0 0.88125 0.84609375 0.0125 0.0140625
0 0.909375 0.71328125 0.009375 0.0140625
0 1.08671875 0.8671875 0.0109375 0.01875
0 1.1921875 0.85625 0.0125 0.0125
0 1.21015625 0.778125 0.0109375 0.0125
0 1.28046875 0.79921875 0.0109375 0.0109375
0 1.4546875 0.86953125 0.028125 0.0421875
0 1.06484375 0.7484375 0.0109375 0.0125
0 0.9984375 0.646875 0.009375 0.009375
0 1.08203125 0.64765625 0.0078125 0.0109375
0 1.10234375 0.653125 0.0078125 0.009375
0 1.1046875 0.68671875 0.009375 0.0109375
0 1.00703125 0.703125 0.0078125 0.009375
0 1.046875 0.66953125 0.009375 0.0078125
0 1.04375 0.65546875 0.009375 0.0109375
0 1.04453125 0.7078125 0.0109375 0.0125
0 0.8203125 1.02734375 0.015625 0.0203125
0 1.36484375 0.678125 0.0078125 0.00625
0 1.34140625 0.62734375 0.0078125 0.0109375
0 1.4203125 0.7203125 0.009375 0.009375
0 1.4453125 0.68671875 0.009375 0.0109375
0 1.46640625 0.73671875 0.0109375 0.0140625
0 1.26953125 0.67109375 0.0078125 0.0078125
0 0.96953125 0.77890625 0.0078125 0.0140625
0 0.92109375 0.690625 0.0078125 0.009375
0 1.24765625 0.709375 0.0078125 0.009375
0 1.23203125 0.66640625 0.0046875 0.0078125
0 1.221875 0.65703125 0.00625 0.0078125
0 1.259375 0.63125 0.00625 0.009375
0 1.2515625 0.625 0.00625 0.009375
0 1.2609375 0.6140625 0.009375 0.0125
0 1.27734375 0.759375 0.0078125 0.009375
0 1.11015625 0.62890625 0.0078125 0.0078125
0 1.5640625 0.22578125 0.046875 0.0578125
0 1.51953125 0.21875 0.0234375 0.028125
0 1.5046875 0.2296875 0.021875 0.03125
0 0.4109375 0.6671875 0.0125 0.0125
0 0.4046875 0.6484375 0.009375 0.0125
0 0.22109375 0.6703125 0.0109375 0.009375
0 0.24296875 0.66796875 0.0109375 0.0109375
0 0.19296875 0.640625 0.0078125 0.00625
0 0.1890625 0.65390625 0.00625 0.0109375
0 0.21328125 0.64140625 0.0078125 0.0078125
0 0.22734375 0.64453125 0.0109375 0.0109375
0 0.31328125 0.64296875 0.0078125 0.0078125
0 0.24296875 0.6140625 0.0078125 0.009375
0 0.19765625 0.57265625 0.0078125 0.0078125
0 0.215625 0.57421875 0.00625 0.0078125
0 0.25546875 0.58203125 0.0078125 0.0078125
0 0.2734375 0.59609375 0.009375 0.0078125
0 0.23359375 0.58359375 0.0046875 0.0046875
0 0.29765625 0.61875 0.0078125 0.00625
0 0.38515625 0.625 0.0078125 0.009375
0 0.4234375 0.6171875 0.009375 0.009375
0 0.33515625 0.59609375 0.0078125 0.0109375
0 0.35625 0.58359375 0.00625 0.0078125
0 0.40234375 0.58515625 0.0078125 0.0078125
0 0.3828125 0.58046875 0.00625 0.0078125
0 0.36640625 0.5890625 0.0078125 0.009375
0 0.31953125 0.56953125 0.0078125 0.0078125
0 0.33359375 0.55078125 0.0078125 0.0078125
0 0.2328125 0.571875 0.00625 0.00625
0 0.234375 0.5578125 0.00625 0.00625
0 0.28046875 0.57265625 0.0078125 0.0078125
0 0.45078125 0.60234375 0.0046875 0.0078125
0 0.465625 0.59375 0.00625 0.009375
0 0.43671875 0.590625 0.0078125 0.009375
0 0.4140625 0.59140625 0.009375 0.0109375
0 0.4046875 0.6171875 0.009375 0.009375
0 0.4828125 0.57734375 0.00625 0.0078125
0 0.41875 0.5421875 0.00625 0.00625
0 0.4765625 0.653125 0.009375 0.0125
0 0.02890625 0.6078125 0.0078125 0.009375
0 0.07890625 0.6296875 0.0109375 0.0125
0 0.02421875 0.65234375 0.0109375 0.0109375
0 0.00625 0.6625 0.00625 0.0125
0 0.053125 0.6859375 0.009375 0.009375
0 0.075 0.6703125 0.009375 0.009375
0 0.046875 0.65703125 0.009375 0.0109375
0 0.06171875 0.68203125 0.0078125 0.0078125
0 0.1296875 0.67734375 0.009375 0.0109375
0 0.10390625 0.66484375 0.0078125 0.0109375
0 0.09921875 0.64921875 0.0078125 0.0078125
0 0.11015625 0.64375 0.0078125 0.009375
0 0.11640625 0.62109375 0.0078125 0.0078125
0 0.115625 0.5953125 0.00625 0.009375
0 0.14921875 0.6859375 0.0078125 0.009375
0 0.153125 0.67578125 0.00625 0.0109375
0 0.16953125 0.68203125 0.0109375 0.0109375
0 0.10234375 0.56328125 0.0078125 0.0078125
0 0.0921875 0.553125 0.00625 0.00625
0 0.03125 0.571875 0.00625 0.009375
0 0.14765625 0.5875 0.0078125 0.00625
0 0.1375 0.6078125 0.009375 0.009375
0 0.19921875 0.62734375 0.0078125 0.0109375
0 0.20859375 0.6234375 0.0078125 0.009375
0 0.278125 0.6421875 0.009375 0.009375
0 0.24140625 0.64375 0.0078125 0.009375
0 0.3125 0.590625 0.00625 0.009375
0 0.29375 0.52578125 0.00625 0.0046875
0 0.3078125 0.52578125 0.00625 0.0046875
0 0.4015625 0.51796875 0.00625 0.0078125
0 0.41015625 0.515625 0.0046875 0.00625
0 0.00625 0.69765625 0.0125 0.0140625
0 0.00859375 0.7453125 0.0109375 0.0125
0 0.06484375 0.72109375 0.0140625 0.0140625
0 0.1109375 0.715625 0.009375 0.009375
0 0.13671875 0.71796875 0.0078125 0.0078125
0 0.325 0.62109375 0.009375 0.0109375
0 0.1859375 0.66796875 0.009375 0.0140625
0 1.03046875 0.63671875 0.0078125 0.0109375
0 0.45859375 0.571875 0.0078125 0.009375
0 0.23203125 0.6 0.0078125 0.009375
