0 0.1265625 0.4546875 0.03125 0.034375
0 0.15859375 0.43203125 0.0359375 0.0484375
0 0.196875 0.434375 0.040625 0.046875
0 0.25703125 0.39375 0.0453125 0.05625
0 0.4546875 0.4453125 0.0375 0.046875
0 0.540625 0.4078125 0.04375 0.05
0 0.62109375 0.41328125 0.0421875 0.0515625
0 0.75625 0.46015625 0.04375 0.0546875
0 0.8046875 0.45390625 0.025 0.0328125
0 0.88125 0.446875 0.040625 0.05
0 0.97578125 0.4375 0.0390625 0.053125
0 1.22734375 0.28515625 0.0578125 0.0828125
0 1.4046875 0.509375 0.01875 0.01875
0 1.42109375 0.49921875 0.0171875 0.0234375
0 1.38046875 0.58828125 0.0203125 0.0265625
0 1.44296875 0.5875 0.0234375 0.034375
0 1.51796875 0.471875 0.0328125 0.046875
0 1.346875 0.5046875 0.03125 0.0375
0 1.43125 0.61484375 0.01875 0.0234375
0 1.5921875 0.48125 0.015625 0.034375
0 1.0078125 0.2140625 0.0125 0.01875
0 0.97890625 0.2359375 0.0140625 0.01875
0 0.95234375 0.21015625 0.0140625 0.0171875
