0 0.0859375 0.1296875 0.021875 0.028125
0 0.15234375 0.12734375 0.0171875 0.0203125
0 0.2296875 0.1109375 0.021875 0.028125
0 0.2859375 0.14453125 0.0125 0.0203125
0 0.321875 0.12265625 0.015625 0.0234375
0 0.36015625 0.16171875 0.0265625 0.0328125
0 0.45859375 0.1453125 0.0234375 0.028125
0 0.43984375 0.12890625 0.0203125 0.0203125
0 0.359375 0.12109375 0.009375 0.0109375
0 0.5046875 0.140625 0.0125 0.01875
0 0.5359375 0.1328125 0.009375 0.0125
0 0.59296875 0.1171875 0.0234375 0.03125
0 0.62578125 0.134375 0.0203125 0.025
0 0.66171875 0.11875 0.0109375 0.009375
0 0.66875 0.19921875 0.009375 0.0109375
0 0.6953125 0.18203125 0.009375 0.0109375
0 0.7421875 0.1203125 0.009375 0.0125
0 0.725 0.11328125 0.00625 0.0109375
0 0.7765625 0.1390625 0.021875 0.025
0 0.80625 0.1421875 0.015625 0.021875
0 0.80078125 0.1078125 0.0109375 0.0125
0 0.83984375 0.121875 0.0109375 0.0125
0 0.8765625 0.12734375 0.009375 0.0140625
0 0.90078125 0.13046875 0.0078125 0.0109375
0 0.88984375 0.19296875 0.0109375 0.0171875
0 0.85546875 0.19140625 0.0109375 0.0140625
0 0.734375 0.18203125 0.009375 0.0140625
0 0.95390625 0.13828125 0.0203125 0.0265625
0 1.10234375 0.146875 0.0171875 0.021875
0 1.16484375 0.1734375 0.0203125 0.040625
0 1.18203125 0.10546875 0.0078125 0.0140625
0 1.221875 0.10859375 0.0125 0.0140625
0 1.259375 0.10625 0.009375 0.0125
0 1.28515625 0.13203125 0.0109375 0.0140625
0 1.21484375 0.1828125 0.0109375 0.015625
0 1.26875 0.1875 0.009375 0.01875
0 1.18203125 0.21171875 0.0140625 0.0203125
0 1.2421875 0.21640625 0.0125 0.0203125
0 1.3359375 0.17109375 0.03125 0.0421875
0 1.31953125 0.1265625 0.0109375 0.0125
0 1.34140625 0.1140625 0.0140625 0.015625
0 1.39765625 0.10546875 0.0109375 0.0140625
0 1.43828125 0.115625 0.0078125 0.015625
0 1.45078125 0.19296875 0.0171875 0.0234375
0 1.36796875 0.2421875 0.0140625 0.015625
0 1.509375 0.1765625 0.01875 0.03125
0 1.52109375 0.19765625 0.0140625 0.0234375
0 1.5859375 0.23125 0.0125 0.021875
0 0.9703125 0.1484375 0.0125 0.01875
0 1.41328125 0.13671875 0.0171875 0.0171875
0 1.421875 0.14375 0.009375 0.0125
0 0.24453125 0.1203125 0.0109375 0.015625
