0 0.25859375 0.68046875 0.0328125 0.0421875
0 0.43203125 0.63828125 0.0328125 0.0484375
0 0.2984375 0.58125 0.015625 0.01875
0 0.515625 0.63828125 0.025 0.0265625
0 0.59375 0.63125 0.015625 0.01875
0 0.575 0.59453125 0.009375 0.0109375
0 0.81953125 0.715625 0.0328125 0.040625
0 0.6140625 0.67890625 0.03125 0.0328125
0 0.71171875 0.68046875 0.0265625 0.0328125
0 0.7671875 0.65703125 0.021875 0.0296875
0 0.73671875 0.625 0.0203125 0.021875
0 1.00234375 0.68125 0.0359375 0.03125
0 0.95625 0.60546875 0.021875 0.0265625
0 0.9078125 0.5609375 0.01875 0.021875
0 0.9484375 0.54375 0.01875 0.01875
0 0.41328125 0.5921875 0.0203125 0.015625
0 0.81796875 0.546875 0.0140625 0.0125
0 0.89140625 0.56953125 0.0109375 0.0140625
0 1.0515625 0.61171875 0.01875 0.0234375
0 1.034375 0.60703125 0.0125 0.0140625
0 0.8953125 0.6640625 0.0125 0.0125
0 1.1125 0.63828125 0.01875 0.0234375
0 0.99296875 0.56171875 0.0109375 0.0109375
0 1.07734375 0.56171875 0.0171875 0.0171875
0 1.15078125 0.61953125 0.0171875 0.0203125
0 1.20625 0.55078125 0.025 0.0328125
0 0.6734375 0.56796875 0.0125 0.0140625
0 1.265625 0.7234375 0.034375 0.0375
0 1.18515625 0.659375 0.0109375 0.0125
0 1.3765625 0.51875 0.025 0.034375
0 1.43359375 0.53671875 0.0234375 0.0359375
0 1.2859375 0.6671875 0.01875 0.021875
