0 0.04375 0.7921875 0.0125 0.0125
0 0.08828125 0.75859375 0.0078125 0.0140625
0 0.0984375 0.80703125 0.0125 0.0140625
0 0.27109375 0.815625 0.0140625 0.01875
0 0.18203125 0.86796875 0.0140625 0.0171875
0 0.33125 0.83515625 0.015625 0.0171875
0 0.415625 0.8296875 0.009375 0.01875
0 0.49921875 0.8421875 0.0109375 0.015625
0 0.5828125 0.85234375 0.0125 0.0140625
0 0.66640625 0.85546875 0.0109375 0.0140625
0 0.7703125 0.87421875 0.015625 0.0234375
0 0.5984375 0.79609375 0.009375 0.0140625
0 0.68828125 0.79140625 0.0140625 0.0171875
0 0.73515625 0.79140625 0.0140625 0.0140625
0 0.76171875 0.77734375 0.0078125 0.0109375
0 0.7734375 0.7921875 0.009375 0.015625
0 0.7953125 0.790625 0.00625 0.0125
0 0.55546875 0.69609375 0.0078125 0.0078125
0 0.51953125 0.6921875 0.0078125 0.009375
0 0.23046875 0.7234375 0.0078125 0.00625
0 0.8140625 0.79296875 0.009375 0.0109375
0 0.853125 0.79921875 0.00625 0.0140625
0 0.89609375 0.78984375 0.0109375 0.0140625
0 0.909375 0.77734375 0.009375 0.0109375
0 0.94609375 0.78203125 0.0140625 0.0140625
0 0.97578125 0.76953125 0.0078125 0.0109375
0 0.92265625 0.76640625 0.0109375 0.0078125
0 0.88359375 0.7671875 0.0109375 0.0125
0 0.8375 0.771875 0.009375 0.009375
0 0.84921875 0.75546875 0.0078125 0.0078125
0 0.96953125 0.74140625 0.0109375 0.0109375
0 0.98203125 0.753125 0.0078125 0.009375
0 1.04453125 0.76015625 0.0109375 0.0109375
0 1.06953125 0.74296875 0.0078125 0.0078125
0 1.09765625 0.75078125 0.0078125 0.0078125
0 1.13828125 0.74453125 0.0109375 0.0109375
0 1.12109375 0.740625 0.0078125 0.009375
0 1.17890625 0.74140625 0.0078125 0.0109375
0 1.1640625 0.73203125 0.00625 0.0078125
0 1.215625 0.7375 0.009375 0.009375
0 1.2421875 0.72421875 0.009375 0.0109375
0 1.2703125 0.73203125 0.00625 0.0078125
0 1.21328125 0.7234375 0.0078125 0.00625
0 1.1953125 0.71640625 0.009375 0.0109375
0 1.30625 0.69765625 0.00625 0.0109375
0 1.38203125 0.70078125 0.0078125 0.0078125
0 1.4 0.709375 0.00625 0.00625
0 1.440625 0.70859375 0.00625 0.0078125
0 1.3328125 0.70625 0.00625 0.00625
0 1.3203125 0.7046875 0.00625 0.009375
0 1.3484375 0.6984375 0.00625 0.00625
0 1.3640625 0.7078125 0.003125 0.009375
0 1.16640625 0.8484375 0.0109375 0.015625
0 1.3265625 1.090625 0.025 0.028125
0 1.1984375 1.16171875 0.03125 0.0328125
0 1.125 1.171875 0.021875 0.03125
0 1.46015625 0.88125 0.0109375 0.01875
0 1.49765625 0.8703125 0.0140625 0.01875
0 1.525 0.90625 0.015625 0.025
0 1.4203125 0.871875 0.015625 0.015625
0 1.45 0.86875 0.015625 0.01875
0 1.3953125 0.85390625 0.009375 0.0140625
0 1.31015625 0.9203125 0.0140625 0.028125
0 1.47109375 1.13125 0.0234375 0.034375
0 1.4234375 1.19296875 0.025 0.0359375
0 1.37734375 1.13125 0.0265625 0.040625
0 1.4453125 1.11640625 0.025 0.0359375
0 1.25234375 1.1515625 0.0234375 0.034375
0 1.2484375 1.071875 0.021875 0.03125
0 1.3203125 1.13515625 0.021875 0.0328125
0 1.5234375 1.09765625 0.025 0.0328125
0 1.2703125 1.02734375 0.015625 0.0203125
0 1.18671875 1.09296875 0.0171875 0.0265625
0 1.1734375 1.04765625 0.015625 0.0265625
0 1.565625 1.17265625 0.025 0.0328125
0 1.584375 1.09921875 0.021875 0.0296875
0 1.36015625 1.04375 0.0203125 0.03125
0 1.50390625 1.13984375 0.0203125 0.0234375
0 1.49296875 1.175 0.0234375 0.034375
0 1.1578125 1.14609375 0.028125 0.0359375
