0 1.05390625 0.36875 0.0203125 0.03125
0 1.178125 0.3578125 0.0125 0.015625
0 1.3921875 0.3515625 0.015625 0.025
0 1.5140625 0.3328125 0.021875 0.028125
0 0.41640625 0.32734375 0.0296875 0.0484375
0 0.14921875 0.34140625 0.0265625 0.0265625
0 0.5109375 0.34140625 0.021875 0.0265625
0 0.653125 0.31875 0.015625 0.01875
0 0.74296875 0.31484375 0.0171875 0.0171875
0 0.80390625 0.3421875 0.0140625 0.015625
0 0.7046875 0.35703125 0.009375 0.0140625
0 0.6203125 0.34921875 0.0125 0.0140625
0 0.47109375 0.34375 0.0109375 0.0125
0 0.3734375 0.35546875 0.015625 0.0171875
0 0.34609375 0.3421875 0.0109375 0.015625
0 0.228125 0.33359375 0.009375 0.0109375
0 0.00703125 0.34140625 0.0140625 0.0171875
0 0.046875 0.33828125 0.009375 0.0109375
