0 0.0625 0.3734375 0.0375 0.053125
0 0.240625 0.390625 0.0375 0.0375
0 0.38984375 0.39453125 0.0359375 0.0453125
0 0.50703125 0.36015625 0.0296875 0.0390625
0 0.653125 0.3984375 0.0375 0.04375
0 0.45234375 0.38984375 0.0171875 0.0265625
0 0.28671875 0.4765625 0.0328125 0.03125
0 0.7171875 0.396875 0.0125 0.01875
0 0.79296875 0.34375 0.0359375 0.040625
0 0.9625 0.39375 0.0125 0.01875
0 0.93671875 0.396875 0.0140625 0.01875
0 0.90625 0.39921875 0.0125 0.0140625
0 0.99453125 0.38984375 0.0109375 0.0171875
0 1.23359375 0.38671875 0.0109375 0.0171875
0 1.4921875 0.3671875 0.028125 0.065625
0 1.47734375 0.37578125 0.0265625 0.0484375
0 1.26796875 0.39453125 0.0078125 0.0140625
