0 1.353125 0.73671875 0.090625 0.1140625
0 1.4578125 0.58125 0.059375 0.078125
0 1.53125 0.53984375 0.053125 0.0546875
0 1.39140625 0.56171875 0.0515625 0.0484375
0 1.3796875 0.52109375 0.034375 0.0484375
0 1.26796875 0.64296875 0.0484375 0.0640625
0 1.13203125 0.675 0.0828125 0.115625
0 0.9984375 0.6953125 0.053125 0.06875
0 0.984375 0.61640625 0.04375 0.0546875
0 1.2671875 0.52109375 0.025 0.0390625
0 1.475 0.48359375 0.025 0.0296875
0 1.57109375 0.41796875 0.0140625 0.0171875
0 1.5515625 0.42109375 0.015625 0.0203125
0 1.5203125 0.4078125 0.015625 0.01875
0 1.41484375 0.42421875 0.0109375 0.0140625
0 1.321875 0.4375 0.015625 0.021875
0 1.359375 0.42109375 0.015625 0.0203125
0 1.390625 0.396875 0.0125 0.01875
0 1.3015625 0.440625 0.015625 0.021875
0 1.275 0.46015625 0.01875 0.0265625
0 1.30234375 0.47578125 0.0203125 0.0234375
0 1.35 0.484375 0.01875 0.025
0 1.19765625 0.5015625 0.0296875 0.04375
0 1.21796875 0.49375 0.0203125 0.034375
0 1.253125 0.4703125 0.025 0.021875
0 1.23203125 0.45546875 0.0171875 0.0265625
0 1.1921875 0.446875 0.021875 0.028125
0 1.221875 0.421875 0.01875 0.021875
0 1.24921875 0.4203125 0.0140625 0.021875
0 1.1046875 0.47734375 0.021875 0.0296875
0 1.10859375 0.4390625 0.0203125 0.03125
0 1.06953125 0.4890625 0.0234375 0.03125
0 1.1734375 0.39453125 0.0125 0.0140625
0 1.15234375 0.4015625 0.0109375 0.015625
0 1.07578125 0.38203125 0.0109375 0.0140625
0 1.1015625 0.41953125 0.0125 0.0203125
0 1.3125 0.396875 0.0125 0.015625
0 1.33671875 0.40390625 0.0140625 0.0140625
0 1.3546875 0.3765625 0.0125 0.0125
0 1.39765625 0.36484375 0.0078125 0.0109375
0 1.26015625 0.36640625 0.0078125 0.0109375
0 1.27109375 0.36328125 0.0078125 0.0078125
0 1.21328125 0.38828125 0.0109375 0.0140625
0 1.184375 0.37109375 0.009375 0.0140625
0 1.1390625 0.35390625 0.009375 0.0109375
0 1.159375 0.35234375 0.009375 0.0109375
0 1.35859375 0.3515625 0.0078125 0.009375
0 1.08359375 0.3515625 0.0109375 0.0125
0 0.96171875 0.3875 0.0140625 0.01875
0 0.97421875 0.4 0.0140625 0.01875
0 1.0078125 0.36015625 0.009375 0.0140625
0 0.98359375 0.34921875 0.0078125 0.0109375
0 0.9 0.371875 0.0125 0.0125
0 0.9203125 0.3640625 0.009375 0.0125
0 0.909375 0.47734375 0.028125 0.0390625
0 0.9484375 0.428125 0.01875 0.025
0 0.81796875 0.4765625 0.0234375 0.03125
0 0.78046875 0.46328125 0.0265625 0.0296875
0 0.790625 0.40078125 0.015625 0.0203125
0 0.81328125 0.4046875 0.0140625 0.021875
0 0.7921875 0.3828125 0.0125 0.01875
0 0.99765625 0.4125 0.0171875 0.01875
0 0.69765625 0.33359375 0.0078125 0.0109375
0 0.7390625 0.35234375 0.009375 0.0109375
0 0.76484375 0.35390625 0.0078125 0.0109375
0 0.7546875 0.35390625 0.00625 0.0078125
0 0.78515625 0.36015625 0.0078125 0.0109375
0 0.778125 0.37109375 0.009375 0.0109375
0 0.778125 0.34921875 0.00625 0.0109375
0 0.76171875 0.4109375 0.0140625 0.01875
0 0.72421875 0.39453125 0.0109375 0.0171875
0 0.70390625 0.37578125 0.0109375 0.0171875
0 0.68984375 0.37421875 0.0109375 0.0140625
0 0.67578125 0.3734375 0.0109375 0.0125
0 0.68125 0.33984375 0.009375 0.0109375
0 0.6546875 0.34921875 0.00625 0.0109375
0 0.671875 0.3609375 0.009375 0.0125
0 0.63125 0.4015625 0.015625 0.025
0 0.6765625 0.43125 0.01875 0.015625
0 0.69609375 0.48359375 0.0265625 0.0328125
0 0.74140625 0.46953125 0.0328125 0.0359375
0 0.63671875 0.5046875 0.0328125 0.0375
0 0.65625 0.47578125 0.028125 0.0359375
0 0.55234375 0.45390625 0.0296875 0.0359375
0 0.5296875 0.45390625 0.025 0.0328125
0 0.54921875 0.38125 0.0171875 0.01875
0 0.56875 0.36328125 0.009375 0.0109375
0 0.59140625 0.365625 0.0140625 0.015625
0 0.6359375 0.3625 0.009375 0.0125
0 0.60078125 0.35625 0.0109375 0.0125
0 0.703125 0.36015625 0.0125 0.0140625
0 0.64765625 0.33125 0.0078125 0.0125
0 0.828125 0.421875 0.0125 0.01875
0 0.51484375 0.5296875 0.0328125 0.0375
0 0.3875 0.3921875 0.01875 0.025
0 0.4828125 0.4046875 0.01875 0.025
0 0.4453125 0.42109375 0.015625 0.0203125
0 0.37890625 0.4296875 0.0203125 0.025
0 0.33515625 0.42421875 0.0171875 0.0234375
0 0.28203125 0.4046875 0.0171875 0.025
0 0.3125 0.36484375 0.009375 0.0140625
0 0.2671875 0.353125 0.0125 0.01875
0 0.25625 0.43984375 0.01875 0.0234375
0 0.18046875 0.46328125 0.0296875 0.0359375
0 0.39296875 0.51328125 0.0359375 0.0484375
0 0.453125 0.4859375 0.028125 0.0375
0 0.2359375 0.48359375 0.021875 0.0359375
0 0.20859375 0.39453125 0.0171875 0.0234375
0 0.1359375 0.38203125 0.021875 0.0234375
0 0.0890625 0.41015625 0.01875 0.0265625
0 0.08046875 0.35390625 0.0140625 0.0203125
0 0.015625 0.45703125 0.03125 0.0421875
0 0.115625 0.45859375 0.028125 0.0390625
0 0.04140625 0.55390625 0.0453125 0.0453125
0 0.16796875 0.5734375 0.0578125 0.065625
0 0.27890625 0.62578125 0.0359375 0.0484375
0 0.26015625 0.71171875 0.0578125 0.0671875
0 0.209375 0.4296875 0.015625 0.028125
0 0.60078125 0.55703125 0.0421875 0.0484375
0 0.7328125 0.578125 0.04375 0.0625
0 0.70859375 0.78671875 0.1015625 0.1703125
0 0.540625 0.9578125 0.165625 0.215625
0 1.1859375 0.9953125 0.11875 0.153125
0 0.0375 0.87109375 0.071875 0.1328125
0 0.01484375 0.71171875 0.0296875 0.0609375
0 0.86484375 0.45859375 0.0171875 0.0265625
0 0.95625 0.3640625 0.0125 0.015625
0 1.0140625 0.37421875 0.009375 0.0140625
0 1.2375 0.35078125 0.009375 0.0109375
0 1.2265625 0.3546875 0.00625 0.009375
0 0.9359375 0.6078125 0.05 0.06875
0 0.63125 0.15 0.025 0.03125
0 0.128125 0.571875 0.040625 0.053125
0 0.175 0.40078125 0.015625 0.0234375
0 0.278125 0.371875 0.015625 0.025
