0 0.7578125 0.171875 0.146875 0.1875
0 0.78828125 0.04609375 0.0453125 0.0546875
0 0.83515625 0.1015625 0.0328125 0.05625
0 0.92109375 0.07265625 0.0453125 0.0546875
0 1.0078125 0.0578125 0.065625 0.096875
0 0.01484375 0.1578125 0.0265625 0.103125
0 0.02734375 0.090625 0.0453125 0.084375
0 0.06796875 0.059375 0.0265625 0.040625
0 0.10625 0.04375 0.0375 0.05
0 0.153125 0.0546875 0.046875 0.06875
0 0.19765625 0.03125 0.0390625 0.046875
0 0.26015625 0.13203125 0.0609375 0.0859375
0 0.5796875 0.11484375 0.028125 0.0484375
0 0.60390625 0.0703125 0.0390625 0.046875
0 1.18828125 0.0953125 0.0921875 0.11875
0 1.359375 0.046875 0.059375 0.06875
0 1.521875 0.090625 0.0625 0.078125
0 0.3515625 0.053125 0.028125 0.05
0 0.4921875 0.1109375 0.028125 0.0625
