0 0.04609375 0.02421875 0.0109375 0.0171875
0 0.05859375 0.03515625 0.0140625 0.0203125
0 0.0671875 0.01796875 0.0125 0.0140625
0 0.09453125 0.01953125 0.0140625 0.0203125
0 0.11171875 0.0375 0.0109375 0.015625
0 0.1015625 0.03671875 0.009375 0.0171875
0 0.0328125 0.053125 0.009375 0.025
0 0.03828125 0.08046875 0.0140625 0.0203125
0 0.05390625 0.11484375 0.0234375 0.0265625
0 0.03828125 0.12890625 0.0171875 0.0234375
0 0.11328125 0.08359375 0.0140625 0.0140625
0 0.14609375 0.01015625 0.0140625 0.0203125
0 0.1796875 0.0640625 0.01875 0.025
0 0.20078125 0.040625 0.0140625 0.025
0 0.23828125 0.0515625 0.0140625 0.021875
0 0.24921875 0.009375 0.0171875 0.01875
0 0.271875 0.01875 0.009375 0.021875
0 0.2859375 0.02265625 0.015625 0.0203125
0 0.3109375 0.01171875 0.0125 0.0171875
0 0.2984375 0.05390625 0.0125 0.0171875
0 0.3 0.03671875 0.0125 0.0171875
0 0.09921875 0.1125 0.0265625 0.028125
0 0.12578125 0.09921875 0.0203125 0.0234375
0 0.140625 0.10078125 0.015625 0.0265625
0 0.13203125 0.12109375 0.0140625 0.0203125
0 0.1421875 0.12109375 0.009375 0.0171875
0 0.1296875 0.14296875 0.0125 0.0203125
0 0.1015625 0.16171875 0.01875 0.0234375
0 0.059375 0.1421875 0.015625 0.021875
0 0.06171875 0.16953125 0.0171875 0.0203125
0 0.05078125 0.1890625 0.0203125 0.025
0 0.06953125 0.196875 0.0203125 0.025
0 0.04453125 0.2328125 0.0171875 0.01875
0 0.07265625 0.23046875 0.0203125 0.0265625
0 0.0921875 0.19453125 0.015625 0.0265625
0 0.08671875 0.23671875 0.0171875 0.0234375
0 0.0890625 0.26171875 0.01875 0.0234375
0 0.0421875 0.25859375 0.01875 0.0203125
0 0.0671875 0.31171875 0.021875 0.0234375
0 0.09921875 0.35859375 0.0171875 0.0203125
0 0.1140625 0.35625 0.0125 0.0125
0 0.1546875 0.32265625 0.021875 0.0265625
0 0.1671875 0.3109375 0.01875 0.021875
0 0.121875 0.26484375 0.0125 0.0234375
0 0.17890625 0.24375 0.0203125 0.025
0 0.14296875 0.215625 0.0140625 0.021875
0 0.15078125 0.1828125 0.0171875 0.025
0 0.18515625 0.209375 0.0109375 0.01875
0 0.22421875 0.240625 0.0203125 0.021875
0 0.21171875 0.178125 0.0171875 0.021875
0 0.203125 0.08203125 0.015625 0.0234375
0 0.228125 0.08046875 0.01875 0.0265625
0 0.2359375 0.0859375 0.009375 0.015625
0 0.1671875 0.12578125 0.0125 0.0140625
0 0.23125 0.12421875 0.015625 0.0265625
0 0.25859375 0.184375 0.0234375 0.025
0 0.29375 0.1296875 0.015625 0.021875
0 0.2734375 0.13828125 0.0125 0.0265625
0 0.29296875 0.23125 0.0171875 0.021875
0 0.30859375 0.23515625 0.0171875 0.0234375
0 0.325 0.22421875 0.01875 0.0234375
0 0.33828125 0.15390625 0.0140625 0.0203125
0 0.28046875 0.0984375 0.0140625 0.01875
0 0.27578125 0.06796875 0.0140625 0.0234375
0 0.3515625 0.075 0.015625 0.025
0 0.37421875 0.0765625 0.0140625 0.025
0 0.39140625 0.07421875 0.0140625 0.0171875
0 0.3515625 0.05625 0.0125 0.015625
0 0.33828125 0.040625 0.0140625 0.01875
0 0.32265625 0.04375 0.0109375 0.01875
0 0.3359375 0.0203125 0.0125 0.015625
0 0.3625 0.0375 0.009375 0.01875
0 0.36953125 0.115625 0.0140625 0.021875
0 0.3140625 0.0921875 0.015625 0.021875
0 0.39921875 0.0140625 0.0171875 0.021875
0 0.4484375 0.04453125 0.015625 0.0203125
0 0.4515625 0.0671875 0.0125 0.021875
0 0.41015625 0.05078125 0.0109375 0.0203125
0 0.46875 0.06796875 0.0125 0.0203125
0 0.484375 0.08359375 0.0125 0.0171875
0 0.4625 0.02890625 0.0125 0.0171875
0 0.496875 0.01953125 0.0125 0.0203125
0 0.55625 0.01640625 0.009375 0.0171875
0 0.55546875 0.0375 0.0140625 0.01875
0 0.57890625 0.04296875 0.0140625 0.0265625
0 0.58984375 0.03046875 0.0140625 0.0234375
0 0.6109375 0.03671875 0.015625 0.0234375
0 0.54375 0.06640625 0.015625 0.0265625
0 0.60703125 0.078125 0.0140625 0.021875
0 0.584375 0.07109375 0.009375 0.0203125
0 0.6203125 0.06484375 0.015625 0.0234375
0 0.43515625 0.09765625 0.0140625 0.0203125
0 0.46015625 0.1046875 0.0140625 0.01875
0 0.5015625 0.1046875 0.0125 0.021875
0 0.50234375 0.075 0.0140625 0.021875
0 0.43203125 0.153125 0.0140625 0.01875
0 0.48828125 0.125 0.0140625 0.021875
0 0.5296875 0.1328125 0.0125 0.021875
0 0.5109375 0.125 0.0125 0.021875
0 0.53046875 0.10390625 0.0140625 0.0265625
0 0.61328125 0.11015625 0.0140625 0.0234375
0 0.4 0.15859375 0.0125 0.0203125
0 0.415625 0.15703125 0.0125 0.0203125
0 0.39140625 0.1828125 0.0203125 0.025
0 0.3984375 0.21328125 0.021875 0.0296875
0 0.37109375 0.196875 0.0171875 0.025
0 0.44609375 0.18671875 0.0140625 0.0265625
0 0.4765625 0.18515625 0.015625 0.0234375
0 0.3171875 0.1765625 0.01875 0.015625
0 0.2625 0.15703125 0.0125 0.0171875
0 0.27578125 0.21875 0.0171875 0.021875
0 0.22890625 0.31640625 0.0140625 0.0265625
0 0.2234375 0.35234375 0.01875 0.0265625
0 0.253125 0.31953125 0.01875 0.0265625
0 0.25625 0.3515625 0.01875 0.025
0 0.28671875 0.34921875 0.0171875 0.0234375
0 0.3375 0.33828125 0.021875 0.0265625
0 0.31796875 0.35234375 0.0171875 0.0265625
0 0.22734375 0.38515625 0.0171875 0.0203125
0 0.29140625 0.26640625 0.0171875 0.0203125
0 0.325 0.28828125 0.01875 0.0265625
0 0.33671875 0.30078125 0.0140625 0.0203125
0 0.34140625 0.26875 0.0171875 0.021875
0 0.33828125 0.24453125 0.0140625 0.0171875
0 0.39375 0.26953125 0.01875 0.0265625
0 0.42578125 0.29140625 0.0171875 0.0234375
0 0.40859375 0.28359375 0.0171875 0.0234375
0 0.403125 0.33203125 0.021875 0.0234375
0 0.36640625 0.34140625 0.0203125 0.0234375
0 0.41875 0.3703125 0.01875 0.021875
0 0.44921875 0.375 0.0234375 0.028125
0 0.45078125 0.32578125 0.0171875 0.0234375
0 0.47734375 0.31875 0.0203125 0.025
0 0.484375 0.35234375 0.01875 0.0171875
0 0.36796875 0.37265625 0.0171875 0.0234375
0 0.34453125 0.37578125 0.0171875 0.0234375
0 0.46484375 0.221875 0.0140625 0.025
0 0.4953125 0.15546875 0.009375 0.0171875
0 0.48125 0.1625 0.0125 0.015625
0 0.51015625 0.171875 0.0109375 0.015625
0 0.59765625 0.10703125 0.0109375 0.0171875
0 0.53203125 0.21328125 0.0140625 0.0203125
0 0.52890625 0.18515625 0.0109375 0.0171875
0 0.646875 0.04453125 0.0125 0.0203125
0 0.7015625 0.0484375 0.015625 0.021875
0 0.68203125 0.02265625 0.0140625 0.0203125
0 0.72421875 0.0203125 0.0140625 0.021875
0 0.71328125 0.01328125 0.0078125 0.0140625
0 0.7609375 0.0203125 0.009375 0.0125
0 0.7796875 0.009375 0.009375 0.0125
0 0.7359375 0.0578125 0.0125 0.015625
0 0.7625 0.053125 0.015625 0.015625
0 0.78125 0.040625 0.0125 0.01875
0 0.8328125 0.00390625 0.0125 0.0078125
0 0.8453125 0.0171875 0.0125 0.015625
0 0.84140625 0.04453125 0.0140625 0.0171875
0 0.85390625 0.0390625 0.0140625 0.01875
0 0.90703125 0.009375 0.0171875 0.01875
0 0.9515625 0.0203125 0.0125 0.01875
0 0.93984375 0.02421875 0.0109375 0.0140625
0 0.9265625 0.009375 0.009375 0.015625
0 0.903125 0.04609375 0.0125 0.0234375
0 0.87890625 0.053125 0.0171875 0.021875
0 0.90703125 0.06484375 0.0140625 0.0171875
0 0.9359375 0.07265625 0.015625 0.0234375
0 0.95546875 0.07109375 0.0109375 0.0140625
0 0.97734375 0.046875 0.0171875 0.015625
0 0.9921875 0.02890625 0.015625 0.0171875
0 0.99140625 0.0734375 0.0171875 0.025
0 1.0484375 0.01484375 0.0125 0.0171875
0 1.0359375 0.05546875 0.0125 0.0171875
0 1.05234375 0.05859375 0.0109375 0.0171875
0 1.0359375 0.11171875 0.015625 0.0203125
0 1.05078125 0.0890625 0.0140625 0.025
0 0.9921875 0.1 0.0125 0.021875
0 0.996875 0.1546875 0.021875 0.03125
0 1.03671875 0.16328125 0.0109375 0.0203125
0 1.00703125 0.16328125 0.0140625 0.0234375
0 1.04921875 0.18671875 0.0109375 0.0140625
0 1.01640625 0.18984375 0.0109375 0.0140625
0 1.02578125 0.18515625 0.0109375 0.0140625
0 0.303125 0.3796875 0.009375 0.021875
0 0.27578125 0.39921875 0.0171875 0.0265625
0 0.23203125 0.43515625 0.0171875 0.0265625
0 0.32265625 0.41328125 0.0140625 0.0234375
0 0.34609375 0.40703125 0.0203125 0.0296875
0 0.38828125 0.41484375 0.0234375 0.0203125
0 0.41640625 0.4203125 0.0140625 0.028125
0 0.4890625 0.41484375 0.015625 0.0234375
0 0.4515625 0.4109375 0.0125 0.01875
0 0.50625 0.38046875 0.0125 0.0171875
0 0.42578125 0.4609375 0.0234375 0.03125
0 0.41328125 0.46875 0.0140625 0.025
0 0.35625 0.46953125 0.025 0.0296875
0 0.31796875 0.45234375 0.0203125 0.0234375
0 0.33828125 0.44921875 0.0171875 0.0390625
0 0.37734375 0.45 0.0203125 0.028125
0 0.3984375 0.44375 0.025 0.025
0 0.265625 0.4453125 0.01875 0.025
0 0.1765625 0.5 0.028125 0.0375
0 0.1171875 0.50625 0.025 0.03125
0 0.06953125 0.65390625 0.0234375 0.0328125
0 0.05703125 0.69453125 0.0234375 0.0296875
0 0.05 0.7734375 0.01875 0.028125
0 0.2625 0.49921875 0.021875 0.0296875
0 0.2375 0.4578125 0.0125 0.01875
0 0.30234375 0.5109375 0.0203125 0.025
0 0.43359375 0.49375 0.0234375 0.025
0 0.48828125 0.47265625 0.0203125 0.0265625
0 0.54140625 0.503125 0.0109375 0.021875
0 0.565625 0.50546875 0.021875 0.0265625
0 0.5765625 0.5265625 0.01875 0.028125
0 0.6 0.50234375 0.009375 0.0140625
0 0.63359375 0.48671875 0.0203125 0.0265625
0 0.6265625 0.46171875 0.025 0.0265625
0 0.64296875 0.446875 0.0171875 0.025
0 0.6609375 0.49765625 0.021875 0.0265625
0 0.2484375 0.675 0.015625 0.028125
0 0.2515625 0.69375 0.0125 0.021875
0 0.2640625 0.74296875 0.015625 0.0234375
0 0.3390625 0.7375 0.025 0.03125
0 0.3765625 0.70859375 0.025 0.0328125
0 0.29609375 0.69375 0.0140625 0.028125
0 0.33671875 0.69921875 0.0234375 0.0265625
0 0.38046875 0.76171875 0.0203125 0.0296875
0 0.39375 0.76015625 0.0125 0.0265625
0 0.446875 0.7546875 0.01875 0.021875
0 0.41875 0.76484375 0.01875 0.0203125
0 0.4921875 0.771875 0.01875 0.028125
0 0.515625 0.73203125 0.01875 0.0328125
0 0.534375 0.678125 0.015625 0.01875
0 0.5296875 0.7140625 0.021875 0.0375
0 0.5875 0.7125 0.01875 0.0375
0 0.6 0.7203125 0.01875 0.03125
0 0.63515625 0.7609375 0.0203125 0.025
0 0.6078125 0.74765625 0.021875 0.0234375
0 0.6671875 0.7734375 0.021875 0.025
0 0.6859375 0.68515625 0.01875 0.0234375
0 0.7328125 0.5296875 0.01875 0.01875
0 0.7328125 0.48515625 0.01875 0.0265625
0 0.878125 0.49453125 0.01875 0.0265625
0 0.93203125 0.50703125 0.0140625 0.0171875
0 0.75234375 0.7046875 0.0171875 0.025
0 0.77734375 0.678125 0.0140625 0.025
0 0.78515625 0.73046875 0.0171875 0.0296875
0 0.725 0.74375 0.021875 0.025
0 0.74609375 0.77578125 0.0234375 0.0265625
0 0.86484375 0.78203125 0.0265625 0.0234375
0 0.86484375 0.71171875 0.0234375 0.0328125
0 0.8875 0.72265625 0.015625 0.0265625
0 0.90625 0.659375 0.0125 0.015625
0 0.9046875 0.6890625 0.021875 0.025
0 0.91953125 0.703125 0.0171875 0.025
0 0.946875 0.73125 0.015625 0.01875
0 0.9953125 0.69140625 0.021875 0.0265625
0 0.96875 0.64609375 0.015625 0.0234375
0 0.984375 0.75625 0.025 0.03125
0 0.971875 0.72890625 0.015625 0.0328125
0 1.01953125 0.74609375 0.0171875 0.0296875
0 0.959375 0.78125 0.015625 0.01875
0 1.05859375 0.75234375 0.0265625 0.0203125
0 1.0984375 0.73515625 0.025 0.0296875
0 1.09921875 0.68515625 0.0234375 0.0359375
0 1.17890625 0.76328125 0.0171875 0.0296875
0 1.1984375 0.73671875 0.025 0.0296875
0 1.171875 0.6890625 0.021875 0.028125
0 1.17890625 0.6609375 0.0234375 0.028125
0 1.20625 0.66875 0.01875 0.028125
0 1.2609375 0.78515625 0.01875 0.0296875
0 1.2828125 0.7453125 0.015625 0.028125
0 1.29453125 0.7109375 0.0203125 0.028125
0 1.3140625 0.66171875 0.025 0.0359375
0 1.33671875 0.7609375 0.0140625 0.03125
0 1.41171875 0.734375 0.0203125 0.03125
0 1.38984375 0.7890625 0.0234375 0.021875
0 1.4421875 0.78515625 0.01875 0.0296875
0 1.378125 0.71640625 0.015625 0.0234375
0 1.46953125 0.73828125 0.0234375 0.0328125
0 1.50078125 0.75234375 0.0203125 0.0265625
0 1.56640625 0.7125 0.0234375 0.03125
0 1.58046875 0.78515625 0.0203125 0.0296875
0 1.56953125 0.78828125 0.0203125 0.0234375
0 1.20625 0.496875 0.01875 0.028125
0 1.2296875 0.49921875 0.01875 0.0296875
0 1.228125 0.44296875 0.01875 0.0296875
0 1.1453125 0.46875 0.021875 0.03125
0 1.1640625 0.43828125 0.01875 0.0265625
0 1.13125 0.4453125 0.025 0.025
0 1.103125 0.4640625 0.01875 0.025
0 1.08046875 0.47109375 0.0203125 0.0265625
0 1.01640625 0.5078125 0.0203125 0.028125
0 1.06953125 0.43828125 0.0203125 0.0296875
0 1.071875 0.39296875 0.01875 0.0265625
0 1.14296875 0.409375 0.0203125 0.028125
0 1.10234375 0.409375 0.0203125 0.028125
0 1.09375 0.37578125 0.015625 0.0203125
0 1.24140625 0.37734375 0.0140625 0.0234375
0 1.20546875 0.378125 0.0140625 0.01875
0 1.21796875 0.36875 0.0140625 0.01875
0 1.13046875 0.3765625 0.0140625 0.01875
0 1.1984375 0.33046875 0.01875 0.0234375
0 1.096875 0.3546875 0.015625 0.021875
0 1.16953125 0.39921875 0.0171875 0.0140625
0 1.18828125 0.41796875 0.0234375 0.0234375
0 1.21015625 0.39375 0.0140625 0.01875
0 1.1734375 0.33515625 0.015625 0.0203125
0 1.1265625 0.3265625 0.015625 0.028125
0 1.1890625 0.29765625 0.021875 0.0234375
0 1.32578125 0.353125 0.0203125 0.034375
0 1.28203125 0.31328125 0.0203125 0.0265625
0 1.253125 0.3109375 0.009375 0.025
0 1.26484375 0.31171875 0.0140625 0.0296875
0 1.2734375 0.28828125 0.015625 0.0203125
0 1.4359375 0.325 0.015625 0.025
0 1.41875 0.32265625 0.0125 0.0265625
0 1.35859375 0.30625 0.0203125 0.028125
0 1.3953125 0.29140625 0.01875 0.0203125
0 1.3046875 0.2734375 0.01875 0.021875
0 1.24296875 0.2921875 0.0171875 0.025
0 1.2625 0.271875 0.015625 0.021875
0 1.24765625 0.2515625 0.0109375 0.01875
0 1.09921875 0.26328125 0.0171875 0.0171875
0 1.4375 0.25859375 0.015625 0.0234375
0 1.40078125 0.25859375 0.0140625 0.0234375
0 1.09296875 0.07578125 0.0140625 0.0171875
0 1.11015625 0.05859375 0.0109375 0.0171875
0 1.11953125 0.02578125 0.0140625 0.0140625
0 1.153125 0.05078125 0.015625 0.0234375
0 1.19453125 0.11484375 0.0171875 0.0234375
0 1.225 0.0765625 0.0125 0.01875
0 1.20078125 0.0546875 0.0109375 0.01875
0 1.2109375 0.0265625 0.0125 0.021875
0 1.30390625 0.03984375 0.0109375 0.0203125
0 1.2921875 0.02265625 0.015625 0.0234375
0 1.3484375 0.009375 0.0125 0.01875
0 1.3890625 0.0640625 0.015625 0.021875
0 1.41640625 0.03046875 0.0140625 0.0140625
0 1.390625 0.01796875 0.0125 0.0171875
0 1.3796875 0.00390625 0.0125 0.0078125
0 1.40859375 0.01328125 0.0109375 0.0171875
0 1.4375 0.0140625 0.0125 0.021875
0 1.4171875 0.0125 0.00625 0.0125
0 1.4625 0.01796875 0.01875 0.0203125
0 1.4890625 0.034375 0.009375 0.01875
0 1.484375 0.01328125 0.009375 0.0171875
0 1.51953125 0.00859375 0.0109375 0.0171875
0 1.559375 0.009375 0.015625 0.015625
0 1.57109375 0.03984375 0.0109375 0.0171875
0 1.5875 0.03984375 0.015625 0.0234375
0 1.55625 0.0453125 0.0125 0.01875
0 1.2703125 0.10546875 0.015625 0.0171875
0 1.3 0.08046875 0.0125 0.0203125
0 1.27578125 0.11953125 0.0109375 0.0140625
0 1.25234375 0.13671875 0.0171875 0.0171875
0 1.24453125 0.15859375 0.0109375 0.0171875
0 1.2625 0.16640625 0.015625 0.0140625
0 1.29921875 0.12734375 0.0140625 0.0234375
0 1.31875 0.13515625 0.0125 0.0203125
0 1.32734375 0.10546875 0.0140625 0.0203125
0 1.3703125 0.05390625 0.0125 0.0171875
0 1.3328125 0.059375 0.0125 0.01875
0 1.3359375 0.04140625 0.009375 0.0109375
0 1.34296875 0.12578125 0.0140625 0.0234375
0 1.3796875 0.1328125 0.01875 0.021875
0 1.3796875 0.10234375 0.0125 0.0203125
0 1.4390625 0.07421875 0.0125 0.0203125
0 1.4015625 0.0546875 0.0125 0.021875
0 1.48828125 0.0765625 0.0203125 0.025
0 1.5109375 0.059375 0.015625 0.01875
0 1.5765625 0.0921875 0.015625 0.021875
0 1.5609375 0.09921875 0.0125 0.0203125
0 1.53359375 0.09609375 0.0234375 0.0234375
0 1.496875 0.10234375 0.0125 0.0171875
0 1.5109375 0.11484375 0.015625 0.0171875
0 1.46484375 0.13125 0.0171875 0.021875
0 1.4375 0.1546875 0.0125 0.021875
0 1.43984375 0.1375 0.0140625 0.0125
0 1.3625 0.17890625 0.015625 0.0234375
0 1.37265625 0.15859375 0.0140625 0.0140625
0 1.36484375 0.12890625 0.0109375 0.0140625
0 1.29453125 0.2 0.0140625 0.01875
0 1.240625 0.2140625 0.015625 0.01875
0 1.2328125 0.18515625 0.015625 0.0234375
0 1.09375 0.303125 0.015625 0.025
0 1.2796875 0.2375 0.0125 0.015625
0 1.2765625 0.21484375 0.0125 0.0203125
0 1.32421875 0.23984375 0.0140625 0.0234375
0 1.34296875 0.2171875 0.0140625 0.021875
0 1.35390625 0.2375 0.0109375 0.015625
0 1.38125 0.2265625 0.015625 0.021875
0 1.3828125 0.19296875 0.01875 0.0265625
0 1.44921875 0.175 0.0140625 0.01875
0 1.49140625 0.17578125 0.0140625 0.0203125
0 1.50390625 0.1390625 0.0140625 0.015625
0 1.53984375 0.178125 0.0171875 0.025
0 1.55703125 0.18125 0.0140625 0.021875
0 1.55859375 0.15703125 0.0203125 0.0140625
0 1.5625 0.153125 0.015625 0.025
0 1.5890625 0.234375 0.01875 0.034375
0 1.5015625 0.21171875 0.0125 0.0203125
0 1.51484375 0.2046875 0.0140625 0.021875
0 1.47265625 0.20625 0.0140625 0.021875
0 1.48671875 0.2453125 0.0171875 0.021875
0 1.5015625 0.2734375 0.015625 0.021875
0 1.50546875 0.30625 0.0171875 0.025
0 1.4953125 0.32421875 0.021875 0.0234375
0 1.503125 0.34921875 0.01875 0.0140625
0 1.53359375 0.31640625 0.0203125 0.0328125
0 1.5578125 0.23046875 0.021875 0.0296875
0 1.58203125 0.2953125 0.0296875 0.03125
0 1.5671875 0.35078125 0.025 0.0140625
0 1.5875 0.3359375 0.015625 0.021875
0 1.15 0.19296875 0.009375 0.0109375
0 1.13046875 0.22421875 0.0109375 0.0171875
0 0.4640625 0.66171875 0.009375 0.0203125
0 0.11640625 0.76875 0.0171875 0.03125
0 1.1859375 0.4453125 0.01875 0.021875
0 1.253125 0.1078125 0.009375 0.0125
