0 1.3015625 0.54921875 0.028125 0.0328125
0 1.2421875 0.5703125 0.028125 0.028125
0 1.17734375 0.5671875 0.0265625 0.028125
0 1.11015625 0.58828125 0.0265625 0.0296875
0 1.0671875 0.57265625 0.021875 0.0265625
0 1.0203125 0.58125 0.028125 0.03125
0 0.9734375 0.5875 0.025 0.028125
0 0.94140625 0.58671875 0.0234375 0.0296875
0 1.37109375 0.59296875 0.0171875 0.0234375
0 0.76484375 0.56796875 0.0234375 0.0328125
0 0.83515625 0.57890625 0.0171875 0.0234375
0 0.88046875 0.60390625 0.0203125 0.0265625
0 0.8125 0.57890625 0.01875 0.0265625
0 0.72265625 0.56171875 0.0234375 0.0296875
0 0.65078125 0.5671875 0.0234375 0.03125
0 0.625 0.57890625 0.01875 0.0265625
0 0.490625 0.578125 0.025 0.025
0 0.19140625 0.57109375 0.0296875 0.0328125
0 0.09609375 0.56953125 0.0234375 0.0234375
0 1.5734375 0.5953125 0.01875 0.01875
