0 0.06171875 0.4515625 0.0421875 0.04375
0 0.15234375 0.44921875 0.0359375 0.0390625
0 0.19296875 0.459375 0.0296875 0.0375
0 0.24765625 0.4359375 0.0328125 0.0375
0 0.2265625 0.48984375 0.034375 0.0328125
0 0.28671875 0.46796875 0.0359375 0.0390625
0 0.3546875 0.45625 0.028125 0.03125
0 0.39453125 0.45859375 0.0265625 0.0296875
0 0.39140625 0.50390625 0.0296875 0.0296875
0 0.4265625 0.4890625 0.01875 0.03125
0 0.45859375 0.4765625 0.0234375 0.028125
0 0.4359375 0.44609375 0.025 0.0265625
0 0.471875 0.44765625 0.025 0.0296875
0 0.48125 0.49921875 0.028125 0.0390625
0 0.53515625 0.4640625 0.0296875 0.034375
0 0.50703125 0.45 0.0171875 0.021875
0 0.52734375 0.43203125 0.0203125 0.0234375
0 0.5640625 0.45625 0.015625 0.03125
0 0.60234375 0.46640625 0.0234375 0.0296875
0 0.6421875 0.46171875 0.021875 0.0296875
0 0.62734375 0.41796875 0.0234375 0.0234375
0 0.6859375 0.453125 0.025 0.028125
0 0.56171875 0.59765625 0.0328125 0.0359375
0 0.51640625 0.63125 0.0328125 0.0375
0 0.459375 0.6359375 0.03125 0.0375
0 0.4078125 0.5984375 0.028125 0.03125
0 0.3625 0.6390625 0.03125 0.0375
0 0.73828125 0.4703125 0.0234375 0.025
0 0.73984375 0.4390625 0.0234375 0.021875
0 0.771875 0.46640625 0.03125 0.0359375
0 0.82109375 0.453125 0.0234375 0.034375
0 0.81328125 0.4296875 0.0203125 0.028125
0 0.85703125 0.46015625 0.0265625 0.0296875
0 0.89921875 0.43984375 0.0203125 0.0234375
0 0.92734375 0.43671875 0.0234375 0.0265625
0 0.946875 0.4625 0.021875 0.025
0 0.975 0.4375 0.025 0.03125
0 0.95703125 0.43515625 0.0203125 0.0234375
0 0.99765625 0.4609375 0.0265625 0.028125
0 1.034375 0.44609375 0.021875 0.0234375
0 1.065625 0.42421875 0.025 0.0296875
0 1.11640625 0.45234375 0.0296875 0.0296875
0 1.09453125 0.51953125 0.0328125 0.0390625
0 1.02421875 0.5109375 0.0296875 0.034375
0 0.9515625 0.50546875 0.028125 0.0359375
0 0.98125 0.559375 0.028125 0.034375
0 1.00859375 0.63046875 0.0234375 0.0359375
0 0.92421875 0.63125 0.0265625 0.034375
0 0.89765625 0.603125 0.0265625 0.028125
0 0.840625 0.63046875 0.028125 0.0328125
0 0.76015625 0.63203125 0.0265625 0.0359375
0 1.12109375 0.63203125 0.0296875 0.0359375
0 1.15078125 0.59765625 0.0328125 0.0359375
0 1.21640625 0.57578125 0.0296875 0.0328125
0 1.278125 0.64375 0.03125 0.0375
0 1.296875 0.590625 0.0375 0.034375
0 1.2375 0.475 0.03125 0.034375
0 1.17421875 0.46953125 0.0296875 0.0328125
0 1.1640625 0.44609375 0.025 0.0265625
0 1.2140625 0.41796875 0.028125 0.0328125
0 1.2765625 0.46796875 0.028125 0.0265625
0 1.33359375 0.43984375 0.0359375 0.0359375
0 1.4171875 0.45859375 0.03125 0.0390625
0 1.37578125 0.5875 0.0359375 0.040625
