0 0.24375 0.4125 0.01875 0.028125
0 0.33671875 0.353125 0.0203125 0.025
0 0.35859375 0.37421875 0.0203125 0.0234375
0 0.43046875 0.34765625 0.0171875 0.0203125
0 0.43359375 0.37421875 0.0203125 0.0203125
0 0.484375 0.3421875 0.0125 0.01875
0 0.51640625 0.34375 0.0171875 0.021875
0 0.5 0.37734375 0.01875 0.0234375
0 0.46328125 0.40703125 0.0171875 0.0265625
0 0.3921875 0.409375 0.01875 0.025
0 0.3140625 0.409375 0.01875 0.025
0 0.27734375 0.46015625 0.0203125 0.0296875
0 0.35234375 0.4578125 0.0203125 0.028125
0 0.415625 0.4515625 0.01875 0.028125
0 0.490625 0.44921875 0.01875 0.0234375
0 0.2265625 0.31171875 0.01875 0.0265625
0 0.19921875 0.36875 0.0171875 0.021875
0 0.23671875 0.3828125 0.0171875 0.025
0 0.18203125 0.3828125 0.0203125 0.025
0 0.1640625 0.415625 0.01875 0.01875
0 0.128125 0.46484375 0.01875 0.0203125
0 0.2078125 0.4640625 0.015625 0.021875
0 0.2234375 0.50390625 0.021875 0.0296875
0 0.15390625 0.50625 0.0203125 0.025
0 0.29296875 0.50234375 0.0203125 0.0203125
0 0.37734375 0.4953125 0.0203125 0.028125
0 0.340625 0.5796875 0.021875 0.03125
0 0.09453125 0.5921875 0.0265625 0.034375
0 0.190625 0.62734375 0.025 0.0328125
0 0.26875 0.59609375 0.028125 0.0296875
0 0.434375 0.59609375 0.021875 0.0265625
0 0.57109375 0.20546875 0.0140625 0.0171875
0 1.27265625 0.2921875 0.0171875 0.021875
0 1.30546875 0.3015625 0.0171875 0.01875
0 1.33671875 0.2921875 0.0171875 0.021875
0 1.29140625 0.33828125 0.0171875 0.0203125
0 1.21875 0.3359375 0.021875 0.021875
0 1.19921875 0.353125 0.0171875 0.021875
0 1.26796875 0.36015625 0.0203125 0.0234375
0 1.34140625 0.36640625 0.0171875 0.0234375
0 1.4046875 0.2546875 0.015625 0.021875
0 1.37109375 0.29921875 0.0171875 0.0203125
0 1.41640625 0.28984375 0.0171875 0.0203125
0 1.45078125 0.296875 0.0171875 0.021875
0 1.36953125 0.34140625 0.0171875 0.0234375
0 1.41953125 0.36875 0.0171875 0.021875
0 1.45703125 0.35625 0.0171875 0.021875
0 1.42578125 0.4015625 0.0171875 0.021875
0 1.35703125 0.39921875 0.0171875 0.0203125
0 1.3953125 0.4234375 0.021875 0.028125
0 1.46796875 0.4265625 0.0203125 0.025
0 1.2125 0.40546875 0.01875 0.0203125
0 1.2515625 0.42421875 0.01875 0.0171875
0 1.27734375 0.4046875 0.0203125 0.025
0 1.321875 0.42890625 0.01875 0.0234375
0 1.2515625 0.4765625 0.01875 0.021875
0 1.3265625 0.4671875 0.021875 0.021875
0 1.40859375 0.46953125 0.0203125 0.0265625
0 1.290625 0.60390625 0.021875 0.0296875
0 1.37578125 0.5984375 0.0234375 0.03125
0 1.46875 0.575 0.025 0.03125
0 1.48984375 0.4765625 0.0203125 0.025
0 0.37890625 0.21796875 0.0140625 0.0203125
0 0.4453125 0.20703125 0.0125 0.0171875
0 0.47265625 0.2171875 0.0140625 0.01875
0 0.28359375 0.2375 0.0171875 0.01875
0 0.33828125 0.2421875 0.0140625 0.021875
0 0.409375 0.2484375 0.015625 0.021875
0 0.47109375 0.24140625 0.0140625 0.0203125
0 0.3328125 0.27109375 0.015625 0.0203125
0 0.39609375 0.2734375 0.0140625 0.021875
0 0.4640625 0.27265625 0.015625 0.0203125
0 0.52578125 0.2703125 0.0140625 0.01875
0 0.525 0.30625 0.015625 0.01875
0 0.48359375 0.296875 0.0171875 0.021875
0 0.4453125 0.30546875 0.01875 0.0234375
0 0.4171875 0.29296875 0.01875 0.0265625
0 0.3828125 0.3109375 0.015625 0.021875
0 0.359375 0.29453125 0.015625 0.0234375
0 0.31328125 0.3140625 0.0171875 0.021875
0 0.3046875 0.2953125 0.015625 0.025
0 0.27734375 0.28359375 0.0171875 0.0171875
0 0.2421875 0.29453125 0.015625 0.0203125
0 0.27578125 0.353125 0.0171875 0.021875
0 0.2953125 0.3828125 0.01875 0.025
0 0.865625 0.2171875 0.0125 0.015625
0 0.8765625 0.20390625 0.0125 0.0171875
0 0.928125 0.22109375 0.0125 0.0203125
0 0.89609375 0.240625 0.0140625 0.01875
0 0.93359375 0.24296875 0.0140625 0.0203125
0 0.9515625 0.23984375 0.015625 0.0171875
0 0.7359375 0.315625 0.015625 0.01875
0 0.73359375 0.2625 0.0140625 0.01875
0 0.78984375 0.3109375 0.0171875 0.021875
0 0.8484375 0.30546875 0.0125 0.0203125
0 0.90546875 0.31484375 0.0171875 0.0203125
0 0.8859375 0.346875 0.015625 0.021875
0 0.94140625 0.34609375 0.0140625 0.0234375
0 0.90078125 0.3796875 0.0171875 0.025
0 0.83125 0.34453125 0.015625 0.0203125
0 0.775 0.3484375 0.015625 0.021875
0 0.77578125 0.3859375 0.0171875 0.01875
0 0.8421875 0.38125 0.01875 0.01875
0 0.53671875 0.4015625 0.0171875 0.028125
0 0.5640625 0.44375 0.01875 0.025
0 0.61015625 0.3921875 0.0203125 0.025
0 0.63828125 0.440625 0.0171875 0.028125
0 0.7109375 0.38515625 0.015625 0.0234375
0 0.68515625 0.42109375 0.0203125 0.0234375
0 0.6921875 0.46171875 0.015625 0.0234375
0 0.653125 0.503125 0.01875 0.025
0 0.67265625 0.528125 0.0234375 0.03125
0 0.7171875 0.49140625 0.01875 0.0234375
0 0.6953125 0.61328125 0.025 0.0234375
0 0.746875 0.41484375 0.01875 0.0265625
0 0.815625 0.41875 0.01875 0.025
0 0.8765625 0.415625 0.01875 0.021875
0 0.9375 0.41640625 0.015625 0.0265625
0 0.95546875 0.45859375 0.0203125 0.0234375
0 0.88984375 0.465625 0.0171875 0.025
0 0.82109375 0.46171875 0.0171875 0.0234375
0 0.75078125 0.45546875 0.0203125 0.0234375
0 0.7765625 0.5046875 0.01875 0.025
0 0.8484375 0.4953125 0.01875 0.025
0 0.9265625 0.5078125 0.015625 0.025
0 0.9046875 0.52734375 0.021875 0.0265625
0 0.82265625 0.5296875 0.0234375 0.03125
0 0.75 0.54609375 0.021875 0.0296875
0 0.78515625 0.6109375 0.0234375 0.028125
0 0.86328125 0.6375 0.0203125 0.028125
0 0.94453125 0.6078125 0.0234375 0.028125
0 0.9625 0.2015625 0.015625 0.015625
0 0.984375 0.22265625 0.015625 0.0171875
0 0.9890625 0.24921875 0.015625 0.0203125
0 1.01328125 0.23359375 0.0140625 0.0203125
0 1.04765625 0.2234375 0.0140625 0.01875
0 1.071875 0.19765625 0.0125 0.0171875
0 1.18203125 0.1859375 0.0140625 0.01875
0 1.1859375 0.21953125 0.015625 0.0171875
0 1.14609375 0.23046875 0.0140625 0.0171875
0 1.1078125 0.225 0.0125 0.015625
0 1.0828125 0.234375 0.015625 0.01875
0 1.1171875 0.24921875 0.015625 0.0203125
0 1.16796875 0.25546875 0.0171875 0.0171875
0 1.05625 0.253125 0.015625 0.01875
0 0.97109375 0.2875 0.0171875 0.021875
0 0.95546875 0.30859375 0.0171875 0.0203125
0 1.021875 0.29140625 0.015625 0.0234375
0 1.05078125 0.28828125 0.0171875 0.0203125
0 1.0921875 0.29609375 0.015625 0.0234375
0 1.12265625 0.290625 0.0171875 0.021875
0 1.16328125 0.29765625 0.0171875 0.0234375
0 0.98671875 0.32578125 0.0171875 0.0234375
0 1.00859375 0.346875 0.0203125 0.021875
0 1.05 0.33515625 0.01875 0.0234375
0 1.078125 0.34921875 0.01875 0.0265625
0 1.1171875 0.3328125 0.01875 0.021875
0 1.14609375 0.359375 0.0171875 0.025
0 0.940625 0.37890625 0.015625 0.0203125
0 0.99375 0.4015625 0.01875 0.025
0 1.02890625 0.41640625 0.0234375 0.0265625
0 1.06171875 0.396875 0.0171875 0.021875
0 1.103125 0.4125 0.021875 0.028125
0 1.1390625 0.4 0.021875 0.03125
0 1.17265625 0.4171875 0.0203125 0.025
0 0.97890625 0.48828125 0.0171875 0.0265625
0 1.03515625 0.47109375 0.0203125 0.0234375
0 1.10859375 0.475 0.0203125 0.021875
0 1.18359375 0.475 0.0234375 0.025
0 1.03046875 0.59765625 0.0234375 0.0296875
0 1.1140625 0.6203125 0.025 0.028125
0 1.20390625 0.56796875 0.0234375 0.0296875
0 1.21015625 0.23046875 0.0140625 0.0171875
0 1.25859375 0.2171875 0.0140625 0.015625
0 1.28359375 0.2265625 0.0140625 0.01875
0 1.3515625 0.21875 0.015625 0.021875
0 1.34375 0.25625 0.015625 0.021875
0 1.27734375 0.25390625 0.0140625 0.0171875
0 0.6125 0.2140625 0.015625 0.021875
0 0.65 0.23046875 0.0125 0.0203125
0 0.678125 0.21875 0.0125 0.01875
0 0.69375 0.21171875 0.0125 0.0140625
0 0.70625 0.23203125 0.015625 0.0171875
0 0.675 0.26640625 0.0125 0.0203125
0 0.5484375 0.22421875 0.0125 0.0171875
0 0.5375 0.240625 0.015625 0.01875
0 0.5953125 0.234375 0.015625 0.021875
0 0.603125 0.26796875 0.015625 0.0203125
0 0.5625 0.29453125 0.015625 0.0203125
0 0.62578125 0.290625 0.0171875 0.01875
0 0.66640625 0.296875 0.0171875 0.01875
0 0.69609375 0.29140625 0.0171875 0.0203125
0 0.5953125 0.30625 0.015625 0.021875
0 0.5953125 0.33828125 0.015625 0.0234375
0 0.66796875 0.346875 0.0171875 0.021875
0 0.71796875 0.3484375 0.0171875 0.025
0 0.5765625 0.37890625 0.01875 0.0234375
0 0.65078125 0.38515625 0.0171875 0.0234375
0 0.44921875 0.45546875 0.0140625 0.0203125
0 0.4375 0.4921875 0.01875 0.025
0 0.50546875 0.490625 0.0203125 0.025
0 0.5796875 0.490625 0.01875 0.025
0 0.52734375 0.6140625 0.0234375 0.03125
0 0.61171875 0.63984375 0.0234375 0.0296875
0 0.784375 0.18125 0.015625 0.015625
0 0.73515625 0.21484375 0.0140625 0.0203125
0 0.75859375 0.225 0.0140625 0.021875
0 0.8015625 0.21484375 0.0125 0.0203125
0 1.21328125 0.25546875 0.0140625 0.0203125
0 1.2015625 0.290625 0.015625 0.015625
0 1.234375 0.3 0.015625 0.021875
