0 0.171875 0.353125 0.025 0.03125
0 0.11875 0.30625 0.021875 0.021875
0 0.20703125 0.3328125 0.0171875 0.015625
0 0.27734375 0.29765625 0.0203125 0.0234375
0 0.34921875 0.3078125 0.0203125 0.01875
0 0.4578125 0.3265625 0.025 0.028125
0 0.17734375 0.4421875 0.0734375 0.0625
0 0.3578125 0.371875 0.075 0.05
0 0.5421875 0.365625 0.08125 0.0625
0 0.71640625 0.38671875 0.0640625 0.0734375
0 0.871875 0.3609375 0.065625 0.078125
0 1.0875 0.371875 0.05 0.065625
0 1.234375 0.40859375 0.071875 0.0859375
0 1.4390625 0.390625 0.06875 0.04375
0 1.2625 0.3390625 0.015625 0.015625
0 1.30078125 0.34375 0.0265625 0.021875
0 1.34375 0.33203125 0.021875 0.0234375
0 1.5234375 0.33046875 0.028125 0.0296875
0 0.0703125 0.35234375 0.06875 0.0515625
0 0.07890625 0.31875 0.0234375 0.01875
0 0.61796875 0.31875 0.0328125 0.034375
0 0.6484375 0.32109375 0.03125 0.0296875
0 0.396875 0.33046875 0.034375 0.0296875
