0 1.54375 0.60703125 0.00625 0.0109375
0 1.54140625 0.66171875 0.0078125 0.0109375
0 1.559375 0.609375 0.00625 0.009375
0 1.36171875 0.6078125 0.0140625 0.01875
0 1.28984375 0.56953125 0.0109375 0.0109375
0 1.23515625 0.6078125 0.0140625 0.01875
0 1.2125 0.5625 0.0125 0.009375
0 1.15625 0.6 0.015625 0.01875
0 1.11875 0.53984375 0.0125 0.0171875
0 1.0328125 0.58359375 0.0125 0.0140625
0 1.0046875 0.63515625 0.00625 0.0109375
0 0.959375 0.646875 0.009375 0.0125
0 0.89765625 0.65078125 0.0109375 0.0140625
0 0.22421875 0.58671875 0.0140625 0.0171875
0 0.34453125 0.55078125 0.0296875 0.0421875
0 0.4328125 0.5765625 0.021875 0.034375
0 0.54375 0.57734375 0.01875 0.0234375
0 0.5703125 0.59453125 0.021875 0.0296875
0 0.6640625 0.57109375 0.025 0.0359375
0 0.72421875 0.6109375 0.0171875 0.021875
0 0.87578125 0.6359375 0.0078125 0.009375
