0 0.053125 0.3890625 0.053125 0.0625
0 0.20546875 0.29609375 0.0765625 0.0796875
0 0.378125 0.421875 0.040625 0.05625
0 0.36171875 0.4171875 0.0421875 0.05625
0 0.4671875 0.38984375 0.04375 0.0546875
0 0.51015625 0.415625 0.0546875 0.053125
0 0.62890625 0.2375 0.0703125 0.078125
0 0.7703125 0.37421875 0.05 0.0703125
0 0.8921875 0.340625 0.053125 0.065625
0 1.0265625 0.23984375 0.075 0.0859375
0 1.140625 0.35546875 0.053125 0.0671875
0 1.259375 0.30390625 0.05625 0.0640625
0 1.39453125 0.3203125 0.0578125 0.059375
0 1.47890625 0.25234375 0.0734375 0.0890625
