0 0.09765625 0.32109375 0.0453125 0.0515625
0 0.175 0.31953125 0.03125 0.0453125
0 0.20625 0.39609375 0.046875 0.0640625
0 0.28359375 0.365625 0.0546875 0.05625
0 0.3328125 0.29453125 0.05 0.0484375
0 0.3859375 0.33359375 0.053125 0.0546875
0 0.48984375 0.36640625 0.0515625 0.0671875
0 0.50859375 0.29296875 0.0453125 0.0546875
0 0.578125 0.40234375 0.05 0.0578125
0 0.69453125 0.31328125 0.0484375 0.0578125
0 0.803125 0.3453125 0.05625 0.065625
0 0.7828125 0.296875 0.053125 0.053125
0 0.89296875 0.3171875 0.0421875 0.059375
0 1.00859375 0.3046875 0.0421875 0.059375
0 1.0890625 0.34140625 0.053125 0.0671875
0 1.1515625 0.32578125 0.04375 0.0546875
0 1.21171875 0.315625 0.0359375 0.059375
0 1.24765625 0.33203125 0.0296875 0.0484375
0 1.309375 0.3296875 0.034375 0.046875
0 1.41875 0.328125 0.053125 0.08125
0 1.4671875 0.29140625 0.0375 0.0453125
0 1.54375 0.31796875 0.04375 0.0546875
0 1.290625 0.340625 0.03125 0.0375
0 0.021875 0.31875 0.0375 0.046875
0 0.01484375 0.390625 0.0296875 0.05
