0 0.6953125 1.00078125 0.021875 0.0265625
0 0.5234375 0.9953125 0.025 0.028125
0 0.3234375 0.990625 0.021875 0.028125
0 0.1375 1.0 0.025 0.028125
0 0.16171875 0.72890625 0.0234375 0.0265625
0 0.84609375 1.05390625 0.0265625 0.0328125
0 0.91171875 0.978125 0.0234375 0.025
0 1.10078125 0.95078125 0.0265625 0.0296875
0 1.2609375 0.98828125 0.028125 0.0265625
0 1.403125 0.95859375 0.025 0.0265625
0 1.42265625 0.8875 0.0234375 0.025
0 1.33359375 0.83671875 0.0203125 0.0234375
0 1.2828125 0.809375 0.01875 0.021875
0 1.18046875 0.753125 0.0171875 0.021875
0 1.16796875 0.7265625 0.0140625 0.021875
0 1.13046875 0.6984375 0.0171875 0.021875
0 1.0125 0.64921875 0.015625 0.0203125
0 1.3171875 0.59453125 0.015625 0.0171875
0 1.20390625 0.57421875 0.0171875 0.0203125
0 1.12265625 0.54921875 0.0140625 0.0171875
0 1.0171875 0.53359375 0.0125 0.0140625
0 0.909375 0.515625 0.0125 0.015625
0 0.85 0.5453125 0.0125 0.015625
0 0.90546875 0.5953125 0.0109375 0.015625
0 0.3609375 0.559375 0.015625 0.015625
0 0.3453125 0.38203125 0.009375 0.0140625
0 0.2875 0.3453125 0.009375 0.0125
0 0.31875 0.325 0.009375 0.0125
0 0.7796875 0.32265625 0.009375 0.0109375
0 0.7015625 0.31640625 0.009375 0.0109375
0 0.6625 0.32109375 0.009375 0.0109375
0 0.6359375 0.321875 0.009375 0.0125
0 0.5875 0.31953125 0.009375 0.0109375
0 0.81640625 0.33828125 0.0078125 0.0109375
0 0.80546875 0.51015625 0.0109375 0.0140625
