0 0.25625 0.27578125 0.046875 0.0484375
0 0.45546875 0.35859375 0.0359375 0.0453125
0 0.50625 0.38671875 0.03125 0.0421875
0 0.51484375 0.3359375 0.0296875 0.040625
0 0.671875 0.146875 0.08125 0.0875
0 0.659375 0.38984375 0.021875 0.0265625
0 0.74609375 0.421875 0.0171875 0.015625
0 0.77578125 0.4328125 0.0234375 0.028125
0 0.8484375 0.37265625 0.025 0.0203125
0 0.8859375 0.3859375 0.028125 0.034375
0 0.99375 0.37578125 0.025 0.0328125
0 1.09453125 0.3421875 0.0359375 0.046875
0 1.19296875 0.41328125 0.0203125 0.0203125
0 1.2265625 0.3765625 0.028125 0.021875
0 1.2578125 0.36640625 0.028125 0.0296875
0 1.34453125 0.3 0.0515625 0.04375
0 0.7203125 0.6765625 0.04375 0.05625
0 0.8796875 0.67734375 0.040625 0.0515625
0 0.93828125 0.71875 0.0296875 0.04375
0 1.4296875 0.38125 0.01875 0.025
0 1.45703125 0.38359375 0.0265625 0.0296875
0 0.65390625 0.759375 0.0515625 0.06875
0 1.3984375 0.86171875 0.084375 0.1234375
0 0.03359375 0.46484375 0.0140625 0.0171875
0 0.05859375 0.46171875 0.0171875 0.0171875
0 0.08203125 0.46796875 0.0171875 0.0171875
0 0.10546875 0.47421875 0.0171875 0.0140625
0 0.13984375 0.4609375 0.0203125 0.015625
0 0.16484375 0.45625 0.0203125 0.01875
0 0.4 0.4578125 0.01875 0.025
