0 0.12265625 0.67890625 0.0265625 0.0296875
0 0.21796875 0.7453125 0.0328125 0.04375
0 0.35390625 0.7234375 0.0234375 0.03125
0 0.45546875 0.7015625 0.0265625 0.028125
0 0.58515625 0.67421875 0.0359375 0.0484375
0 0.6609375 0.6828125 0.03125 0.0375
0 0.7359375 0.67421875 0.040625 0.0453125
0 0.87421875 0.68828125 0.0328125 0.0390625
0 1.00703125 0.675 0.0265625 0.0375
0 1.25234375 0.725 0.0328125 0.0375
0 1.35859375 0.70625 0.0265625 0.034375
0 1.11015625 0.69296875 0.0359375 0.0390625
0 1.44921875 0.7765625 0.0390625 0.05
0 1.55859375 0.7015625 0.0265625 0.03125
