0 1.29453125 0.41171875 0.0640625 0.0859375
0 1.48125 0.38359375 0.0625 0.0828125
0 1.57421875 0.3609375 0.0203125 0.03125
0 0.946875 0.2265625 0.084375 0.096875
0 1.0375 0.11171875 0.04375 0.0546875
0 0.74453125 0.2 0.0734375 0.096875
0 0.5640625 0.1984375 0.06875 0.08125
0 0.49765625 0.1953125 0.0640625 0.071875
0 0.45390625 0.178125 0.0546875 0.0625
0 0.68203125 0.11953125 0.0359375 0.0453125
0 0.60859375 0.11015625 0.0265625 0.0328125
0 0.51015625 0.0953125 0.0390625 0.034375
0 0.1984375 0.1265625 0.040625 0.05
0 1.36875 0.10625 0.0375 0.04375
0 1.28125 0.11171875 0.040625 0.0671875
0 1.128125 0.13515625 0.0375 0.0640625
0 1.23828125 0.0234375 0.0359375 0.034375
0 0.27734375 0.71796875 0.0953125 0.1296875
0 0.14921875 0.6109375 0.0890625 0.1125
0 0.35 0.56015625 0.0625 0.0796875
0 0.575 0.64296875 0.075 0.1140625
0 0.64375 0.7671875 0.059375 0.071875
0 0.64609375 0.60625 0.0453125 0.059375
0 0.378125 0.540625 0.04375 0.065625
0 0.8625 0.59609375 0.04375 0.0546875
0 1.02109375 0.59765625 0.0296875 0.0390625
0 1.059375 0.53515625 0.028125 0.0328125
0 0.95859375 0.56640625 0.0234375 0.0234375
0 0.79375 0.55 0.021875 0.028125
0 0.84296875 0.54375 0.0234375 0.028125
0 1.10390625 0.75859375 0.0203125 0.0296875
0 1.15078125 0.8 0.0359375 0.059375
0 1.2578125 0.78828125 0.0375 0.0578125
0 1.38828125 0.76015625 0.0453125 0.0578125
0 1.31875 0.71171875 0.040625 0.0484375
0 1.27734375 0.7390625 0.0234375 0.040625
0 1.265625 0.73046875 0.021875 0.0390625
0 1.14375 0.71875 0.021875 0.040625
0 1.24765625 0.68828125 0.0140625 0.0171875
0 1.33828125 0.46328125 0.0234375 0.0234375
0 1.52109375 0.74140625 0.0296875 0.0453125
0 1.50078125 0.7421875 0.0234375 0.0375
0 1.52265625 0.69609375 0.0296875 0.0359375
0 1.2 0.7296875 0.0125 0.01875
0 1.5765625 0.0140625 0.03125 0.028125
0 0.39375 0.12421875 0.028125 0.0296875
0 0.6265625 0.0921875 0.028125 0.025
0 0.378125 0.0984375 0.015625 0.034375
