0 0.74921875 0.3015625 0.0921875 0.071875
0 0.34453125 0.41484375 0.0203125 0.0203125
0 0.2921875 0.40546875 0.028125 0.0296875
0 0.225 0.4078125 0.025 0.021875
0 0.18203125 0.39140625 0.0203125 0.0171875
0 0.46796875 0.4015625 0.0171875 0.01875
0 0.4859375 0.4 0.0125 0.015625
0 0.54140625 0.39140625 0.0265625 0.0171875
0 1.3265625 0.390625 0.0125 0.015625
0 1.16015625 0.41796875 0.0296875 0.0328125
0 1.23203125 0.40390625 0.0203125 0.0234375
0 1.075 0.38515625 0.021875 0.0234375
0 1.01015625 0.409375 0.0265625 0.025
0 0.94140625 0.3953125 0.0171875 0.01875
0 0.96640625 0.39921875 0.0109375 0.0109375
0 1.12890625 0.40546875 0.0109375 0.0109375
0 0.41328125 0.40078125 0.0140625 0.0140625
0 1.43671875 0.40234375 0.0140625 0.0140625
0 1.5125 0.396875 0.01875 0.015625
0 1.56484375 0.4171875 0.0265625 0.025
0 1.3578125 0.42265625 0.0375 0.0359375
