0 0.7953125 0.9109375 0.10625 0.15
0 1.08828125 0.66875 0.0984375 0.090625
0 1.3203125 0.74921875 0.10625 0.0984375
0 0.37890625 0.709375 0.1046875 0.096875
0 0.07890625 0.55546875 0.0859375 0.0640625
0 0.45625 0.6734375 0.090625 0.115625
0 0.71875 0.53515625 0.075 0.0734375
0 0.60078125 0.55390625 0.0828125 0.0796875
0 0.23984375 0.4265625 0.0765625 0.071875
0 0.14140625 0.55546875 0.0640625 0.0609375
0 0.365625 0.4140625 0.0625 0.065625
0 0.46796875 0.42109375 0.0546875 0.0609375
0 0.8390625 0.39140625 0.071875 0.0578125
0 0.915625 0.29921875 0.0625 0.0765625
0 1.2609375 0.35546875 0.05 0.0515625
0 1.33203125 0.509375 0.0765625 0.08125
0 1.42421875 0.4484375 0.0796875 0.084375
0 1.46328125 0.44921875 0.0578125 0.0796875
0 1.35390625 0.21484375 0.0484375 0.0515625
0 1.296875 0.1984375 0.05 0.05625
0 0.6890625 0.21640625 0.05 0.0515625
0 0.47734375 0.30546875 0.0640625 0.0578125
0 0.5328125 0.28828125 0.053125 0.0609375
0 0.5625 0.240625 0.040625 0.05625
0 0.61328125 0.278125 0.0453125 0.053125
0 0.7453125 0.16640625 0.0375 0.0390625
0 0.7796875 0.16875 0.040625 0.040625
0 0.08203125 0.28046875 0.0546875 0.0609375
0 0.31875 0.19296875 0.01875 0.0296875
0 0.11484375 0.1328125 0.0265625 0.0375
0 0.05625 0.09375 0.021875 0.034375
0 0.39296875 0.05234375 0.0234375 0.0328125
0 0.428125 0.03828125 0.01875 0.0296875
0 1.10625 0.1609375 0.0375 0.034375
0 1.18203125 0.1203125 0.0296875 0.0375
0 1.14609375 0.165625 0.0296875 0.034375
0 1.38359375 0.18984375 0.0390625 0.0453125
0 1.5265625 0.12578125 0.0375 0.0421875
0 1.475 0.25 0.053125 0.053125
0 1.534375 0.0171875 0.025 0.034375
0 1.42578125 0.01171875 0.0296875 0.0234375
0 1.328125 0.03046875 0.025 0.0359375
0 1.20390625 0.01875 0.0265625 0.0375
0 1.09609375 0.01328125 0.0265625 0.0265625
0 1.0171875 0.0328125 0.028125 0.034375
0 0.95234375 0.2546875 0.0546875 0.05
0 0.25625 0.10625 0.01875 0.040625
0 0.3671875 1.01640625 0.125 0.0890625
0 0.815625 0.1671875 0.028125 0.03125
0 0.8953125 0.16484375 0.034375 0.0453125
0 1.2328125 0.296875 0.0375 0.0375
0 1.51328125 0.21015625 0.0265625 0.0359375
