0 1.4328125 0.4171875 0.05 0.065625
0 1.225 0.4015625 0.03125 0.04375
0 0.953125 0.43359375 0.046875 0.0640625
0 1.34140625 0.446875 0.0203125 0.028125
0 0.79609375 0.44296875 0.0265625 0.0390625
0 0.6140625 0.4015625 0.04375 0.053125
0 0.446875 0.421875 0.0375 0.04375
0 0.80703125 0.41484375 0.0203125 0.0234375
0 0.70625 0.42734375 0.015625 0.0171875
0 0.41953125 0.40546875 0.0140625 0.0203125
0 0.16640625 0.37734375 0.0234375 0.0296875
0 0.2125 0.375 0.015625 0.01875
0 0.25234375 0.3859375 0.0171875 0.025
0 0.25703125 0.4140625 0.0234375 0.028125
0 0.009375 0.38671875 0.01875 0.0296875
0 0.08125 0.39140625 0.01875 0.0234375
0 0.12421875 0.39296875 0.0171875 0.0234375
0 0.34921875 0.3796875 0.0171875 0.025
0 0.89609375 0.43203125 0.0109375 0.0234375
0 0.5859375 0.415625 0.01875 0.021875
