0 0.63828125 0.0265625 0.0265625 0.03125
0 0.65546875 0.0140625 0.0234375 0.025
0 0.57578125 0.140625 0.0296875 0.03125
0 0.709375 0.140625 0.03125 0.0375
0 0.6625 0.16953125 0.03125 0.0390625
0 0.696875 0.1796875 0.03125 0.040625
0 0.65234375 0.21953125 0.0328125 0.0453125
0 0.61171875 0.28046875 0.0328125 0.0390625
0 0.59453125 0.315625 0.0359375 0.04375
0 0.60078125 0.33984375 0.0296875 0.0484375
0 0.9046875 0.06015625 0.028125 0.0328125
0 0.8765625 0.09765625 0.028125 0.0296875
0 0.85625 0.10625 0.021875 0.025
0 0.846875 0.15390625 0.025 0.0359375
0 0.8296875 0.1640625 0.028125 0.034375
0 0.80625 0.2109375 0.025 0.025
0 0.79375 0.259375 0.021875 0.03125
0 0.7796875 0.2703125 0.021875 0.025
0 0.7625 0.3140625 0.028125 0.03125
0 0.7453125 0.35625 0.021875 0.028125
0 0.71171875 0.35625 0.0234375 0.01875
0 0.73359375 0.35234375 0.0140625 0.0265625
0 0.90625 0.26796875 0.028125 0.0421875
0 0.92578125 0.265625 0.0234375 0.040625
0 0.88671875 0.32734375 0.0328125 0.0390625
0 0.89453125 0.38125 0.0359375 0.046875
0 0.85234375 0.396875 0.0390625 0.05
0 0.5171875 0.2046875 0.028125 0.028125
0 0.49921875 0.24375 0.0296875 0.025
0 0.4625 0.30625 0.021875 0.021875
0 0.44921875 0.3546875 0.0296875 0.03125
0 0.55703125 0.38046875 0.0328125 0.0484375
0 0.5328125 0.3796875 0.0375 0.046875
0 0.5109375 0.43359375 0.0375 0.0359375
0 0.5015625 0.46171875 0.034375 0.0484375
0 0.46484375 0.45703125 0.0359375 0.0484375
0 0.44140625 0.51015625 0.0390625 0.0546875
0 0.57265625 0.35 0.0296875 0.046875
0 0.70078125 0.4140625 0.0359375 0.040625
0 0.6734375 0.4375 0.040625 0.0375
0 0.61015625 0.49921875 0.0296875 0.0390625
0 0.63828125 0.50078125 0.0265625 0.0390625
0 0.84375 0.45390625 0.040625 0.0421875
0 0.8359375 0.48515625 0.0375 0.0390625
0 0.821875 0.5109375 0.040625 0.05625
0 0.8046875 0.515625 0.040625 0.05625
0 0.75703125 0.5609375 0.0390625 0.046875
0 0.7484375 0.5953125 0.0375 0.05625
0 0.38984375 0.39609375 0.0390625 0.0359375
0 0.34921875 0.41640625 0.0390625 0.0390625
0 0.3046875 0.46796875 0.028125 0.0421875
0 0.325 0.4765625 0.03125 0.034375
0 0.28125 0.49453125 0.0375 0.0421875
0 0.24140625 0.53046875 0.0296875 0.0359375
0 0.21015625 0.56484375 0.0453125 0.0421875
0 0.22265625 0.6546875 0.0421875 0.053125
0 0.40625 0.5734375 0.04375 0.05625
0 0.35546875 0.63671875 0.0453125 0.0609375
0 0.46796875 0.67734375 0.0421875 0.0421875
0 0.5796875 0.6734375 0.046875 0.040625
0 0.1390625 0.63984375 0.046875 0.0421875
0 0.08046875 0.653125 0.0390625 0.05625
0 0.73125 0.6703125 0.04375 0.05625
0 0.69765625 0.7234375 0.0453125 0.05625
0 0.91015625 0.7515625 0.0515625 0.05
0 0.99375 0.66875 0.05 0.05
0 1.4453125 0.06953125 0.025 0.0328125
0 1.4359375 0.12890625 0.028125 0.0328125
0 1.3796875 0.20078125 0.034375 0.0390625
0 1.40390625 0.171875 0.0265625 0.03125
0 1.34921875 0.22734375 0.0328125 0.0421875
0 1.37578125 0.32578125 0.0359375 0.0484375
0 1.29296875 0.16484375 0.0265625 0.0390625
0 1.25390625 0.1859375 0.0296875 0.0375
0 1.2390625 0.21015625 0.03125 0.0359375
0 1.24921875 0.2203125 0.0265625 0.040625
0 1.22734375 0.24921875 0.0328125 0.0484375
0 1.19140625 0.3140625 0.0359375 0.040625
0 1.190625 0.365625 0.03125 0.04375
0 1.1921875 0.403125 0.03125 0.046875
0 1.1671875 0.4484375 0.03125 0.05
0 1.15078125 0.45859375 0.0359375 0.0515625
0 1.06484375 0.21640625 0.0265625 0.0296875
0 1.05859375 0.35546875 0.0265625 0.0359375
0 1.03984375 0.36953125 0.0265625 0.0328125
0 1.02109375 0.40859375 0.0359375 0.0328125
0 1.12734375 0.4953125 0.0390625 0.0375
0 1.12421875 0.56953125 0.0421875 0.0578125
0 1.13515625 0.54453125 0.0359375 0.0453125
0 1.15078125 0.60546875 0.0421875 0.0546875
0 1.30078125 0.53359375 0.0421875 0.0421875
0 1.3296875 0.6015625 0.040625 0.04375
0 1.33671875 0.671875 0.0421875 0.05625
0 1.32734375 0.4609375 0.0296875 0.040625
0 1.4578125 0.6125 0.040625 0.046875
0 1.52890625 0.69375 0.0359375 0.053125
0 0.5921875 0.1359375 0.025 0.0375
0 0.6078125 0.121875 0.021875 0.034375
