0 0.01484375 0.3359375 0.0296875 0.03125
0 0.13828125 0.3140625 0.0296875 0.03125
0 0.34375 0.340625 0.034375 0.040625
0 0.4703125 0.3296875 0.021875 0.021875
0 0.54609375 0.36484375 0.0359375 0.0390625
0 0.653125 0.32734375 0.021875 0.0234375
0 0.81640625 0.334375 0.0234375 0.028125
0 0.990625 0.35546875 0.059375 0.0640625
0 1.07890625 0.35234375 0.0390625 0.0421875
0 1.221875 0.33125 0.025 0.028125
0 1.2953125 0.33203125 0.03125 0.0328125
0 1.47265625 0.34609375 0.0515625 0.0453125
0 1.421875 0.34375 0.025 0.03125
0 1.38359375 0.321875 0.0140625 0.01875
0 1.57265625 0.328125 0.0234375 0.021875
