0 0.2125 0.43046875 0.01875 0.0265625
0 0.253125 0.42734375 0.021875 0.0296875
0 0.29765625 0.4234375 0.0265625 0.028125
0 0.34296875 0.45 0.0234375 0.0375
0 0.38359375 0.46484375 0.0328125 0.0359375
0 0.43671875 0.43125 0.0234375 0.028125
0 0.484375 0.43359375 0.03125 0.0359375
0 0.553125 0.41796875 0.03125 0.0328125
0 0.60625 0.446875 0.025 0.028125
0 0.6265625 0.4609375 0.03125 0.03125
0 0.740625 0.44765625 0.028125 0.0328125
0 0.84375 0.4734375 0.025 0.028125
0 0.97734375 0.47890625 0.0265625 0.0328125
0 1.10390625 0.4890625 0.0296875 0.03125
0 1.18984375 0.45859375 0.0296875 0.0296875
0 1.26015625 0.49296875 0.0296875 0.0359375
0 1.2890625 0.4859375 0.028125 0.028125
0 1.39765625 0.5140625 0.0296875 0.034375
0 1.45390625 0.46640625 0.0296875 0.0390625
0 1.53125 0.4828125 0.03125 0.034375
0 1.58359375 0.50859375 0.0296875 0.0515625
