0 1.18984375 0.434375 0.0453125 0.05
0 0.97109375 0.38984375 0.0546875 0.0609375
0 1.02578125 0.4390625 0.0421875 0.05625
0 0.5734375 0.40390625 0.046875 0.0546875
0 0.46328125 0.4171875 0.0484375 0.059375
0 0.49921875 0.40703125 0.0359375 0.0546875
0 0.31640625 0.3984375 0.0453125 0.05
0 0.73203125 0.384375 0.0359375 0.046875
0 0.7640625 0.38515625 0.04375 0.0484375
0 0.91875 0.4 0.046875 0.053125
0 0.896875 0.3984375 0.034375 0.040625
0 1.14609375 0.39921875 0.0421875 0.0484375
0 0.05859375 0.27421875 0.0171875 0.0203125
0 0.09765625 0.2703125 0.0140625 0.021875
0 0.1375 0.2703125 0.015625 0.01875
0 0.178125 0.271875 0.015625 0.015625
0 0.21484375 0.271875 0.0140625 0.015625
0 0.2578125 0.23984375 0.01875 0.0203125
0 0.346875 0.25703125 0.0125 0.0171875
0 0.41328125 0.23828125 0.0140625 0.0140625
0 0.459375 0.22890625 0.015625 0.0171875
0 0.3828125 0.2484375 0.015625 0.021875
0 0.3328125 0.23359375 0.01875 0.0234375
0 0.1796875 0.2546875 0.01875 0.025
0 0.14140625 0.234375 0.0203125 0.025
0 0.096875 0.24296875 0.015625 0.0203125
0 0.046875 0.23515625 0.015625 0.0203125
0 0.02421875 0.20625 0.0171875 0.025
0 0.0578125 0.20703125 0.015625 0.0203125
0 0.165625 0.19609375 0.015625 0.0203125
0 0.18125 0.2296875 0.01875 0.0125
0 0.35390625 0.209375 0.0140625 0.021875
0 0.2203125 0.1734375 0.0125 0.0125
0 0.0671875 0.16953125 0.015625 0.0203125
0 0.0265625 0.171875 0.01875 0.021875
0 0.3265625 0.13828125 0.0125 0.0140625
0 0.38125 0.14765625 0.0125 0.0140625
0 0.29609375 0.13671875 0.0109375 0.0140625
0 0.25234375 0.196875 0.0140625 0.01875
0 0.32265625 0.20390625 0.0203125 0.0234375
0 0.18671875 0.13359375 0.0140625 0.0171875
0 0.15390625 0.1390625 0.0109375 0.015625
0 0.63984375 0.36875 0.0484375 0.05625
0 1.2484375 0.37890625 0.0125 0.0171875
0 1.3078125 0.37734375 0.0125 0.0171875
0 1.3484375 0.39921875 0.015625 0.0203125
0 1.42734375 0.37890625 0.0078125 0.0109375
0 1.49140625 0.409375 0.0140625 0.015625
0 1.396875 0.33203125 0.0125 0.0171875
0 1.365625 0.32265625 0.015625 0.0171875
0 1.31953125 0.340625 0.0109375 0.015625
0 1.2921875 0.31875 0.0125 0.0125
0 1.2671875 0.2984375 0.0125 0.015625
0 1.2265625 0.29609375 0.0125 0.0171875
0 0.18046875 0.17109375 0.0171875 0.0203125
0 0.20390625 0.0859375 0.0140625 0.01875
0 0.2578125 0.0796875 0.0125 0.015625
0 0.3078125 0.08671875 0.0125 0.0140625
0 0.3578125 0.07734375 0.0125 0.0171875
0 0.0453125 0.10859375 0.0125 0.0171875
0 1.53359375 0.33671875 0.0140625 0.0203125
0 1.54609375 0.31796875 0.0109375 0.0109375
0 1.528125 0.2984375 0.015625 0.021875
0 1.52265625 0.3734375 0.0171875 0.01875
0 1.48125 0.36875 0.0125 0.015625
0 1.58125 0.33984375 0.0125 0.0171875
0 1.5328125 0.2703125 0.0125 0.01875
0 1.45859375 0.27109375 0.0140625 0.0171875
0 1.43828125 0.25390625 0.0140625 0.0171875
0 1.4796875 0.2265625 0.0125 0.015625
0 1.53046875 0.2296875 0.0109375 0.015625
0 1.55625 0.25234375 0.009375 0.0140625
0 1.56953125 0.2734375 0.0109375 0.021875
0 1.47421875 0.0296875 0.0109375 0.0125
0 1.4234375 0.02421875 0.015625 0.0109375
0 1.46875 0.07890625 0.009375 0.0140625
0 1.23984375 0.096875 0.0140625 0.015625
0 1.1984375 0.0796875 0.015625 0.015625
0 1.19140625 0.04921875 0.0171875 0.0171875
0 1.2140625 0.0078125 0.015625 0.015625
0 1.25546875 0.0359375 0.0140625 0.0125
0 1.3453125 0.04140625 0.015625 0.0171875
0 1.50546875 0.01015625 0.0109375 0.0171875
0 1.38359375 0.02734375 0.0171875 0.0171875
0 1.28125 0.06953125 0.0125 0.0140625
0 1.2828125 0.04375 0.015625 0.01875
0 1.184375 0.02109375 0.0125 0.0203125
0 1.33359375 0.01484375 0.0171875 0.0203125
0 1.5359375 0.3765625 0.015625 0.021875
0 0.85625 0.1140625 0.0125 0.01875
0 0.70703125 0.03359375 0.0140625 0.0203125
0 0.6671875 0.02421875 0.009375 0.0109375
0 0.8484375 0.00625 0.0125 0.0125
0 0.91796875 0.06796875 0.0140625 0.0140625
0 0.959375 0.0734375 0.0125 0.015625
0 1.00703125 0.05078125 0.0109375 0.0171875
0 0.90078125 0.10703125 0.0140625 0.0140625
0 0.79921875 0.1546875 0.0109375 0.0125
0 0.753125 0.13984375 0.015625 0.0140625
0 0.69140625 0.14375 0.0109375 0.0125
0 0.759375 0.065625 0.0125 0.015625
0 0.7828125 0.06015625 0.015625 0.0203125
0 0.81875 0.06484375 0.015625 0.0203125
0 0.81328125 0.08984375 0.0109375 0.0140625
0 0.79296875 0.08984375 0.0140625 0.0140625
0 0.50625 0.3078125 0.015625 0.01875
0 0.3859375 0.35625 0.015625 0.01875
0 0.4578125 0.346875 0.0125 0.01875
0 0.41484375 0.31015625 0.0140625 0.0203125
0 0.51171875 0.353125 0.0140625 0.015625
0 0.1765625 0.3484375 0.015625 0.015625
0 0.05859375 0.3765625 0.0140625 0.01875
0 0.0484375 0.3484375 0.015625 0.01875
0 0.10703125 0.38359375 0.0140625 0.0140625
0 0.27265625 0.3359375 0.0171875 0.01875
0 0.0140625 0.27265625 0.01875 0.0203125
0 0.109375 0.2125 0.01875 0.01875
0 0.08046875 0.103125 0.0140625 0.015625
0 0.00546875 0.04140625 0.0109375 0.0140625
0 0.03984375 0.040625 0.0140625 0.015625
0 0.0375 0.0828125 0.0125 0.015625
0 0.14765625 0.03828125 0.0109375 0.0140625
0 0.19375 0.0453125 0.0125 0.015625
0 0.225 0.03984375 0.0125 0.0140625
0 0.26171875 0.04140625 0.0140625 0.0140625
0 0.34453125 0.04921875 0.0109375 0.0140625
0 0.30234375 0.025 0.0140625 0.015625
0 0.34375 0.02734375 0.009375 0.0140625
0 0.384375 0.00625 0.0125 0.0125
0 0.346875 0.0046875 0.0125 0.009375
0 0.24375 0.015625 0.0125 0.0125
0 0.2125 0.0171875 0.009375 0.0125
0 0.171875 0.01640625 0.009375 0.0109375
0 0.12890625 0.01171875 0.0109375 0.0140625
0 0.090625 0.01484375 0.0125 0.0140625
0 1.4859375 0.325 0.015625 0.01875
0 1.51015625 0.31875 0.0109375 0.015625
0 1.44140625 0.3453125 0.0171875 0.015625
0 1.3546875 0.2515625 0.015625 0.01875
0 1.2578125 0.3390625 0.0125 0.015625
0 1.265625 0.32421875 0.0125 0.0171875
0 1.4015625 0.25390625 0.015625 0.0203125
0 1.203125 0.19921875 0.015625 0.0171875
0 0.1546875 0.06484375 0.015625 0.0203125
0 0.11015625 0.0796875 0.0140625 0.021875
0 0.07109375 0.06875 0.0171875 0.01875
0 0.2375 0.06484375 0.015625 0.0171875
0 1.21796875 0.1484375 0.0109375 0.0125
0 1.2109375 0.17734375 0.0125 0.0171875
0 1.27578125 0.1875 0.0140625 0.0125
0 1.31484375 0.2046875 0.0109375 0.015625
0 1.39140625 0.1828125 0.0109375 0.015625
0 1.3421875 0.16171875 0.0125 0.0109375
0 1.40859375 0.06875 0.0109375 0.015625
0 1.3859375 0.05 0.015625 0.0125
0 1.3734375 0.1171875 0.0125 0.01875
0 1.46171875 0.11953125 0.0109375 0.0140625
0 1.43125 0.11640625 0.0125 0.0109375
0 1.51015625 0.11796875 0.0109375 0.0171875
0 1.509375 0.09609375 0.0125 0.0140625
0 1.54375 0.0921875 0.009375 0.0125
0 1.5828125 0.0953125 0.0125 0.015625
0 1.53203125 0.05234375 0.0109375 0.0140625
0 1.5421875 0.0265625 0.0125 0.015625
0 1.5703125 0.0234375 0.0125 0.015625
0 1.4828125 0.03984375 0.0125 0.0140625
0 0.040625 0.01640625 0.0125 0.0140625
0 0.1875 0.00546875 0.0125 0.0109375
0 0.265625 0.00546875 0.009375 0.0109375
0 0.21640625 0.22265625 0.0140625 0.0203125
0 0.3359375 0.16015625 0.0125 0.0140625
0 0.27734375 0.1859375 0.0140625 0.01875
0 0.30703125 0.0640625 0.0140625 0.015625
0 1.2453125 0.27734375 0.0125 0.0140625
0 1.28515625 0.27578125 0.0109375 0.0171875
0 1.34921875 0.29609375 0.0140625 0.0203125
0 1.3890625 0.29296875 0.0125 0.0203125
0 1.40859375 0.3171875 0.0140625 0.01875
0 1.4546875 0.3140625 0.015625 0.01875
0 1.28515625 0.15546875 0.0109375 0.0140625
