0 1.57421875 0.75625 0.0203125 0.025
0 1.40078125 0.77421875 0.0203125 0.0234375
0 1.34296875 0.74375 0.0234375 0.025
0 1.23046875 0.7671875 0.0203125 0.028125
0 1.271875 0.753125 0.025 0.028125
0 1.14375 0.759375 0.028125 0.028125
0 1.04453125 0.8390625 0.0203125 0.025
0 0.94140625 0.74609375 0.0203125 0.0296875
0 1.00859375 0.7546875 0.0203125 0.021875
0 0.96328125 0.70390625 0.0140625 0.0203125
0 0.815625 0.7625 0.025 0.025
0 0.8140625 0.81796875 0.01875 0.0203125
0 0.73984375 0.75390625 0.0203125 0.0234375
0 0.68203125 0.784375 0.0171875 0.025
0 0.69921875 0.76484375 0.0171875 0.0203125
0 0.65078125 0.73515625 0.0109375 0.0140625
0 0.303125 0.80546875 0.021875 0.0265625
0 0.31640625 0.86015625 0.0203125 0.0234375
0 0.1984375 0.8140625 0.021875 0.025
0 0.21015625 0.78359375 0.0234375 0.0265625
0 0.1734375 0.76484375 0.01875 0.0265625
0 0.01015625 0.80859375 0.0171875 0.0234375
0 0.01484375 0.7546875 0.0234375 0.025
0 0.01640625 0.7046875 0.0171875 0.025
0 0.16171875 0.72890625 0.0203125 0.0234375
0 0.07109375 0.740625 0.0171875 0.01875
0 0.35625 0.7625 0.01875 0.021875
0 0.371875 0.74375 0.015625 0.021875
0 0.4046875 0.7359375 0.0125 0.021875
0 0.30234375 0.73203125 0.0140625 0.0171875
0 0.8328125 0.6671875 0.0125 0.0125
0 0.76796875 0.6875 0.0109375 0.0125
0 0.675 0.68984375 0.0125 0.0140625
0 0.6375 0.69453125 0.0125 0.0140625
0 0.49296875 0.72109375 0.0140625 0.0171875
0 0.0890625 0.80390625 0.01875 0.0234375
0 0.05 0.79921875 0.01875 0.0265625
0 0.0671875 0.78828125 0.01875 0.0265625
0 0.240625 0.76953125 0.01875 0.0234375
0 0.328125 0.728125 0.015625 0.01875
