0 0.22734375 0.2078125 0.0609375 0.0625
0 0.31640625 0.2265625 0.0328125 0.059375
0 0.36953125 0.22421875 0.0359375 0.0578125
0 0.4421875 0.26328125 0.01875 0.0359375
0 0.72578125 0.18671875 0.0703125 0.0671875
0 0.81328125 0.21328125 0.0265625 0.0484375
0 0.8328125 0.2046875 0.028125 0.046875
0 0.8984375 0.22734375 0.021875 0.0359375
0 0.946875 0.27734375 0.053125 0.0609375
0 1.23515625 0.2203125 0.0734375 0.071875
0 1.409375 0.26875 0.0625 0.0625
0 1.5125 0.22109375 0.053125 0.0515625
0 1.5609375 0.21640625 0.03125 0.0296875
0 0.07734375 0.23828125 0.0234375 0.0296875
0 0.0625 0.234375 0.01875 0.028125
0 0.528125 0.27578125 0.040625 0.0484375
