0 0.0265625 0.71328125 0.025 0.0296875
0 0.2140625 0.434375 0.0125 0.015625
0 0.26953125 0.359375 0.0140625 0.0125
0 0.4390625 0.371875 0.015625 0.015625
0 0.35390625 0.46015625 0.0140625 0.0171875
0 0.596875 0.37421875 0.0125 0.0109375
0 0.6359375 0.39609375 0.0125 0.0140625
0 0.57421875 0.46015625 0.0140625 0.0140625
0 0.7078125 0.4703125 0.015625 0.021875
0 0.73203125 0.465625 0.0171875 0.01875
0 0.815625 0.40859375 0.0125 0.0171875
0 0.77734375 0.3609375 0.0109375 0.0125
0 0.94296875 0.3546875 0.0109375 0.0125
0 1.13125 0.35625 0.0125 0.0125
0 1.02578125 0.4296875 0.0140625 0.015625
0 1.18125 0.4875 0.015625 0.01875
0 0.93359375 0.50703125 0.0140625 0.0171875
0 1.3015625 0.3640625 0.009375 0.0125
0 1.453125 0.43359375 0.015625 0.0171875
0 0.45 0.62421875 0.01875 0.0171875
0 0.4203125 0.73828125 0.025 0.0296875
0 0.678125 0.69609375 0.021875 0.0265625
0 0.8296875 0.7390625 0.025 0.028125
0 1.10078125 0.8078125 0.0234375 0.028125
0 1.215625 0.63203125 0.01875 0.0203125
0 1.428125 0.85234375 0.028125 0.0296875
0 1.5859375 0.85703125 0.028125 0.0359375
