0 0.40546875 0.484375 0.0078125 0.009375
0 0.4328125 0.48828125 0.00625 0.0078125
0 0.465625 0.49296875 0.00625 0.0078125
0 0.49375 0.4953125 0.00625 0.009375
0 0.52578125 0.49609375 0.0078125 0.0109375
0 0.55390625 0.49609375 0.0078125 0.0078125
0 0.5859375 0.49765625 0.00625 0.0078125
0 0.58828125 0.51875 0.0046875 0.009375
0 0.61875 0.49765625 0.00625 0.0109375
0 0.62421875 0.5203125 0.0046875 0.009375
0 0.61953125 0.5484375 0.0078125 0.015625
0 0.5984375 0.54609375 0.00625 0.0109375
0 0.57265625 0.54375 0.0046875 0.009375
0 0.54921875 0.51953125 0.0046875 0.0078125
0 0.51796875 0.525 0.0078125 0.009375
0 0.48359375 0.5203125 0.0078125 0.009375
0 0.45078125 0.52109375 0.0046875 0.0078125
0 0.40859375 0.559375 0.0078125 0.009375
0 0.440625 0.559375 0.00625 0.009375
0 0.46328125 0.55078125 0.0078125 0.0109375
0 0.48828125 0.55 0.0078125 0.0125
0 0.5171875 0.5484375 0.00625 0.009375
0 0.54296875 0.54609375 0.0078125 0.0109375
0 0.4984375 0.56015625 0.00625 0.0109375
0 0.46953125 0.5625 0.0078125 0.009375
0 0.528125 0.56015625 0.00625 0.0078125
0 0.55859375 0.559375 0.0046875 0.009375
0 0.4109375 0.58671875 0.009375 0.0109375
0 0.41796875 0.60625 0.0078125 0.0125
0 0.446875 0.59140625 0.00625 0.0078125
0 0.48515625 0.5921875 0.0109375 0.0125
0 0.45859375 0.60234375 0.0109375 0.0140625
0 0.440625 0.60546875 0.009375 0.0109375
0 0.52578125 0.59765625 0.0078125 0.0140625
0 0.559375 0.59609375 0.00625 0.0109375
0 0.2765625 0.5859375 0.0125 0.015625
0 0.31796875 0.584375 0.0109375 0.015625
0 0.37109375 0.60078125 0.0046875 0.0078125
0 0.3421875 0.63046875 0.009375 0.0109375
0 0.36875 0.634375 0.00625 0.009375
0 0.3953125 0.6359375 0.00625 0.009375
0 0.415625 0.63828125 0.009375 0.0109375
0 0.44453125 0.63671875 0.0078125 0.0140625
0 0.44296875 0.68046875 0.0109375 0.0140625
0 0.41640625 0.6796875 0.0078125 0.0125
0 0.38203125 0.68125 0.0078125 0.0125
0 0.34921875 0.67890625 0.0109375 0.0140625
0 0.31875 0.6828125 0.0125 0.015625
0 0.28515625 0.68359375 0.0109375 0.0140625
0 0.26640625 0.6921875 0.0078125 0.015625
0 0.2875 0.71640625 0.0125 0.0171875
0 0.4078125 0.6984375 0.0125 0.015625
0 0.35546875 0.7140625 0.0078125 0.0125
0 0.33828125 0.69765625 0.0078125 0.0109375
0 0.4265625 0.71796875 0.0125 0.0171875
0 0.20625 0.6921875 0.009375 0.015625
0 0.48125 0.7015625 0.009375 0.0125
0 0.471875 0.67734375 0.009375 0.0109375
0 0.503125 0.67734375 0.009375 0.0140625
0 0.5390625 0.678125 0.009375 0.0125
0 0.56640625 0.67578125 0.0078125 0.0140625
0 0.59453125 0.67734375 0.0109375 0.0109375
0 0.5 0.7203125 0.009375 0.015625
0 0.54921875 0.703125 0.0078125 0.0125
0 0.61484375 0.7 0.0109375 0.015625
0 0.57421875 0.7234375 0.0078125 0.0125
0 0.64765625 0.725 0.0109375 0.0125
0 0.66875 0.79609375 0.015625 0.0171875
0 0.70703125 0.71640625 0.0109375 0.0140625
0 0.7453125 0.71484375 0.009375 0.0171875
0 0.7390625 0.80703125 0.0125 0.0171875
0 0.625 0.675 0.009375 0.0125
0 0.6578125 0.67578125 0.009375 0.0109375
0 0.690625 0.6765625 0.009375 0.0125
0 0.71875 0.6703125 0.009375 0.0125
0 0.753125 0.671875 0.009375 0.0125
0 0.50234375 0.60703125 0.0078125 0.0109375
0 0.53984375 0.60625 0.0109375 0.0125
0 0.596875 0.55859375 0.00625 0.0109375
0 0.62890625 0.5609375 0.0078125 0.0125
0 0.6484375 0.4984375 0.00625 0.0125
0 0.678125 0.496875 0.00625 0.0125
0 0.7125 0.496875 0.00625 0.009375
0 0.659375 0.52109375 0.00625 0.0109375
0 0.6984375 0.51953125 0.00625 0.0109375
0 0.7328125 0.525 0.00625 0.009375
0 0.6484375 0.54296875 0.00625 0.0078125
0 0.67421875 0.54140625 0.0078125 0.0109375
0 0.6984375 0.54453125 0.00625 0.0109375
0 0.725 0.54296875 0.00625 0.0078125
0 0.66484375 0.55703125 0.0046875 0.0078125
0 0.69375 0.55703125 0.00625 0.0109375
0 0.72421875 0.5578125 0.0046875 0.009375
0 0.62109375 0.596875 0.0078125 0.0125
0 0.65390625 0.5875 0.0078125 0.0125
0 0.69609375 0.58984375 0.0078125 0.0109375
0 0.73671875 0.58984375 0.0109375 0.0109375
0 0.709375 0.609375 0.00625 0.0125
0 0.58984375 0.5921875 0.0078125 0.0125
0 0.575 0.61015625 0.00625 0.0109375
0 0.62265625 0.6125 0.0046875 0.009375
0 0.665625 0.60859375 0.009375 0.0109375
0 0.509375 0.640625 0.009375 0.0125
0 0.54453125 0.6390625 0.0078125 0.0125
0 0.575 0.6390625 0.009375 0.009375
0 0.60390625 0.640625 0.0109375 0.0125
0 0.63359375 0.64140625 0.0078125 0.0109375
0 0.66484375 0.64296875 0.0078125 0.0140625
0 0.69921875 0.64375 0.0078125 0.0125
0 0.7296875 0.64609375 0.00625 0.0109375
0 0.81328125 0.80546875 0.0140625 0.0203125
0 0.89296875 0.8046875 0.0140625 0.01875
0 0.82734375 0.715625 0.0078125 0.0125
0 0.86953125 0.71796875 0.0078125 0.0140625
0 0.7671875 0.52578125 0.00625 0.0109375
0 0.80078125 0.52734375 0.0078125 0.0109375
0 0.83203125 0.525 0.0046875 0.009375
0 0.80390625 0.50234375 0.0078125 0.0078125
0 0.8359375 0.4953125 0.00625 0.009375
0 0.86796875 0.49921875 0.0078125 0.0109375
0 0.90078125 0.503125 0.0078125 0.009375
0 0.83046875 0.54140625 0.0078125 0.0109375
0 0.75625 0.55703125 0.009375 0.0109375
0 0.78359375 0.55625 0.0078125 0.0125
0 0.815625 0.55703125 0.009375 0.0109375
0 0.8453125 0.5578125 0.00625 0.009375
0 0.85859375 0.54375 0.0078125 0.0125
0 0.871875 0.55859375 0.00625 0.0109375
0 0.90390625 0.55859375 0.0078125 0.0109375
0 0.771875 0.5890625 0.009375 0.0125
0 0.80859375 0.59140625 0.0078125 0.0109375
0 0.84296875 0.58828125 0.0078125 0.0109375
0 0.8796875 0.5953125 0.00625 0.009375
0 0.9140625 0.59453125 0.009375 0.0109375
0 0.74921875 0.6125 0.0078125 0.0125
0 0.78828125 0.609375 0.0078125 0.009375
0 0.8296875 0.609375 0.009375 0.0125
0 0.90625 0.61484375 0.009375 0.0140625
0 0.8703125 0.61796875 0.00625 0.0140625
0 0.76015625 0.6453125 0.0109375 0.0125
0 0.79609375 0.64609375 0.0078125 0.0140625
0 0.82890625 0.6453125 0.0078125 0.015625
0 0.86015625 0.646875 0.0078125 0.0125
0 0.890625 0.6484375 0.00625 0.0125
0 0.9203125 0.65078125 0.009375 0.0140625
0 0.78359375 0.67109375 0.0109375 0.0140625
0 0.81796875 0.67421875 0.0078125 0.0109375
0 0.84921875 0.6765625 0.0078125 0.0125
0 0.88359375 0.671875 0.0078125 0.0125
0 0.915625 0.67578125 0.009375 0.0140625
0 0.8640625 0.53046875 0.00625 0.0078125
0 0.9421875 0.5015625 0.00625 0.009375
0 0.98046875 0.503125 0.0046875 0.009375
0 1.0171875 0.5046875 0.009375 0.009375
0 1.05390625 0.503125 0.0046875 0.009375
0 1.08671875 0.49921875 0.0046875 0.0078125
0 0.89296875 0.5296875 0.0046875 0.00625
0 0.9265625 0.525 0.00625 0.009375
0 0.88515625 0.540625 0.0046875 0.00625
0 0.915625 0.53984375 0.00625 0.0078125
0 0.96796875 0.53828125 0.0078125 0.0078125
0 1.0046875 0.5234375 0.003125 0.009375
0 0.9734375 0.52890625 0.00625 0.0078125
0 1.0484375 0.521875 0.00625 0.009375
0 1.078125 0.52265625 0.00625 0.0109375
0 0.99375 0.53984375 0.003125 0.0078125
0 1.02265625 0.540625 0.0078125 0.009375
0 1.05078125 0.53984375 0.0046875 0.0078125
0 1.0765625 0.53671875 0.00625 0.0078125
0 1.103125 0.534375 0.00625 0.009375
0 1.128125 0.5328125 0.00625 0.009375
0 1.15390625 0.53203125 0.0046875 0.0078125
0 0.94375 0.54296875 0.003125 0.0078125
0 0.93359375 0.55859375 0.0046875 0.0078125
0 0.96796875 0.5609375 0.0046875 0.009375
0 0.99609375 0.55859375 0.0046875 0.0078125
0 1.03203125 0.5609375 0.0046875 0.009375
0 1.06171875 0.56015625 0.0046875 0.0078125
0 1.0953125 0.5609375 0.00625 0.009375
0 1.12421875 0.56171875 0.0078125 0.0109375
0 1.15390625 0.5609375 0.0078125 0.0125
0 0.96953125 0.57890625 0.0046875 0.0109375
0 1.00234375 0.5796875 0.0046875 0.009375
0 1.03671875 0.58515625 0.0078125 0.0109375
0 1.07265625 0.58984375 0.0078125 0.0078125
0 1.1046875 0.58828125 0.00625 0.0109375
0 1.1359375 0.59140625 0.009375 0.0109375
0 0.94140625 0.6125 0.0109375 0.0125
0 0.94375 0.59609375 0.00625 0.0109375
0 0.97890625 0.61640625 0.0078125 0.0140625
0 1.01953125 0.6171875 0.0078125 0.009375
0 1.05625 0.61875 0.00625 0.0125
0 1.0953125 0.6171875 0.00625 0.0125
0 1.16640625 0.59296875 0.0078125 0.0140625
0 1.18203125 0.62109375 0.0046875 0.0109375
0 1.140625 0.6203125 0.00625 0.0125
0 0.94765625 0.64765625 0.0078125 0.0109375
0 0.97578125 0.6515625 0.0078125 0.0125
0 1.00390625 0.6484375 0.0078125 0.0125
0 1.03671875 0.65 0.0078125 0.0125
0 1.065625 0.6515625 0.00625 0.0125
0 1.09296875 0.6484375 0.0078125 0.0125
0 1.13046875 0.6515625 0.0078125 0.0125
0 1.1578125 0.65 0.00625 0.009375
0 1.1890625 0.653125 0.009375 0.0125
0 1.2234375 0.6515625 0.00625 0.009375
0 1.27109375 0.5890625 0.0109375 0.0125
0 0.93515625 0.69921875 0.0109375 0.0140625
0 0.9484375 0.67578125 0.009375 0.0140625
0 0.98359375 0.68046875 0.0078125 0.0140625
0 1.01875 0.678125 0.0125 0.015625
0 1.0515625 0.6796875 0.009375 0.015625
0 1.08515625 0.6796875 0.0078125 0.0125
0 1.11875 0.67734375 0.009375 0.0140625
0 1.153125 0.6828125 0.009375 0.0125
0 1.18203125 0.68046875 0.0078125 0.0140625
0 1.21484375 0.6828125 0.0109375 0.0125
0 1.24296875 0.6828125 0.0078125 0.0125
0 1.28203125 0.68125 0.0109375 0.0125
0 0.98984375 0.696875 0.0078125 0.0125
0 0.9765625 0.7234375 0.009375 0.0125
0 1.0265625 0.72265625 0.0125 0.0171875
0 1.04140625 0.7 0.0109375 0.015625
0 1.0859375 0.7203125 0.009375 0.015625
0 1.10703125 0.7 0.0109375 0.015625
0 1.159375 0.71875 0.009375 0.015625
0 1.171875 0.7 0.009375 0.01875
0 1.2359375 0.696875 0.009375 0.015625
0 1.2203125 0.71953125 0.009375 0.0140625
0 1.30546875 0.69453125 0.0109375 0.0171875
0 1.2921875 0.715625 0.009375 0.015625
0 1.0671875 0.72734375 0.009375 0.0140625
0 1.0140625 0.7390625 0.009375 0.015625
0 0.47734375 0.63984375 0.0078125 0.0140625
0 0.74140625 0.4984375 0.0015625 0.00625
0 0.771875 0.5015625 0.00625 0.0125
0 1.34609375 0.71640625 0.0109375 0.0171875
0 1.3609375 0.69375 0.0125 0.015625
