0 0.4625 0.378125 0.021875 0.028125
0 0.5109375 0.36953125 0.05625 0.0640625
0 0.565625 0.36953125 0.059375 0.0796875
0 0.60703125 0.36171875 0.0703125 0.0859375
0 0.6859375 0.35703125 0.08125 0.0890625
0 0.75546875 0.34375 0.0828125 0.096875
0 0.96484375 0.3625 0.0609375 0.078125
0 0.86796875 0.31953125 0.1015625 0.1265625
0 1.034375 0.296875 0.1125 0.134375
0 1.16953125 0.25625 0.1390625 0.16875
0 1.3671875 0.34765625 0.08125 0.1046875
0 1.5109375 0.4140625 0.0625 0.075
0 1.55859375 0.35390625 0.0828125 0.1265625
