0 0.04140625 0.3875 0.0640625 0.08125
0 0.15078125 0.4296875 0.0453125 0.059375
0 0.1265625 0.4140625 0.0375 0.04375
0 0.36953125 0.49375 0.0453125 0.05625
0 0.4 0.49921875 0.028125 0.0390625
0 0.50390625 0.6 0.0484375 0.0625
0 0.4828125 0.5265625 0.040625 0.046875
0 0.51484375 0.4640625 0.0390625 0.040625
0 0.625 0.54921875 0.04375 0.0578125
0 0.68671875 0.60390625 0.0484375 0.0640625
0 0.61640625 0.41015625 0.0140625 0.0390625
0 0.7375 0.46640625 0.015625 0.0265625
0 0.7859375 0.42578125 0.021875 0.0359375
0 0.934375 0.528125 0.059375 0.071875
0 0.84609375 0.52421875 0.0421875 0.0578125
0 0.88125 0.50234375 0.040625 0.0546875
0 0.7921875 0.4953125 0.028125 0.040625
0 0.77890625 0.54140625 0.0265625 0.0328125
0 0.85625 0.41875 0.03125 0.04375
0 0.8875 0.4125 0.0375 0.05625
0 1.0171875 0.48984375 0.04375 0.0484375
0 0.98046875 0.496875 0.0234375 0.028125
0 1.06953125 0.515625 0.0484375 0.0625
0 1.1390625 0.5109375 0.03125 0.046875
0 1.08359375 0.40234375 0.0203125 0.0328125
0 1.20703125 0.39921875 0.0203125 0.0296875
0 1.221875 0.49453125 0.046875 0.0640625
0 1.2515625 0.428125 0.0375 0.046875
0 1.30546875 0.40078125 0.0265625 0.0328125
0 1.37578125 0.40546875 0.0421875 0.0453125
0 1.3765625 0.55 0.04375 0.04375
0 1.4296875 0.415625 0.028125 0.040625
0 1.13203125 0.41953125 0.0171875 0.0171875
0 1.2234375 0.40546875 0.01875 0.0328125
0 1.4796875 0.28359375 0.05625 0.0890625
0 0.91484375 0.3984375 0.0265625 0.04375
