0 0.05859375 0.6625 0.0140625 0.015625
0 0.16953125 0.67265625 0.0140625 0.0140625
0 0.275 0.66875 0.0125 0.0125
0 0.19609375 0.66953125 0.0109375 0.0140625
0 0.46015625 0.64921875 0.0140625 0.0140625
0 0.51015625 0.66875 0.0140625 0.015625
0 0.5625 0.6859375 0.0125 0.009375
0 0.58125 0.68828125 0.00625 0.0078125
0 0.61640625 0.70234375 0.0078125 0.0109375
0 0.1078125 0.72265625 0.009375 0.0046875
0 0.75703125 0.52265625 0.0390625 0.0546875
0 1.07265625 0.675 0.0140625 0.015625
0 0.9921875 0.69296875 0.0125 0.0140625
0 1.16875 0.6921875 0.009375 0.0125
0 1.23828125 0.70625 0.0109375 0.015625
0 1.3109375 0.678125 0.015625 0.0125
0 1.36953125 0.66953125 0.0171875 0.0140625
0 1.55703125 0.66171875 0.0171875 0.0171875
0 1.42890625 0.68671875 0.0140625 0.0140625
