0 0.39375 0.171875 0.01875 0.025
0 0.35546875 0.20859375 0.0203125 0.0296875
0 0.496875 0.2359375 0.01875 0.021875
0 0.54296875 0.25703125 0.0203125 0.0203125
0 0.58046875 0.23671875 0.0171875 0.0203125
0 0.6 0.26640625 0.01875 0.0203125
0 0.621875 0.2875 0.021875 0.025
0 0.659375 0.26875 0.01875 0.021875
0 0.55078125 0.28515625 0.0203125 0.0234375
0 0.47421875 0.26484375 0.0203125 0.0234375
0 0.4796875 0.296875 0.021875 0.028125
0 0.46484375 0.3203125 0.0203125 0.028125
0 0.521875 0.33046875 0.021875 0.0265625
0 0.54453125 0.35546875 0.0234375 0.0296875
0 0.60234375 0.3359375 0.0203125 0.028125
0 0.62734375 0.3671875 0.0234375 0.028125
0 0.59296875 0.39609375 0.0234375 0.0296875
0 0.55 0.4328125 0.025 0.028125
0 0.5125 0.41171875 0.021875 0.0296875
0 0.45546875 0.36484375 0.0234375 0.0265625
0 0.440625 0.40625 0.021875 0.025
0 0.46796875 0.44140625 0.0265625 0.0328125
0 0.29765625 0.2828125 0.0171875 0.025
0 0.25390625 0.35625 0.0234375 0.028125
0 0.18984375 0.428125 0.0265625 0.034375
0 0.42265625 0.4859375 0.0265625 0.034375
0 0.49921875 0.48515625 0.0234375 0.0296875
0 0.56953125 0.4875 0.0265625 0.03125
0 0.39296875 0.5390625 0.0296875 0.025
0 0.4171875 0.57421875 0.025 0.0328125
0 0.465625 0.55625 0.025 0.028125
0 0.540625 0.546875 0.025 0.028125
0 0.525 0.59453125 0.028125 0.0328125
0 0.58984375 0.58125 0.0265625 0.03125
0 0.1609375 0.53046875 0.03125 0.0390625
0 0.3578125 0.61875 0.028125 0.0375
0 0.68359375 0.2359375 0.0171875 0.021875
0 0.775 0.22421875 0.021875 0.0296875
0 0.72421875 0.2671875 0.0203125 0.025
0 0.7890625 0.26484375 0.01875 0.0234375
0 0.85078125 0.26640625 0.0234375 0.0203125
0 0.82421875 0.28671875 0.0234375 0.0234375
0 0.7671875 0.29140625 0.021875 0.0234375
0 0.6953125 0.2984375 0.021875 0.025
0 0.6859375 0.325 0.025 0.028125
0 0.76015625 0.32890625 0.0234375 0.0265625
0 0.840625 0.334375 0.021875 0.025
0 0.7828125 0.36015625 0.021875 0.0296875
0 0.70390625 0.3671875 0.0203125 0.025
0 0.75625 0.3984375 0.021875 0.034375
0 0.834375 0.40234375 0.021875 0.0296875
0 0.67265625 0.409375 0.0203125 0.028125
0 0.728125 0.440625 0.025 0.03125
0 0.81015625 0.44140625 0.0234375 0.0265625
0 0.62890625 0.44375 0.0234375 0.03125
0 0.64453125 0.48203125 0.0234375 0.0296875
0 0.728125 0.484375 0.021875 0.021875
0 0.79609375 0.4890625 0.0234375 0.028125
0 0.81875 0.5125 0.025 0.034375
0 0.71796875 0.53125 0.0265625 0.034375
0 0.63125 0.5203125 0.025 0.028125
0 0.67734375 0.58125 0.0265625 0.034375
0 0.77890625 0.57421875 0.0265625 0.0359375
0 0.8828125 0.240625 0.021875 0.028125
0 0.92421875 0.2640625 0.0171875 0.028125
0 0.97890625 0.275 0.0171875 0.025
0 0.8859375 0.290625 0.021875 0.021875
0 0.95390625 0.30234375 0.0203125 0.0296875
0 1.0046875 0.2421875 0.01875 0.028125
0 1.0109375 0.28984375 0.021875 0.0265625
0 1.03984375 0.2765625 0.0203125 0.021875
0 0.9171875 0.33203125 0.021875 0.0265625
0 0.95234375 0.35546875 0.0234375 0.0328125
0 0.98515625 0.33828125 0.0203125 0.0296875
0 1.053125 0.33359375 0.021875 0.0265625
0 1.0359375 0.36640625 0.01875 0.0234375
0 0.85703125 0.37578125 0.0203125 0.0296875
0 0.91484375 0.4015625 0.0203125 0.025
0 0.98125 0.396875 0.021875 0.028125
0 0.96875 0.434375 0.021875 0.028125
0 0.8671875 0.44140625 0.025 0.0328125
0 0.890625 0.47421875 0.025 0.0328125
0 0.90390625 0.53359375 0.0265625 0.0328125
0 0.98203125 0.534375 0.0234375 0.034375
0 0.990625 0.49453125 0.025 0.0265625
0 0.85546875 0.58984375 0.0296875 0.0359375
0 0.96328125 0.584375 0.0265625 0.034375
0 1.11484375 0.2265625 0.0203125 0.021875
0 1.07109375 0.28515625 0.0203125 0.0265625
0 1.09609375 0.275 0.0203125 0.025
0 1.14453125 0.278125 0.0203125 0.025
0 1.2109375 0.2625 0.021875 0.025
0 1.14375 0.25546875 0.021875 0.0234375
0 1.2140625 0.30078125 0.021875 0.0234375
0 1.19296875 0.33046875 0.0234375 0.0234375
0 1.11953125 0.328125 0.0234375 0.028125
0 1.12109375 0.3578125 0.0234375 0.03125
0 1.20703125 0.3640625 0.0234375 0.021875
0 1.05078125 0.40703125 0.0234375 0.0296875
0 1.13046875 0.40625 0.0203125 0.028125
0 1.203125 0.4078125 0.025 0.028125
0 1.059375 0.44375 0.021875 0.03125
0 1.1453125 0.44765625 0.021875 0.0296875
0 1.23671875 0.44375 0.0234375 0.03125
0 1.0765625 0.48125 0.021875 0.028125
0 1.15 0.4875 0.021875 0.03125
0 1.2296875 0.48828125 0.021875 0.0265625
0 1.17109375 0.525 0.0265625 0.034375
0 1.07109375 0.53359375 0.0265625 0.0328125
0 1.06015625 0.5859375 0.0265625 0.03125
0 1.1609375 0.571875 0.03125 0.0375
0 1.1625 0.6296875 0.03125 0.0375
0 1.2890625 0.16796875 0.01875 0.0234375
0 1.3484375 0.22265625 0.015625 0.0234375
0 1.35390625 0.2765625 0.0234375 0.025
0 1.38984375 0.3515625 0.0265625 0.028125
0 1.26953125 0.5203125 0.0265625 0.0375
0 1.396875 0.4421875 0.025 0.034375
0 1.4453125 0.53984375 0.028125 0.0296875
