0 0.1625 0.83203125 0.01875 0.0203125
0 1.57734375 0.66796875 0.0203125 0.0234375
0 1.521875 0.6390625 0.025 0.03125
0 1.43203125 0.68359375 0.0203125 0.0203125
0 1.4671875 0.74453125 0.015625 0.0203125
0 1.33984375 0.653125 0.0328125 0.0375
0 1.27421875 0.6921875 0.0171875 0.01875
0 1.0890625 0.58828125 0.025 0.0296875
0 1.0828125 0.74375 0.0125 0.01875
0 1.0546875 0.76171875 0.015625 0.0140625
0 1.0375 0.75703125 0.0125 0.0171875
0 0.99765625 0.75390625 0.0140625 0.0140625
0 0.9984375 0.80859375 0.0125 0.0140625
0 0.96015625 0.7625 0.0109375 0.0125
0 0.85 0.75 0.0125 0.01875
0 1.22734375 0.7734375 0.0109375 0.0125
0 0.91640625 0.84609375 0.0078125 0.0109375
0 0.9125 0.7828125 0.009375 0.009375
0 0.728125 0.86328125 0.009375 0.0109375
0 0.6859375 0.87421875 0.009375 0.0078125
0 0.75703125 0.784375 0.0140625 0.015625
0 0.8234375 0.86953125 0.00625 0.0078125
0 0.5515625 0.6578125 0.03125 0.03125
0 0.33359375 0.765625 0.0203125 0.03125
0 0.0984375 0.81171875 0.01875 0.0234375
0 0.0578125 0.821875 0.021875 0.025
0 0.71171875 0.82109375 0.0078125 0.0078125
0 0.69140625 0.83515625 0.0078125 0.0078125
