0 1.14140625 0.21015625 0.0265625 0.0390625
0 1.21796875 0.26640625 0.0265625 0.0296875
0 1.28125 0.2125 0.025 0.034375
0 1.32890625 0.378125 0.0203125 0.03125
0 0.05 0.646875 0.025 0.028125
0 0.171875 0.484375 0.021875 0.034375
0 0.0984375 0.57578125 0.01875 0.0234375
0 0.1203125 0.57734375 0.01875 0.0234375
0 0.16796875 0.64609375 0.0203125 0.0296875
0 0.18203125 0.63125 0.0171875 0.028125
0 0.1828125 0.68046875 0.015625 0.0265625
0 0.2453125 0.67578125 0.01875 0.0203125
0 0.2703125 0.62890625 0.021875 0.0296875
0 1.5296875 0.503125 0.015625 0.015625
0 1.5421875 0.50625 0.009375 0.0125
0 1.55390625 0.50703125 0.0140625 0.0171875
0 1.56953125 0.50546875 0.0078125 0.0109375
