0 0.128125 0.45703125 0.028125 0.0390625
0 0.3015625 0.4484375 0.028125 0.028125
0 0.34609375 0.4265625 0.0203125 0.025
0 0.36875 0.45234375 0.03125 0.0359375
0 0.52109375 0.42578125 0.0265625 0.0296875
0 0.56875 0.40546875 0.034375 0.0359375
0 0.55546875 0.45390625 0.0265625 0.0390625
0 0.79375 0.41484375 0.034375 0.0359375
0 0.803125 0.37734375 0.03125 0.0296875
0 0.86875 0.428125 0.03125 0.0375
0 0.91796875 0.38125 0.0359375 0.05
0 1.02109375 0.3953125 0.0234375 0.028125
0 1.0609375 0.40859375 0.028125 0.0359375
0 1.08359375 0.4140625 0.0328125 0.05
0 1.13125 0.40546875 0.028125 0.0484375
0 1.19921875 0.4015625 0.0171875 0.021875
0 1.3453125 0.43125 0.025 0.034375
0 1.371875 0.409375 0.046875 0.06875
0 1.43515625 0.35625 0.0359375 0.046875
0 1.4609375 0.4125 0.0375 0.05625
