0 0.65859375 0.24921875 0.0390625 0.0453125
0 0.43046875 0.19765625 0.0484375 0.0515625
0 0.52265625 0.18828125 0.0328125 0.0296875
0 0.365625 0.2015625 0.0375 0.040625
0 0.30859375 0.23046875 0.0421875 0.0390625
0 0.340625 0.15703125 0.028125 0.0328125
0 0.06640625 0.17578125 0.0453125 0.0453125
0 0.146875 0.153125 0.034375 0.03125
0 0.02890625 0.18515625 0.0359375 0.0453125
0 1.27109375 0.21171875 0.0609375 0.0734375
0 0.9734375 0.23671875 0.046875 0.0484375
0 1.38203125 0.24609375 0.0328125 0.0328125
0 1.51484375 0.23203125 0.0296875 0.0296875
0 1.09140625 0.21953125 0.0296875 0.0328125
0 1.4171875 0.2 0.021875 0.025
0 0.934375 0.1703125 0.0375 0.05
0 1.14609375 0.17890625 0.0203125 0.0203125
0 1.2265625 0.240625 0.0375 0.040625
0 1.18984375 0.23828125 0.0234375 0.0203125
0 1.0859375 0.178125 0.025 0.025
0 1.0234375 0.1859375 0.021875 0.01875
0 1.32734375 0.2046875 0.0203125 0.021875
0 1.4875 0.20859375 0.025 0.0234375
0 0.90703125 0.19453125 0.0171875 0.0234375
0 0.76640625 0.21796875 0.0421875 0.0546875
