0 1.44765625 0.39296875 0.0515625 0.0609375
0 1.39921875 0.60078125 0.0546875 0.0640625
0 1.2546875 0.534375 0.05 0.0625
0 1.3 0.3875 0.040625 0.046875
0 1.171875 0.33203125 0.04375 0.0484375
0 1.09140625 0.63203125 0.0453125 0.0578125
0 0.9359375 0.65390625 0.046875 0.0515625
0 0.93828125 0.3703125 0.0421875 0.05
0 1.0453125 0.359375 0.05 0.0625
0 1.078125 0.29375 0.040625 0.046875
0 0.97109375 0.31328125 0.0421875 0.0484375
0 0.85703125 0.353125 0.0421875 0.046875
0 0.7109375 0.37578125 0.046875 0.0546875
0 0.8078125 0.5890625 0.059375 0.075
0 0.6203125 0.5921875 0.046875 0.059375
0 0.575 0.37734375 0.046875 0.0515625
0 0.58125 0.309375 0.0375 0.040625
0 0.74453125 0.33984375 0.0390625 0.0484375
0 0.8421875 0.2984375 0.04375 0.046875
0 0.3203125 0.31484375 0.0625 0.0765625
0 0.39296875 0.22890625 0.0484375 0.0671875
0 0.2625 0.25078125 0.05 0.0578125
0 0.1546875 0.3125 0.065625 0.084375
0 0.42265625 0.5390625 0.0671875 0.084375
0 0.46484375 0.35234375 0.0484375 0.0671875
0 0.46015625 0.30546875 0.0421875 0.0453125
0 0.20625 0.3359375 0.046875 0.06875
0 0.82890625 0.4015625 0.0421875 0.053125
