0 0.378125 0.23203125 0.11875 0.1703125
0 0.76640625 0.409375 0.0640625 0.090625
0 0.6109375 0.34609375 0.01875 0.0296875
0 0.91875 0.43203125 0.015625 0.0265625
0 1.0046875 0.4328125 0.028125 0.046875
0 1.07734375 0.4875 0.0265625 0.034375
0 1.17265625 0.4765625 0.0234375 0.028125
0 1.2484375 0.50078125 0.021875 0.0171875
0 1.5125 0.55078125 0.03125 0.0421875
0 1.5296875 0.52734375 0.028125 0.0390625
0 0.1546875 0.26875 0.0375 0.05
0 0.39140625 0.325 0.0484375 0.0625
0 1.20859375 0.49921875 0.0234375 0.0171875
0 1.1078125 0.4671875 0.0125 0.015625
0 0.8828125 0.4 0.0625 0.059375
