0 0.01640625 0.80625 0.0328125 0.140625
0 0.25859375 0.91015625 0.1234375 0.1546875
0 0.61015625 0.78046875 0.1234375 0.1640625
0 0.284375 0.66953125 0.109375 0.1296875
0 0.56015625 0.63125 0.0890625 0.08125
0 0.77578125 0.67890625 0.0765625 0.0953125
0 0.73671875 1.0015625 0.1234375 0.121875
0 0.9140625 0.82421875 0.1125 0.1453125
0 1.253125 0.99453125 0.115625 0.1078125
0 1.371875 0.75546875 0.103125 0.1203125
0 1.25546875 0.61484375 0.0828125 0.1015625
0 1.12109375 0.73671875 0.0953125 0.1265625
0 0.41640625 0.559375 0.0671875 0.090625
0 0.20546875 0.5296875 0.0828125 0.115625
0 0.06640625 0.5296875 0.0796875 0.09375
0 0.03046875 0.57265625 0.0609375 0.1171875
0 0.20234375 0.4234375 0.0703125 0.078125
0 0.434375 0.45703125 0.05625 0.0640625
0 0.10078125 0.371875 0.0546875 0.071875
0 0.23828125 0.3625 0.0453125 0.05625
0 0.25625 0.2921875 0.04375 0.053125
0 0.3296875 0.2875 0.046875 0.0625
0 0.2734375 0.234375 0.034375 0.04375
0 0.1703125 0.20625 0.034375 0.05
0 0.0953125 0.21328125 0.034375 0.0328125
0 0.0546875 0.271875 0.046875 0.046875
0 0.0109375 0.23046875 0.021875 0.0390625
0 0.05234375 0.16875 0.0296875 0.0375
0 0.0984375 0.15390625 0.025 0.0296875
0 0.17734375 0.171875 0.0234375 0.034375
0 0.33515625 0.184375 0.0234375 0.03125
0 0.234375 0.13828125 0.021875 0.0234375
0 0.2609375 0.11484375 0.01875 0.0265625
0 0.08203125 0.12109375 0.0203125 0.0234375
0 0.0234375 0.08203125 0.01875 0.0203125
0 0.09375 0.07265625 0.015625 0.0171875
0 0.1921875 0.08984375 0.015625 0.0140625
0 0.04921875 0.1375 0.0203125 0.01875
0 0.00625 0.15859375 0.0125 0.0296875
0 0.00390625 0.0875 0.0078125 0.021875
0 0.0125 0.07265625 0.0125 0.0140625
0 0.01875 0.06171875 0.0125 0.0109375
0 0.05078125 0.04609375 0.0109375 0.0140625
0 0.06796875 0.084375 0.0109375 0.015625
0 0.11875 0.0296875 0.0125 0.009375
0 0.15234375 0.06640625 0.0109375 0.0140625
0 0.16796875 0.05234375 0.0109375 0.0109375
0 0.190625 0.146875 0.0125 0.028125
0 0.2859375 0.0875 0.0125 0.015625
0 0.33515625 0.09921875 0.0171875 0.0234375
0 0.35703125 0.13515625 0.0234375 0.0296875
0 0.4140625 0.13046875 0.01875 0.0296875
0 0.39765625 0.10078125 0.0140625 0.0140625
0 0.484375 0.1 0.01875 0.021875
0 0.4828125 0.1453125 0.021875 0.028125
0 0.275 0.2 0.028125 0.03125
0 0.4609375 0.08125 0.009375 0.009375
0 0.5375 0.146875 0.021875 0.028125
0 0.4546875 0.1609375 0.025 0.025
0 0.44921875 0.1875 0.0265625 0.04375
0 0.38984375 0.190625 0.0328125 0.040625
0 0.4828125 0.22109375 0.034375 0.0421875
0 0.52265625 0.125 0.0171875 0.01875
0 0.54375 0.103125 0.0125 0.015625
0 0.50546875 0.06875 0.0078125 0.009375
0 0.30078125 0.065625 0.0078125 0.0125
0 0.24453125 0.06796875 0.0078125 0.0109375
0 0.53203125 0.0828125 0.0109375 0.0125
0 0.5578125 0.1 0.0125 0.015625
0 0.578125 0.09921875 0.0125 0.0171875
0 0.67109375 0.115625 0.0171875 0.01875
0 0.5875 0.0609375 0.009375 0.0125
0 0.73359375 0.096875 0.0140625 0.015625
0 0.62421875 0.16875 0.0296875 0.034375
0 0.62578125 0.08203125 0.0078125 0.0109375
0 0.68828125 0.20234375 0.0203125 0.0359375
0 0.66328125 0.21171875 0.0265625 0.0421875
0 0.60625 0.22265625 0.03125 0.0296875
0 0.56171875 0.2234375 0.0296875 0.028125
0 0.46328125 0.26328125 0.0359375 0.0390625
0 0.70625 0.1640625 0.025 0.028125
0 0.7703125 0.1125 0.015625 0.015625
0 0.75390625 0.103125 0.0109375 0.01875
0 0.78515625 0.10703125 0.0140625 0.0171875
0 0.909375 0.09375 0.015625 0.01875
0 0.91640625 0.11796875 0.0140625 0.0171875
0 0.8578125 0.08515625 0.0125 0.0203125
0 0.83203125 0.09921875 0.0109375 0.0171875
0 0.81015625 0.13828125 0.0109375 0.0171875
0 0.8328125 0.17265625 0.015625 0.0171875
0 0.8140625 0.17265625 0.015625 0.0171875
0 0.93984375 0.140625 0.0140625 0.015625
0 0.9578125 0.2046875 0.028125 0.04375
0 0.85 0.2046875 0.025 0.028125
0 0.8109375 0.22421875 0.034375 0.0484375
0 0.74609375 0.253125 0.0328125 0.046875
0 0.72890625 0.15390625 0.0171875 0.0234375
0 0.94296875 0.109375 0.0109375 0.0125
0 0.89765625 0.26015625 0.0296875 0.0359375
0 0.78828125 0.27421875 0.0328125 0.0359375
0 0.97109375 0.1296875 0.0109375 0.015625
0 1.009375 0.13671875 0.015625 0.0171875
0 1.04921875 0.11953125 0.0140625 0.0171875
0 1.03671875 0.10625 0.0140625 0.015625
0 1.03125 0.13046875 0.015625 0.0171875
0 0.9328125 0.11953125 0.0125 0.0140625
0 1.03828125 0.18125 0.0265625 0.034375
0 1.0609375 0.15546875 0.01875 0.0171875
0 1.01015625 0.1609375 0.0171875 0.021875
0 0.9765625 0.178125 0.01875 0.021875
0 0.9515625 0.09296875 0.009375 0.0109375
0 0.9875 0.2953125 0.046875 0.05
0 1.0515625 0.28984375 0.025 0.0296875
0 0.8953125 0.334375 0.028125 0.034375
0 0.8546875 0.31484375 0.046875 0.0484375
0 0.7140625 0.30234375 0.046875 0.0578125
0 0.77890625 0.33984375 0.0515625 0.0578125
0 0.96796875 0.09296875 0.0078125 0.0109375
0 1.05625 0.10703125 0.015625 0.0171875
0 0.821875 0.07109375 0.00625 0.0078125
0 0.9875 0.0671875 0.00625 0.009375
0 0.759375 0.07109375 0.00625 0.0078125
0 0.65546875 0.06640625 0.0078125 0.0078125
0 0.68671875 0.0890625 0.0078125 0.00625
0 0.60234375 0.10390625 0.0109375 0.0171875
0 1.059375 0.09453125 0.021875 0.0171875
0 1.02109375 0.103125 0.0140625 0.015625
0 1.121875 0.0890625 0.015625 0.015625
0 1.13515625 0.12109375 0.0171875 0.0140625
0 1.18515625 0.11875 0.0140625 0.015625
0 1.209375 0.11796875 0.0125 0.0171875
0 1.24453125 0.11796875 0.0140625 0.0203125
0 1.0859375 0.12265625 0.015625 0.0140625
0 1.125 0.16171875 0.015625 0.0234375
0 1.08125 0.1640625 0.01875 0.025
0 1.096875 0.15234375 0.015625 0.0203125
0 1.11015625 0.1671875 0.0171875 0.01875
0 1.25625 0.18984375 0.025 0.0265625
0 1.13984375 0.27265625 0.0234375 0.0296875
0 1.23828125 0.1515625 0.0203125 0.021875
0 1.1734375 0.15546875 0.01875 0.0234375
0 1.09140625 0.25546875 0.0296875 0.0390625
0 0.8734375 0.1625 0.0125 0.021875
0 1.4984375 0.0953125 0.009375 0.0125
0 1.4375 0.08359375 0.009375 0.0078125
0 1.296875 0.11171875 0.0125 0.0140625
0 1.27421875 0.11015625 0.0109375 0.0109375
0 1.33515625 0.11640625 0.0140625 0.0171875
0 1.36015625 0.121875 0.0109375 0.0125
0 1.40078125 0.12734375 0.0109375 0.0140625
0 1.440625 0.13203125 0.0125 0.0140625
0 1.51875 0.1671875 0.01875 0.025
0 1.57578125 0.1671875 0.0171875 0.021875
0 1.53828125 0.1921875 0.0171875 0.025
0 1.5875 0.2125 0.025 0.034375
0 1.46484375 0.16171875 0.0171875 0.0234375
0 1.44375 0.18125 0.01875 0.028125
0 1.421875 0.171875 0.015625 0.03125
0 1.39296875 0.17890625 0.0203125 0.0296875
0 1.3625 0.16484375 0.025 0.0203125
0 1.3296875 0.140625 0.01875 0.01875
0 1.4234375 0.090625 0.00625 0.00625
0 1.3734375 0.10859375 0.00625 0.0078125
0 1.3890625 0.1015625 0.00625 0.009375
0 1.2984375 0.171875 0.015625 0.0125
0 1.28203125 0.13125 0.0140625 0.015625
0 1.28046875 0.16171875 0.0171875 0.0203125
0 1.30703125 0.20390625 0.0234375 0.0265625
0 1.284375 0.20234375 0.01875 0.0234375
0 1.33203125 0.1890625 0.0140625 0.025
0 1.47109375 0.21796875 0.0203125 0.0234375
0 1.50625 0.26875 0.034375 0.04375
0 1.5375 0.25859375 0.01875 0.0234375
0 1.40390625 0.2625 0.0359375 0.034375
0 1.34453125 0.2 0.0140625 0.0125
0 1.37890625 0.26328125 0.0234375 0.0234375
0 1.32109375 0.28671875 0.0265625 0.0328125
0 0.4046875 0.2890625 0.040625 0.05
0 0.22734375 0.2828125 0.0359375 0.046875
0 0.46015625 0.43984375 0.0390625 0.0390625
0 0.59375 0.35546875 0.040625 0.0515625
0 0.66953125 0.325 0.0484375 0.065625
0 0.77890625 0.465625 0.0578125 0.06875
0 0.59375 0.54453125 0.065625 0.0828125
0 0.6640625 0.5421875 0.04375 0.053125
0 0.21875 0.0953125 0.0125 0.0125
0 0.9890625 0.46015625 0.05625 0.0609375
0 1.1171875 0.4734375 0.05625 0.075
0 1.08203125 0.6203125 0.0859375 0.09375
0 0.9703125 0.6171875 0.05 0.065625
0 0.88359375 0.52890625 0.0578125 0.0734375
0 0.9015625 0.69375 0.096875 0.084375
0 0.4578125 0.30078125 0.04375 0.0578125
0 1.178125 0.38125 0.05625 0.05
0 1.03203125 0.3234375 0.0234375 0.034375
0 1.2296875 0.353125 0.046875 0.053125
0 1.22578125 0.2890625 0.0234375 0.021875
0 1.33984375 0.41328125 0.0421875 0.0484375
0 1.365625 0.37421875 0.0375 0.0484375
0 1.29921875 0.49453125 0.0609375 0.0703125
0 1.34609375 0.55859375 0.0703125 0.0890625
0 0.8703125 0.3796875 0.05 0.053125
0 1.51875 0.646875 0.084375 0.06875
0 1.446875 0.49765625 0.0625 0.0609375
0 1.46640625 0.446875 0.0546875 0.053125
0 1.51953125 0.39140625 0.0546875 0.0609375
0 1.59453125 0.33046875 0.0109375 0.0296875
0 1.4171875 0.41015625 0.025 0.0265625
0 1.22265625 0.190625 0.0171875 0.015625
0 1.559375 0.08203125 0.00625 0.0140625
0 1.090625 0.09609375 0.009375 0.0078125
0 0.80546875 0.0703125 0.0078125 0.00625
0 0.9296875 0.1046875 0.009375 0.009375
0 0.5796875 0.48359375 0.05625 0.0703125
0 0.76484375 0.53984375 0.0453125 0.0734375
0 1.19296875 0.06953125 0.0109375 0.0140625
0 1.5890625 0.50234375 0.021875 0.0515625
