0 1.39296875 0.46015625 0.0640625 0.0703125
0 1.27265625 0.48515625 0.0734375 0.0828125
0 1.153125 0.66015625 0.075 0.0921875
0 1.3125 0.259375 0.05 0.053125
0 1.53203125 0.3359375 0.0453125 0.059375
0 0.6765625 0.54609375 0.03125 0.0453125
0 0.6 0.5671875 0.034375 0.04375
0 0.5484375 0.79296875 0.075 0.0828125
0 0.3203125 0.6859375 0.0375 0.040625
0 0.4421875 0.6625 0.028125 0.0375
0 0.6265625 0.70234375 0.0375 0.0515625
0 0.22890625 0.909375 0.0578125 0.05625
0 0.07734375 0.94296875 0.0484375 0.0578125
0 0.33984375 0.7703125 0.0421875 0.05625
0 0.7671875 0.79375 0.071875 0.09375
0 0.21875 0.71875 0.03125 0.04375
0 0.34921875 0.6890625 0.0265625 0.034375
0 0.92890625 0.4140625 0.0546875 0.08125
