0 0.0390625 0.2140625 0.01875 0.025
0 0.06328125 0.1078125 0.0203125 0.025
0 0.021875 0.01796875 0.01875 0.0203125
0 0.11640625 0.02734375 0.0203125 0.0234375
0 0.17109375 0.13125 0.0203125 0.025
0 0.19921875 0.05625 0.0203125 0.021875
0 0.2546875 0.01875 0.015625 0.021875
0 0.30078125 0.1078125 0.0203125 0.021875
0 0.2671875 0.14921875 0.025 0.0265625
0 0.13359375 0.2515625 0.0203125 0.021875
0 0.225 0.26171875 0.021875 0.0234375
0 0.359375 0.21171875 0.01875 0.0234375
0 0.03125 0.31953125 0.021875 0.0203125
0 0.33671875 0.30703125 0.0234375 0.0234375
0 0.1234375 0.34375 0.01875 0.025
0 0.23203125 0.390625 0.0234375 0.028125
0 0.328125 0.4265625 0.025 0.03125
0 0.3671875 0.78203125 0.034375 0.0359375
0 0.215625 0.71953125 0.03125 0.0390625
0 0.07109375 0.65390625 0.0296875 0.0328125
0 0.08203125 0.475 0.0265625 0.034375
0 0.21171875 0.54140625 0.0296875 0.0296875
0 0.32265625 0.60078125 0.0234375 0.0296875
0 0.46953125 0.6875 0.0265625 0.028125
0 0.46328125 0.46640625 0.0234375 0.0296875
0 0.45 0.36015625 0.025 0.0296875
0 0.5625 0.39140625 0.025 0.0265625
0 0.59375 0.55390625 0.025 0.0296875
0 0.6875 0.415625 0.028125 0.028125
0 0.67265625 0.30078125 0.0265625 0.0328125
0 0.5484375 0.2578125 0.025 0.034375
0 0.446875 0.2203125 0.021875 0.028125
0 0.6609375 0.21328125 0.025 0.0234375
0 0.53046875 0.1125 0.0234375 0.025
0 0.6234375 0.12421875 0.021875 0.0234375
0 0.70625 0.08984375 0.021875 0.0265625
0 0.45234375 0.08125 0.0203125 0.021875
0 0.3515625 0.02578125 0.01875 0.0234375
0 0.6578125 0.021875 0.01875 0.025
0 0.73984375 0.99375 0.0296875 0.034375
0 0.5421875 0.88671875 0.028125 0.0328125
0 0.62734375 0.7421875 0.0296875 0.034375
0 0.8109375 0.82578125 0.028125 0.0328125
0 0.984375 0.9109375 0.03125 0.040625
0 0.890625 0.67578125 0.028125 0.0328125
0 0.75078125 0.61796875 0.0265625 0.0359375
0 0.828125 0.49453125 0.028125 0.0328125
0 0.96875 0.55390625 0.025 0.0359375
0 1.08203125 0.75390625 0.0296875 0.0390625
0 1.13984375 0.615625 0.0265625 0.034375
0 1.27890625 0.8328125 0.0296875 0.0375
0 1.253125 0.49765625 0.028125 0.0359375
0 1.21796875 1.0078125 0.0328125 0.028125
0 1.525 0.94453125 0.025 0.0328125
0 1.56796875 0.77421875 0.0296875 0.0296875
0 1.35 0.703125 0.03125 0.034375
0 0.74921875 0.0484375 0.0203125 0.021875
0 0.8421875 0.07890625 0.01875 0.0234375
0 0.8078125 0.11953125 0.021875 0.0265625
0 0.7453125 0.17890625 0.01875 0.0234375
0 0.8265625 0.2109375 0.021875 0.028125
0 0.775 0.24140625 0.01875 0.0234375
0 0.78828125 0.3421875 0.0234375 0.028125
0 0.915625 0.38359375 0.025 0.0328125
0 1.00546875 0.31875 0.0203125 0.03125
0 0.89921875 0.29140625 0.0234375 0.0296875
0 0.94453125 0.228125 0.0203125 0.025
0 1.0171875 0.17421875 0.01875 0.0234375
0 0.92109375 0.1609375 0.0234375 0.028125
0 0.9640625 0.12578125 0.01875 0.0265625
0 1.08046875 0.14296875 0.0203125 0.0265625
0 1.175 0.153125 0.015625 0.01875
0 1.1546875 0.20703125 0.021875 0.0203125
0 1.07890625 0.26640625 0.0203125 0.0265625
0 1.19296875 0.2921875 0.0234375 0.028125
0 1.12890625 0.359375 0.0203125 0.028125
0 1.08515625 0.43203125 0.0234375 0.0265625
0 1.27734375 0.23828125 0.0265625 0.0265625
0 1.29609375 0.425 0.0234375 0.03125
0 1.34609375 0.328125 0.0234375 0.028125
0 1.39921875 0.26875 0.0203125 0.028125
0 1.43203125 0.23515625 0.0234375 0.0265625
0 1.52890625 0.115625 0.0171875 0.028125
0 1.46484375 0.4875 0.0234375 0.03125
0 1.52421875 0.396875 0.0203125 0.03125
0 1.5671875 0.3375 0.021875 0.03125
0 1.58125 0.25 0.01875 0.03125
0 1.30390625 0.20078125 0.0203125 0.0234375
0 1.4140625 0.55625 0.025 0.03125
