0 1.34453125 0.42421875 0.0296875 0.0359375
0 0.68671875 0.36015625 0.0421875 0.0484375
0 1.225 0.490625 0.009375 0.0125
0 1.16796875 0.4953125 0.0078125 0.0125
0 1.096875 0.478125 0.0125 0.0125
0 1.39765625 0.50859375 0.0078125 0.0109375
0 1.46875 0.5109375 0.009375 0.009375
0 1.03515625 0.496875 0.0109375 0.0125
0 0.94453125 0.465625 0.0109375 0.0125
0 0.9046875 0.47734375 0.0125 0.0109375
0 0.8125 0.4640625 0.0125 0.0125
0 1.0171875 0.4875 0.009375 0.009375
0 0.25625 0.35625 0.03125 0.034375
0 0.3453125 0.38984375 0.025 0.0265625
0 0.065625 0.31953125 0.034375 0.0359375
0 0.165625 0.38984375 0.021875 0.0328125
0 1.53046875 0.515625 0.0078125 0.0125
0 1.5703125 0.52265625 0.009375 0.0109375
