0 0.19765625 0.171875 0.0421875 0.04375
0 0.165625 0.20078125 0.021875 0.0265625
0 0.13203125 0.22109375 0.0234375 0.0265625
0 0.1015625 0.20546875 0.021875 0.0234375
0 0.0453125 0.209375 0.009375 0.009375
0 0.62421875 0.2140625 0.0328125 0.040625
0 0.52578125 0.2234375 0.0296875 0.03125
0 0.4203125 0.23359375 0.021875 0.0234375
0 0.3796875 0.2140625 0.01875 0.025
0 0.3421875 0.22890625 0.01875 0.0203125
0 0.30390625 0.221875 0.0171875 0.021875
0 0.44296875 0.2359375 0.0109375 0.015625
0 0.46875 0.2421875 0.015625 0.01875
0 0.49609375 0.2390625 0.0140625 0.021875
0 0.5609375 0.2265625 0.01875 0.025
0 0.65625 0.234375 0.025 0.03125
0 0.771875 0.2515625 0.01875 0.021875
0 0.79921875 0.24140625 0.0265625 0.0296875
0 0.840625 0.2546875 0.015625 0.01875
0 0.86484375 0.2625 0.0203125 0.021875
0 0.959375 0.21875 0.034375 0.03125
0 1.03359375 0.2515625 0.0265625 0.028125
0 1.23515625 0.246875 0.0296875 0.0375
0 1.28671875 0.240625 0.0171875 0.021875
0 1.40390625 0.2421875 0.0296875 0.034375
0 1.55078125 0.27578125 0.0140625 0.0234375
0 1.1625 0.30390625 0.0125 0.0171875
0 1.13984375 0.25546875 0.0109375 0.0140625
