0 1.45234375 0.6015625 0.0328125 0.034375
0 1.346875 0.57734375 0.0375 0.0359375
0 1.41953125 0.5625 0.0296875 0.028125
0 1.49296875 0.53671875 0.0296875 0.0296875
0 1.30546875 0.59375 0.0328125 0.034375
0 1.3375 0.5390625 0.015625 0.015625
0 1.1640625 0.690625 0.028125 0.034375
0 1.07265625 0.7140625 0.0328125 0.0375
0 0.77265625 0.36953125 0.1296875 0.1515625
0 0.3234375 0.615625 0.0375 0.0375
0 0.43671875 0.65625 0.0328125 0.0375
0 0.44609375 0.59609375 0.0296875 0.0328125
0 0.2484375 0.61328125 0.028125 0.0359375
0 0.17890625 0.60859375 0.0296875 0.0359375
0 0.103125 0.646875 0.0375 0.0375
0 0.12890625 0.59765625 0.0296875 0.0328125
0 0.03203125 0.6265625 0.0296875 0.025
0 0.46953125 0.615625 0.0140625 0.01875
0 0.51328125 0.66796875 0.0328125 0.0328125
0 0.3765625 0.6265625 0.028125 0.03125
0 0.39609375 0.59296875 0.0171875 0.0203125
0 0.4234375 0.60390625 0.0125 0.0203125
0 1.43203125 0.53046875 0.0171875 0.0171875
0 1.37421875 0.540625 0.0140625 0.01875
0 1.58203125 0.58671875 0.0328125 0.0328125
0 1.51171875 0.5890625 0.0265625 0.025
0 1.53046875 0.55859375 0.0265625 0.0328125
