0 0.46875 0.2921875 0.06875 0.06875
0 0.6234375 0.30703125 0.05 0.0640625
0 0.31484375 0.37265625 0.0421875 0.0546875
0 0.36953125 0.36328125 0.0453125 0.0609375
0 0.26328125 0.3609375 0.0421875 0.05625
0 0.21640625 0.39140625 0.0453125 0.0546875
0 0.11171875 0.49375 0.0171875 0.01875
0 0.05546875 0.4890625 0.0140625 0.015625
0 0.73515625 0.2765625 0.0609375 0.06875
0 0.8703125 0.3234375 0.05 0.053125
0 0.98984375 0.29140625 0.0546875 0.0671875
0 1.1265625 0.33125 0.05 0.065625
0 1.25703125 0.30234375 0.0578125 0.0765625
0 1.315625 0.34296875 0.04375 0.0578125
