0 0.015625 0.3953125 0.021875 0.04375
0 0.0515625 0.3984375 0.028125 0.025
0 0.0296875 0.33515625 0.015625 0.0171875
0 0.07265625 0.33984375 0.0203125 0.0234375
0 0.11875 0.3671875 0.021875 0.025
0 0.171875 0.38828125 0.021875 0.0234375
0 0.11328125 0.31796875 0.0171875 0.0203125
0 0.17578125 0.21953125 0.0203125 0.0296875
0 0.21328125 0.21328125 0.0109375 0.0140625
0 0.2453125 0.221875 0.015625 0.01875
0 0.27265625 0.25859375 0.0140625 0.0171875
0 0.27265625 0.29609375 0.0140625 0.0203125
0 0.21328125 0.32421875 0.0171875 0.0203125
0 0.19921875 0.33984375 0.0171875 0.0203125
0 0.20859375 0.36640625 0.0203125 0.0203125
0 0.2453125 0.37734375 0.0375 0.0421875
0 0.34921875 0.3765625 0.0421875 0.05625
0 0.34765625 0.3015625 0.0171875 0.01875
0 0.3375 0.23515625 0.021875 0.0234375
0 0.31796875 0.20390625 0.0140625 0.0140625
0 0.4625 0.26640625 0.0125 0.0140625
0 0.471875 0.2375 0.0125 0.015625
0 0.31484375 0.35859375 0.0234375 0.0296875
0 0.45703125 0.35625 0.0234375 0.028125
0 0.56640625 0.3296875 0.0421875 0.05
0 0.6359375 0.265625 0.0125 0.0125
0 0.6703125 0.31875 0.034375 0.040625
0 0.6703125 0.41328125 0.040625 0.0421875
0 0.74140625 0.359375 0.0171875 0.021875
0 0.76640625 0.34921875 0.0203125 0.0296875
0 0.82421875 0.34765625 0.0234375 0.0296875
0 0.88359375 0.39140625 0.0484375 0.0546875
0 0.91796875 0.3421875 0.0171875 0.028125
0 0.9515625 0.3765625 0.0375 0.04375
0 0.925 0.3890625 0.01875 0.028125
0 0.990625 0.34921875 0.021875 0.0328125
0 0.9234375 0.26875 0.0125 0.015625
0 0.91875 0.28671875 0.0125 0.0109375
0 0.9921875 0.28046875 0.0125 0.0140625
0 1.02578125 0.2765625 0.0109375 0.015625
0 1.04296875 0.25546875 0.0109375 0.0140625
0 1.0734375 0.29765625 0.015625 0.0203125
0 1.09453125 0.296875 0.0140625 0.01875
0 1.0984375 0.33984375 0.021875 0.0234375
0 1.0703125 0.35078125 0.0125 0.0203125
0 1.0484375 0.3453125 0.01875 0.01875
0 1.0671875 0.415625 0.025 0.025
0 1.13203125 0.40390625 0.0296875 0.0421875
0 1.1796875 0.403125 0.025 0.025
0 1.2140625 0.35390625 0.021875 0.0265625
0 1.24921875 0.384375 0.0296875 0.034375
0 1.27734375 0.35 0.0203125 0.025
0 1.2875 0.28125 0.015625 0.01875
0 1.1484375 0.2984375 0.015625 0.01875
0 1.1203125 0.2734375 0.015625 0.01875
0 1.059375 0.28046875 0.015625 0.0171875
0 1.17265625 0.27421875 0.0140625 0.0171875
0 1.19921875 0.2546875 0.0140625 0.015625
0 1.2484375 0.23671875 0.01875 0.0234375
0 1.3265625 0.2609375 0.015625 0.015625
0 0.825 0.28671875 0.0125 0.0109375
0 0.88046875 0.2203125 0.0140625 0.015625
0 0.98203125 0.21953125 0.0109375 0.0140625
0 0.89140625 0.24609375 0.0109375 0.0109375
0 0.86640625 0.240625 0.0109375 0.0125
0 0.05859375 0.20703125 0.0140625 0.0140625
0 0.7921875 0.26015625 0.0125 0.0140625
0 1.159375 0.203125 0.0125 0.015625
0 1.19921875 0.22890625 0.0109375 0.0109375
0 1.3484375 0.27578125 0.0125 0.0203125
0 1.12109375 0.33515625 0.0140625 0.0203125
0 1.5421875 0.2875 0.0125 0.01875
0 1.55390625 0.19765625 0.0109375 0.0171875
0 1.559375 0.15546875 0.00625 0.0078125
