0 1.43828125 0.72421875 0.0296875 0.0359375
0 1.1203125 0.2171875 0.009375 0.0125
0 1.08828125 0.2140625 0.0140625 0.015625
0 0.33203125 0.52890625 0.0109375 0.0140625
0 0.459375 0.51484375 0.053125 0.0515625
0 0.5875 0.51875 0.009375 0.0125
0 0.28203125 0.53515625 0.0109375 0.0140625
0 0.6375 0.5265625 0.0125 0.01875
0 0.7109375 0.52421875 0.0375 0.0515625
0 0.878125 0.55 0.046875 0.05
0 1.0078125 0.559375 0.0125 0.015625
0 1.071875 0.571875 0.01875 0.028125
0 1.09375 0.61953125 0.034375 0.0453125
0 1.11171875 0.55078125 0.0140625 0.0140625
0 1.0953125 0.54921875 0.009375 0.0140625
0 1.2015625 0.53984375 0.009375 0.0140625
0 1.37421875 0.57421875 0.0484375 0.0703125
0 1.49609375 0.56796875 0.0296875 0.0453125
0 1.54140625 0.59140625 0.0390625 0.0453125
0 1.55859375 0.521875 0.0171875 0.021875
0 1.56796875 0.53515625 0.0140625 0.0203125
0 1.58984375 0.55078125 0.0203125 0.0359375
0 1.22421875 0.55859375 0.0109375 0.0140625
0 0.50078125 0.09453125 0.0140625 0.0203125
0 0.55546875 0.3078125 0.0203125 0.0125
0 0.80390625 0.30859375 0.0234375 0.0203125
0 1.17578125 0.2359375 0.0359375 0.04375
0 1.10625 0.2203125 0.0125 0.015625
0 0.3796875 0.54296875 0.009375 0.0140625
0 0.74921875 0.3734375 0.0296875 0.025
0 1.2203125 0.37265625 0.025 0.0265625
