0 1.4484375 0.35234375 0.071875 0.0859375
0 1.2125 0.3421875 0.075 0.090625
0 0.92109375 0.43125 0.0546875 0.071875
0 0.72421875 0.5109375 0.0546875 0.05625
0 0.55078125 0.5609375 0.0421875 0.04375
0 0.41875 0.6015625 0.040625 0.0375
0 0.46875 0.628125 0.03125 0.03125
0 0.32421875 0.63203125 0.0296875 0.0296875
0 0.26484375 0.6421875 0.0296875 0.025
0 0.2015625 0.659375 0.025 0.028125
0 0.14140625 0.67109375 0.0234375 0.0265625
0 0.09453125 0.684375 0.0203125 0.025
0 0.05703125 0.69140625 0.0171875 0.0203125
0 0.596875 0.6109375 0.0375 0.046875
0 0.028125 0.6890625 0.01875 0.025
