0 0.23046875 0.23984375 0.0328125 0.0453125
0 0.27109375 0.2390625 0.0296875 0.04375
0 0.321875 0.24609375 0.025 0.0328125
0 0.43515625 0.24921875 0.0296875 0.0421875
0 0.46640625 0.25859375 0.0265625 0.0359375
0 0.55859375 0.24609375 0.0296875 0.0359375
0 0.64140625 0.26484375 0.0265625 0.0390625
0 0.67109375 0.25078125 0.0203125 0.0328125
0 0.69921875 0.23828125 0.0234375 0.0328125
0 0.78046875 0.28203125 0.0265625 0.0296875
0 0.8265625 0.259375 0.021875 0.028125
0 0.8765625 0.27421875 0.01875 0.0265625
0 0.9015625 0.26484375 0.021875 0.0296875
0 0.9359375 0.26015625 0.021875 0.0234375
0 0.95234375 0.26796875 0.0140625 0.0203125
0 0.97578125 0.26171875 0.0171875 0.0265625
0 1.00859375 0.25703125 0.0234375 0.0234375
0 1.046875 0.2546875 0.01875 0.021875
0 1.06875 0.23515625 0.021875 0.0296875
0 1.12265625 0.2390625 0.0203125 0.025
0 1.29609375 0.3015625 0.0203125 0.025
0 1.2328125 0.2484375 0.021875 0.028125
0 1.2890625 0.25703125 0.01875 0.0203125
0 1.31875 0.26171875 0.015625 0.0171875
0 1.3625 0.27421875 0.01875 0.0203125
0 1.42890625 0.28359375 0.0296875 0.0390625
0 1.4609375 0.2515625 0.015625 0.015625
0 1.48359375 0.28359375 0.0234375 0.0296875
0 1.51015625 0.26015625 0.0171875 0.0203125
0 1.559375 0.25625 0.01875 0.021875
0 0.11328125 0.23203125 0.0265625 0.0296875
