0 1.4265625 0.28515625 0.05625 0.0671875
0 1.396875 0.46875 0.059375 0.065625
0 1.246875 0.33828125 0.05625 0.0609375
0 1.2875 0.1421875 0.059375 0.0625
0 1.115625 0.234375 0.05625 0.071875
0 0.9859375 0.309375 0.05625 0.065625
0 1.07421875 0.4546875 0.0671875 0.08125
0 0.89140625 0.16484375 0.0546875 0.0703125
0 0.6921875 0.16953125 0.05625 0.0671875
0 0.79453125 0.35703125 0.0578125 0.0703125
0 0.6015625 0.32890625 0.05625 0.0734375
0 0.4578125 0.24375 0.05 0.065625
0 0.32734375 0.34609375 0.0609375 0.0671875
0 0.28125 0.1578125 0.059375 0.065625
0 0.16953125 0.3265625 0.0578125 0.06875
0 0.20859375 0.4890625 0.0515625 0.05625
0 0.51640625 0.44921875 0.0640625 0.0703125
