0 0.0921875 0.27578125 0.05625 0.0640625
0 0.140625 0.2546875 0.04375 0.059375
0 0.20703125 0.27265625 0.0640625 0.0734375
0 0.25390625 0.25546875 0.0390625 0.0546875
0 0.34375 0.28671875 0.0625 0.0671875
0 0.4265625 0.2359375 0.05 0.05625
0 0.5203125 0.284375 0.053125 0.06875
0 0.57421875 0.22890625 0.0484375 0.0578125
0 0.68125 0.365625 0.053125 0.053125
0 0.684375 0.24453125 0.046875 0.0578125
0 0.775 0.265625 0.046875 0.05625
0 0.840625 0.3140625 0.053125 0.071875
0 0.90625 0.240625 0.05 0.05625
0 1.01171875 0.33359375 0.0578125 0.0703125
0 1.09375 0.2640625 0.04375 0.05625
0 1.159375 0.3171875 0.053125 0.06875
0 1.25234375 0.28203125 0.0453125 0.0546875
0 1.334375 0.39140625 0.05625 0.0671875
0 1.39140625 0.2984375 0.0484375 0.0625
0 1.48515625 0.37109375 0.0578125 0.0734375
