0 0.11640625 0.4359375 0.0796875 0.071875
0 0.096875 0.32109375 0.053125 0.0609375
0 0.3390625 0.34765625 0.028125 0.0390625
0 0.44140625 0.4796875 0.0765625 0.1
0 0.38125 0.2296875 0.015625 0.01875
0 0.39921875 0.21171875 0.0109375 0.0140625
0 0.62109375 0.228125 0.0171875 0.01875
0 0.70703125 0.31171875 0.0234375 0.0296875
0 0.71796875 0.65546875 0.1234375 0.1390625
0 0.6890625 0.37578125 0.05 0.0640625
0 0.78828125 0.3140625 0.0359375 0.040625
0 0.7953125 0.38828125 0.059375 0.0765625
0 0.95859375 0.29609375 0.0390625 0.0453125
0 1.0796875 0.43125 0.0625 0.075
0 1.05390625 0.2984375 0.0265625 0.040625
0 0.80625 0.240625 0.015625 0.01875
0 0.953125 0.24140625 0.015625 0.0171875
0 1.22890625 0.39765625 0.0609375 0.0671875
0 0.8890625 0.22578125 0.009375 0.0140625
0 0.9703125 0.22734375 0.015625 0.0171875
0 0.88046875 0.2203125 0.0109375 0.015625
0 1.1078125 0.25390625 0.01875 0.0265625
0 1.02734375 0.25703125 0.0171875 0.0203125
0 1.0078125 0.2703125 0.015625 0.021875
0 1.1359375 0.2578125 0.015625 0.01875
0 1.1515625 0.23671875 0.0125 0.0171875
0 1.17890625 0.2328125 0.0109375 0.0125
0 1.2109375 0.3109375 0.04375 0.059375
0 1.34921875 0.3453125 0.0421875 0.05
0 1.265625 0.296875 0.021875 0.028125
0 1.45 0.3609375 0.06875 0.078125
0 1.46796875 0.28203125 0.0265625 0.0359375
0 1.51171875 0.27421875 0.0265625 0.0328125
0 1.39765625 0.57734375 0.1015625 0.1078125
0 1.53125 0.703125 0.1375 0.25625
0 0.93828125 0.196875 0.0171875 0.021875
0 0.83984375 0.20859375 0.0203125 0.0234375
0 1.509375 0.228125 0.015625 0.01875
0 1.3921875 0.23671875 0.0125 0.0140625
0 1.03828125 0.215625 0.0109375 0.009375
0 0.1421875 0.23671875 0.0125 0.0140625
0 0.11875 0.225 0.0125 0.015625
0 0.17265625 0.2265625 0.0109375 0.015625
