0 0.03515625 0.2609375 0.0203125 0.034375
0 0.053125 0.27890625 0.01875 0.0234375
0 0.11328125 0.246875 0.0234375 0.03125
0 0.1546875 0.2109375 0.015625 0.021875
0 0.1609375 0.24609375 0.0125 0.0140625
0 0.3859375 0.26328125 0.1125 0.1578125
0 0.496875 0.1953125 0.028125 0.034375
0 0.70859375 0.2625 0.1046875 0.128125
0 0.83671875 0.17734375 0.0421875 0.0546875
0 0.9984375 0.1859375 0.01875 0.025
0 1.209375 0.1578125 0.109375 0.153125
0 1.49765625 0.14921875 0.0734375 0.0765625
0 0.93984375 0.17734375 0.0359375 0.0578125
0 0.5515625 0.259375 0.025 0.059375
0 1.08046875 0.19765625 0.0109375 0.0140625
