0 0.54609375 0.65390625 0.0265625 0.0359375
0 0.46640625 0.684375 0.0328125 0.046875
0 0.384375 0.6671875 0.034375 0.040625
0 1.1109375 0.665625 0.0375 0.04375
0 0.95 0.68046875 0.0375 0.0484375
0 0.80703125 0.68984375 0.0359375 0.0484375
0 0.69921875 0.6203125 0.0296875 0.040625
0 1.03125 0.62890625 0.028125 0.0390625
0 1.07265625 0.628125 0.0296875 0.040625
0 0.828125 0.60078125 0.0375 0.0359375
0 0.94375 0.5890625 0.034375 0.040625
0 1.20078125 0.65859375 0.0328125 0.0390625
0 1.13828125 0.640625 0.0359375 0.040625
0 0.57578125 0.7109375 0.0296875 0.04375
0 1.35859375 0.64609375 0.0203125 0.0265625
0 1.4640625 0.65703125 0.0125 0.0140625
0 0.71953125 0.60234375 0.0265625 0.0390625
0 0.45 0.66171875 0.028125 0.0390625
0 1.54921875 0.63828125 0.0203125 0.0296875
