0 1.56953125 0.59375 0.0234375 0.028125
0 1.5546875 0.5890625 0.01875 0.03125
0 1.57734375 0.565625 0.0140625 0.015625
0 1.53984375 0.56640625 0.0140625 0.0109375
0 1.4984375 0.65859375 0.015625 0.0234375
0 1.4984375 0.62578125 0.01875 0.0203125
0 1.48203125 0.59375 0.0078125 0.015625
0 1.521875 0.59921875 0.015625 0.0140625
0 1.45859375 0.60703125 0.0140625 0.0171875
0 1.41640625 0.590625 0.0171875 0.021875
0 1.43828125 0.590625 0.0171875 0.01875
0 1.3796875 0.64140625 0.01875 0.0203125
0 1.38671875 0.71640625 0.0171875 0.0203125
0 1.35703125 0.6140625 0.0140625 0.015625
0 1.3796875 0.58984375 0.009375 0.0109375
0 1.32578125 0.58125 0.0171875 0.015625
0 1.31171875 0.6234375 0.0171875 0.015625
0 1.3671875 0.57578125 0.009375 0.0078125
0 1.48984375 0.59140625 0.0109375 0.0140625
0 1.55390625 0.55703125 0.0078125 0.0078125
0 1.38125 0.6140625 0.015625 0.015625
0 1.28984375 0.60625 0.0140625 0.0125
0 1.26953125 0.621875 0.0078125 0.009375
0 1.29765625 0.6234375 0.0078125 0.0125
0 1.28125 0.58984375 0.009375 0.0078125
0 1.2484375 0.61328125 0.0125 0.0140625
0 1.3453125 0.5609375 0.009375 0.009375
0 1.18046875 0.6390625 0.0109375 0.0125
0 1.1625 0.65 0.009375 0.0125
0 1.12890625 0.66640625 0.0109375 0.0109375
0 1.13671875 0.64453125 0.0078125 0.0109375
0 1.1375 0.60859375 0.0125 0.0140625
0 1.20546875 0.5890625 0.0078125 0.009375
0 1.1171875 0.628125 0.009375 0.015625
0 1.1546875 0.65625 0.009375 0.0125
0 1.2359375 0.5828125 0.0125 0.015625
0 1.09609375 0.61484375 0.0109375 0.0171875
0 1.09765625 0.59921875 0.0140625 0.0140625
0 1.07734375 0.6390625 0.0109375 0.015625
0 1.14296875 0.66484375 0.0078125 0.0078125
0 1.084375 0.62265625 0.009375 0.0109375
0 1.06171875 0.61484375 0.0140625 0.0171875
0 0.67578125 0.41484375 0.0390625 0.0390625
0 0.77421875 0.43046875 0.0390625 0.0359375
0 0.85390625 0.4375 0.0390625 0.0375
0 0.9390625 0.4640625 0.03125 0.03125
0 1.028125 0.4921875 0.025 0.03125
0 0.49921875 0.5765625 0.0171875 0.01875
0 0.4453125 0.5671875 0.0125 0.015625
0 0.38203125 0.57578125 0.0140625 0.0140625
0 0.4140625 0.60078125 0.0125 0.0109375
0 0.34921875 0.5765625 0.0109375 0.009375
0 0.33125 0.559375 0.01875 0.01875
0 0.27578125 0.55078125 0.0171875 0.0171875
0 0.29296875 0.56640625 0.0078125 0.0078125
0 0.2171875 0.5453125 0.01875 0.015625
0 0.11875 0.57734375 0.015625 0.0140625
0 0.0625 0.57734375 0.015625 0.0171875
0 0.178125 0.5828125 0.0125 0.015625
