0 0.15703125 0.4125 0.0296875 0.034375
0 0.23984375 0.4375 0.0640625 0.08125
0 0.30546875 0.42578125 0.0359375 0.0515625
0 0.3375 0.421875 0.025 0.040625
0 0.35 0.47265625 0.034375 0.0515625
0 0.42890625 0.38671875 0.0265625 0.0328125
0 0.36328125 0.42421875 0.0203125 0.0296875
0 0.46953125 0.44765625 0.0421875 0.0546875
0 0.5296875 0.43671875 0.053125 0.0515625
0 0.525 0.51484375 0.053125 0.0703125
0 0.653125 0.49375 0.05625 0.09375
0 0.74765625 0.44921875 0.0359375 0.0234375
0 0.80703125 0.43359375 0.0484375 0.0578125
0 0.86015625 0.46484375 0.0359375 0.0359375
0 0.9015625 0.45 0.065625 0.08125
0 0.95390625 0.4140625 0.0234375 0.034375
0 1.0171875 0.340625 0.028125 0.028125
0 1.03671875 0.440625 0.0328125 0.05
0 1.071875 0.3984375 0.0125 0.01875
0 1.12109375 0.49609375 0.0859375 0.1171875
0 1.1734375 0.42890625 0.01875 0.0234375
0 1.2109375 0.425 0.015625 0.01875
0 1.28203125 0.42578125 0.0390625 0.0484375
0 1.3140625 0.49609375 0.0375 0.0703125
0 1.353125 0.44453125 0.01875 0.0265625
0 1.38125 0.43515625 0.03125 0.0421875
0 1.38515625 0.50234375 0.0515625 0.0609375
0 1.46640625 0.4234375 0.0359375 0.034375
0 1.54296875 0.4578125 0.0359375 0.034375
0 1.5796875 0.45234375 0.025 0.0328125
0 1.59296875 0.46171875 0.0140625 0.0140625
0 1.59375 0.446875 0.009375 0.015625
0 1.5359375 0.7359375 0.128125 0.20625
0 0.7953125 1.01328125 0.06875 0.0734375
0 1.1609375 1.1375 0.146875 0.121875
0 0.209375 0.4359375 0.0375 0.053125
0 0.59296875 0.29453125 0.0359375 0.0515625
0 0.6375 0.28203125 0.0375 0.0484375
0 0.02109375 0.4234375 0.0328125 0.0375
