0 0.05546875 0.44453125 0.0640625 0.0796875
0 0.18984375 0.30546875 0.0515625 0.0609375
0 0.22109375 0.38984375 0.0578125 0.0734375
0 0.38671875 0.3953125 0.0546875 0.065625
0 0.49453125 0.30234375 0.0484375 0.0578125
0 0.51171875 0.37578125 0.0515625 0.0609375
0 0.61015625 0.365625 0.0515625 0.071875
0 0.72265625 0.34453125 0.0390625 0.0640625
0 0.7703125 0.36875 0.053125 0.08125
0 0.8359375 0.31875 0.0375 0.034375
0 0.996875 0.36796875 0.059375 0.0765625
0 1.31875 0.36015625 0.046875 0.0640625
0 1.2609375 0.41328125 0.071875 0.0921875
0 1.55234375 0.35 0.0796875 0.1
