0 0.10625 0.7703125 0.053125 0.08125
0 0.215625 0.4421875 0.028125 0.0375
0 0.25546875 0.415625 0.0296875 0.028125
0 0.35859375 0.46640625 0.0265625 0.0328125
0 0.35859375 0.4109375 0.0265625 0.028125
0 0.47421875 0.4125 0.0234375 0.034375
0 0.56953125 0.428125 0.0265625 0.025
0 0.56640625 0.4671875 0.0265625 0.03125
0 0.453125 0.46953125 0.025 0.0328125
0 0.66640625 0.44375 0.0265625 0.034375
0 0.74921875 0.43046875 0.0234375 0.0265625
0 0.80625 0.415625 0.01875 0.01875
0 0.8484375 0.42265625 0.025 0.0265625
0 0.7765625 0.4609375 0.028125 0.034375
0 0.93203125 0.42421875 0.0234375 0.0296875
0 1.009375 0.42578125 0.025 0.0234375
0 1.0 0.4703125 0.028125 0.03125
0 0.91171875 0.46484375 0.0265625 0.0296875
0 1.084375 0.46484375 0.025 0.0296875
0 1.09765625 0.41484375 0.0265625 0.0296875
0 1.17734375 0.41875 0.0265625 0.028125
0 1.26796875 0.46328125 0.0265625 0.0296875
0 1.17578125 0.48125 0.0265625 0.03125
0 0.33203125 0.44609375 0.0328125 0.0484375
