0 1.50234375 0.4234375 0.0171875 0.028125
0 1.3859375 0.4453125 0.025 0.034375
0 1.35390625 0.44140625 0.0296875 0.0359375
0 1.28515625 0.4125 0.0234375 0.034375
0 1.25 0.4359375 0.025 0.0375
0 1.01796875 0.44921875 0.0265625 0.0296875
0 0.9265625 0.41640625 0.03125 0.0390625
0 0.8734375 0.415625 0.028125 0.04375
0 0.7984375 0.41796875 0.025 0.0453125
0 0.828125 0.41171875 0.021875 0.0359375
0 0.6640625 0.4296875 0.028125 0.04375
0 0.61640625 0.4015625 0.0609375 0.075
0 0.54921875 0.41875 0.0421875 0.0625
0 0.3671875 0.465625 0.03125 0.046875
0 0.38515625 0.41015625 0.0296875 0.0421875
0 0.32109375 0.41640625 0.0234375 0.0265625
0 0.2640625 0.425 0.053125 0.06875
0 0.2171875 0.4453125 0.0375 0.05625
0 0.1984375 0.43515625 0.03125 0.0390625
0 0.13125 0.421875 0.025 0.034375
0 0.05859375 0.46796875 0.0234375 0.0390625
0 1.45703125 0.421875 0.0203125 0.034375
0 0.05625 0.40234375 0.021875 0.0328125
0 0.15625 0.4390625 0.01875 0.028125
0 1.228125 0.3671875 0.034375 0.071875
0 1.5203125 0.434375 0.015625 0.021875
