0 0.65078125 0.4453125 0.0453125 0.05625
0 0.50078125 0.453125 0.0421875 0.046875
0 0.4375 0.45859375 0.025 0.0265625
0 0.33984375 0.4765625 0.0546875 0.071875
0 0.27890625 0.478125 0.0421875 0.046875
0 0.2328125 0.4125 0.025 0.025
0 0.1453125 0.4453125 0.028125 0.0375
0 0.75 0.34453125 0.30625 0.3484375
0 1.44765625 0.44375 0.0265625 0.025
0 1.3921875 0.46015625 0.0375 0.0453125
0 1.22734375 0.47265625 0.0328125 0.0328125
0 1.15859375 0.46875 0.0390625 0.0375
0 1.04140625 0.4671875 0.0359375 0.0375
0 1.23203125 0.5953125 0.0484375 0.05625
0 1.15546875 0.58671875 0.0484375 0.0609375
0 1.25 0.4421875 0.015625 0.021875
0 0.01875 0.48046875 0.0375 0.0640625
0 0.12421875 0.46171875 0.0140625 0.0203125
