0 0.0359375 1.6453125 0.021875 0.034375
0 0.05546875 1.646875 0.0171875 0.028125
0 0.1125 1.6390625 0.025 0.03125
0 0.16953125 1.634375 0.0296875 0.034375
0 0.1375 1.6265625 0.015625 0.01875
0 0.23984375 1.64453125 0.0234375 0.0265625
0 0.26484375 1.61171875 0.0265625 0.0328125
0 0.3390625 1.63125 0.021875 0.03125
0 0.37578125 1.63125 0.0203125 0.028125
0 0.42265625 1.62109375 0.0203125 0.0296875
0 0.45625 1.615625 0.021875 0.028125
0 0.5078125 1.6453125 0.021875 0.025
0 0.51953125 1.6046875 0.0203125 0.025
0 0.53984375 1.62734375 0.0234375 0.0390625
0 0.5640625 1.62265625 0.01875 0.0234375
0 0.6328125 1.60859375 0.021875 0.0328125
0 0.6546875 1.62265625 0.025 0.0328125
0 0.7703125 1.6203125 0.025 0.034375
0 0.825 1.64921875 0.021875 0.0296875
0 0.84453125 1.61875 0.0203125 0.028125
0 0.803125 1.5953125 0.015625 0.021875
0 0.8921875 1.603125 0.025 0.034375
0 0.921875 1.59453125 0.01875 0.0234375
0 0.9671875 1.5796875 0.025 0.03125
0 1.00234375 1.62109375 0.0234375 0.0265625
0 1.06015625 1.6 0.0265625 0.0375
0 1.0890625 1.6 0.021875 0.028125
0 1.16796875 1.5875 0.0265625 0.03125
0 1.26953125 1.62265625 0.0265625 0.0296875
0 1.3359375 1.6046875 0.028125 0.040625
0 1.475 1.6359375 0.028125 0.03125
0 1.553125 1.61796875 0.01875 0.0296875
0 1.58671875 1.62578125 0.0203125 0.0265625
0 0.2984375 1.621875 0.021875 0.028125
