0 1.46171875 0.2515625 0.0453125 0.05625
0 1.06796875 0.27265625 0.0515625 0.0515625
0 0.18203125 0.365625 0.0421875 0.05
0 0.26875 0.290625 0.034375 0.040625
0 0.38984375 0.32265625 0.0421875 0.0515625
0 0.4265625 0.29765625 0.034375 0.0421875
0 0.10703125 0.3078125 0.0453125 0.04375
0 0.74296875 0.25703125 0.0484375 0.0578125
0 0.87265625 0.32734375 0.0296875 0.0328125
0 0.64296875 0.2671875 0.0359375 0.04375
0 0.9796875 0.209375 0.009375 0.015625
0 0.97578125 0.190625 0.0109375 0.015625
0 0.94375 0.22265625 0.0125 0.0140625
0 0.93828125 0.19375 0.0109375 0.015625
0 0.8609375 0.1796875 0.009375 0.0125
0 0.9734375 0.1609375 0.009375 0.0125
0 0.95859375 0.14296875 0.0109375 0.0109375
0 1.00703125 0.16328125 0.0109375 0.0109375
0 0.94453125 0.1171875 0.0109375 0.0125
0 0.93828125 0.06640625 0.0109375 0.0140625
0 0.97734375 0.0796875 0.0109375 0.0125
0 1.10234375 0.12109375 0.0109375 0.0171875
0 1.190625 0.14140625 0.0125 0.0140625
0 1.21171875 0.09296875 0.0109375 0.0171875
0 1.16640625 0.07109375 0.0109375 0.0109375
0 1.146875 0.115625 0.0125 0.0125
0 1.09453125 0.07578125 0.0109375 0.0109375
0 1.05078125 0.0765625 0.0171875 0.015625
0 1.01484375 0.1265625 0.0140625 0.015625
0 0.88828125 0.1265625 0.0109375 0.0125
0 0.825 0.12421875 0.015625 0.0140625
0 0.86953125 0.2140625 0.0140625 0.015625
0 0.559375 0.2359375 0.009375 0.0125
0 0.60390625 0.2375 0.0109375 0.0125
0 0.51640625 0.23828125 0.0109375 0.0109375
0 0.47734375 0.2515625 0.0109375 0.0125
0 0.5546875 0.20625 0.009375 0.0125
0 0.51015625 0.221875 0.0109375 0.015625
0 0.51171875 0.1984375 0.0109375 0.0125
0 0.4953125 0.19140625 0.009375 0.0140625
0 0.115625 0.06875 0.009375 0.0125
0 0.14765625 0.08515625 0.0109375 0.0140625
0 0.1921875 0.0953125 0.009375 0.0125
0 0.11484375 0.11484375 0.0109375 0.0109375
0 0.0140625 0.04765625 0.0125 0.0109375
0 0.26875 0.046875 0.0125 0.015625
0 1.27421875 0.009375 0.0109375 0.0125
0 1.2484375 0.01796875 0.009375 0.0078125
0 1.3984375 0.01875 0.009375 0.0125
0 0.0046875 0.275 0.009375 0.015625
0 0.559375 0.1484375 0.0125 0.0125
0 0.465625 0.1046875 0.0125 0.015625
0 1.1296875 0.23046875 0.0125 0.0171875
0 1.10703125 0.23203125 0.0140625 0.0203125
0 0.42578125 0.19453125 0.0109375 0.0171875
0 0.40703125 0.19140625 0.0109375 0.0171875
0 0.37578125 0.1921875 0.0109375 0.0125
0 0.37734375 0.175 0.0109375 0.0125
0 0.33515625 0.2484375 0.0109375 0.0125
0 0.31796875 0.228125 0.0109375 0.0125
0 0.54921875 0.1703125 0.0109375 0.0125
0 0.5671875 0.16953125 0.0125 0.0140625
0 0.596875 0.1859375 0.015625 0.015625
0 0.64765625 0.14921875 0.0109375 0.0140625
0 0.54140625 0.1328125 0.0109375 0.0125
0 0.55 0.1140625 0.0125 0.015625
0 0.57265625 0.1125 0.0109375 0.0125
0 0.48984375 0.134375 0.0109375 0.0125
0 0.51171875 0.1328125 0.0078125 0.009375
0 0.45546875 0.15546875 0.0109375 0.0140625
0 0.4328125 0.12734375 0.0125 0.0140625
0 0.4296875 0.09453125 0.0125 0.0171875
0 0.41015625 0.10078125 0.0140625 0.0203125
0 0.34296875 0.21015625 0.0109375 0.0109375
0 0.340625 0.1953125 0.0125 0.015625
0 0.2234375 0.20625 0.009375 0.015625
0 0.39609375 0.23984375 0.0203125 0.0265625
0 0.26484375 0.21171875 0.0265625 0.0296875
0 0.434375 0.22734375 0.015625 0.0203125
0 0.2359375 0.1765625 0.015625 0.015625
0 0.29609375 0.1734375 0.0109375 0.015625
0 0.10703125 0.16953125 0.0109375 0.0109375
0 0.1125 0.14609375 0.009375 0.0140625
0 0.278125 0.13359375 0.009375 0.0109375
0 0.21015625 0.1375 0.0109375 0.009375
0 0.284375 0.07265625 0.009375 0.0109375
