0 0.209375 0.6796875 0.053125 0.109375
0 0.5609375 0.7078125 0.0375 0.05625
0 0.5359375 0.61171875 0.05 0.0515625
0 0.44453125 0.6828125 0.0265625 0.05625
0 0.3171875 0.7375 0.0375 0.075
0 0.1171875 0.50390625 0.025 0.0234375
0 0.03984375 0.46953125 0.0109375 0.0109375
0 0.33359375 0.546875 0.0171875 0.021875
0 0.3859375 0.55546875 0.03125 0.0359375
0 0.5890625 0.384375 0.034375 0.05
0 0.6734375 0.53125 0.0375 0.0375
0 0.615625 0.56640625 0.028125 0.0390625
0 0.9671875 0.68359375 0.059375 0.0703125
0 1.08046875 0.49453125 0.0203125 0.0234375
0 1.4203125 0.54296875 0.040625 0.0609375
0 1.38828125 0.5390625 0.0171875 0.021875
0 1.46953125 0.4703125 0.0140625 0.015625
0 1.5359375 0.503125 0.021875 0.034375
0 1.57109375 0.5015625 0.0234375 0.028125
0 1.51015625 0.4546875 0.0140625 0.0125
0 1.53984375 0.459375 0.0109375 0.015625
0 1.49140625 0.59140625 0.0484375 0.0703125
0 1.18984375 0.6359375 0.0796875 0.103125
