0 0.353125 0.4953125 0.025 0.03125
0 0.446875 0.49921875 0.025 0.0296875
0 0.55234375 0.509375 0.0265625 0.03125
0 0.61328125 0.50703125 0.0140625 0.0171875
0 0.65390625 0.50390625 0.0265625 0.0296875
0 0.6921875 0.51875 0.009375 0.0125
0 0.71328125 0.51484375 0.0171875 0.0203125
0 0.76328125 0.484375 0.0328125 0.03125
0 0.8703125 0.48046875 0.03125 0.0359375
0 0.8234375 0.503125 0.01875 0.021875
0 0.96015625 0.4984375 0.0296875 0.034375
0 1.06640625 0.49765625 0.0296875 0.0328125
0 1.171875 0.47109375 0.03125 0.0390625
0 1.25234375 0.4953125 0.0171875 0.021875
0 1.29296875 0.48125 0.0296875 0.0375
0 1.4 0.50078125 0.01875 0.0265625
0 1.49453125 0.4875 0.0171875 0.021875
0 1.5578125 0.49375 0.01875 0.028125
0 1.4703125 0.496875 0.0125 0.01875
0 1.3390625 0.48828125 0.0125 0.0203125
0 1.03984375 0.4921875 0.0171875 0.021875
