0 0.5328125 0.15 0.025 0.028125
0 0.7203125 0.09296875 0.015625 0.0203125
0 0.6640625 0.0234375 0.0125 0.021875
0 0.7765625 0.09609375 0.015625 0.0171875
0 0.79296875 0.03671875 0.0171875 0.0171875
0 0.91171875 0.1 0.0140625 0.025
0 0.865625 0.09765625 0.015625 0.0171875
0 0.97109375 0.02890625 0.0140625 0.0203125
0 0.64296875 0.1640625 0.0171875 0.021875
0 0.771875 0.1640625 0.015625 0.01875
0 0.0984375 0.48203125 0.04375 0.0453125
0 0.62265625 0.59453125 0.0515625 0.0640625
0 0.51484375 0.2375 0.0203125 0.025
0 0.76328125 0.2625 0.0234375 0.025
0 1.17421875 0.3265625 0.0265625 0.034375
0 1.2484375 0.5296875 0.04375 0.053125
0 0.19609375 0.13828125 0.0171875 0.0234375
0 0.26171875 0.13203125 0.0171875 0.0234375
0 0.3234375 0.1359375 0.015625 0.021875
0 0.228125 0.05859375 0.015625 0.0234375
0 0.303125 0.0765625 0.015625 0.025
0 0.3671875 0.06875 0.01875 0.021875
0 0.390625 0.084375 0.015625 0.021875
0 0.39375 0.14453125 0.01875 0.0234375
0 0.47734375 0.0875 0.0140625 0.021875
0 0.4296875 0.01484375 0.015625 0.0203125
0 0.37265625 0.01171875 0.0140625 0.0203125
0 0.53203125 0.08125 0.0140625 0.025
0 0.6109375 0.09921875 0.021875 0.0234375
0 0.66796875 0.109375 0.0171875 0.01875
