0 0.14921875 0.3390625 0.0234375 0.028125
0 1.5265625 0.4140625 0.046875 0.05625
0 1.36015625 0.4953125 0.0484375 0.05625
0 1.31796875 0.38515625 0.0453125 0.0578125
0 1.5921875 0.40078125 0.015625 0.0515625
0 1.128125 0.4625 0.05625 0.065625
0 1.2375 0.384375 0.034375 0.04375
0 1.19296875 0.3703125 0.0328125 0.046875
0 1.11484375 0.36796875 0.0484375 0.0515625
0 1.08984375 0.3734375 0.0359375 0.046875
0 1.04453125 0.3546875 0.0359375 0.04375
0 0.95234375 0.3421875 0.0453125 0.05
0 0.99296875 0.3578125 0.0359375 0.040625
0 0.921875 0.35390625 0.040625 0.0421875
0 0.8953125 0.346875 0.03125 0.040625
0 0.85390625 0.32890625 0.0328125 0.0390625
0 0.93515625 0.440625 0.0453125 0.05625
0 0.75859375 0.40625 0.0484375 0.053125
0 0.778125 0.34609375 0.034375 0.0453125
0 0.7421875 0.34375 0.03125 0.0375
0 0.70078125 0.346875 0.0296875 0.0375
0 0.62734375 0.32734375 0.0390625 0.0453125
0 0.57421875 0.39296875 0.0390625 0.0515625
0 0.4640625 0.325 0.040625 0.046875
0 0.38984375 0.3734375 0.0421875 0.05
0 0.22734375 0.3546875 0.0421875 0.05
0 0.31875 0.31015625 0.0375 0.0453125
0 0.06953125 0.36015625 0.0421875 0.0515625
0 0.12734375 0.296875 0.0234375 0.028125
0 0.1703125 0.28984375 0.021875 0.0265625
0 0.140625 0.2671875 0.021875 0.025
0 0.08828125 0.25859375 0.0203125 0.0234375
0 0.0421875 0.265625 0.025 0.028125
0 0.42578125 0.29609375 0.0171875 0.0234375
0 0.39375 0.29140625 0.015625 0.0203125
0 0.7484375 0.278125 0.015625 0.021875
0 0.928125 0.27578125 0.015625 0.0203125
0 0.83984375 0.2890625 0.0140625 0.01875
0 0.89375 0.2953125 0.015625 0.01875
0 0.89765625 0.26640625 0.0171875 0.0203125
0 0.7375 0.25546875 0.015625 0.0203125
0 1.01328125 0.27890625 0.0140625 0.0203125
0 1.0390625 0.28125 0.0125 0.01875
0 1.159375 0.28125 0.015625 0.015625
0 1.171875 0.29921875 0.0125 0.0171875
0 1.08125 0.28125 0.015625 0.01875
0 1.0703125 0.21875 0.0125 0.015625
0 1.3 0.25859375 0.015625 0.0171875
0 1.43125 0.39296875 0.034375 0.0359375
0 1.490625 0.384375 0.03125 0.040625
0 1.46484375 0.359375 0.0296875 0.0375
0 0.465625 0.2625 0.01875 0.021875
0 0.246875 0.27578125 0.01875 0.0234375
0 0.809375 0.265625 0.01875 0.021875
0 0.71171875 0.27890625 0.0171875 0.0203125
0 0.91484375 0.2546875 0.0171875 0.01875
