0 0.76953125 0.58046875 0.0171875 0.0203125
0 0.87265625 0.584375 0.0171875 0.021875
0 0.83046875 0.58359375 0.0171875 0.0203125
0 0.8890625 0.709375 0.034375 0.04375
0 0.95859375 0.66640625 0.0234375 0.0296875
0 1.07578125 0.63046875 0.0203125 0.0296875
0 0.965625 0.58515625 0.01875 0.0265625
0 1.03515625 0.59609375 0.0171875 0.0234375
0 1.05703125 0.59921875 0.0171875 0.0234375
0 1.14375 0.58671875 0.021875 0.0296875
0 1.12734375 0.5828125 0.0171875 0.021875
0 1.23671875 0.559375 0.0171875 0.025
0 1.271875 0.571875 0.01875 0.021875
0 1.44140625 0.57109375 0.0109375 0.0203125
0 0.80078125 0.575 0.0171875 0.021875
0 0.9875 0.55703125 0.01875 0.0203125
0 0.88125 0.5546875 0.01875 0.01875
0 0.3265625 0.6828125 0.03125 0.034375
0 0.3765625 0.63984375 0.025 0.0328125
0 0.48828125 0.621875 0.0203125 0.021875
0 0.58203125 0.5640625 0.0203125 0.025
0 0.665625 0.69609375 0.021875 0.0265625
0 0.63984375 0.55546875 0.0171875 0.0171875
0 0.70390625 0.5578125 0.0140625 0.01875
0 0.6609375 0.58515625 0.01875 0.0234375
0 0.784375 0.62265625 0.01875 0.0296875
