0 0.040625 0.62578125 0.046875 0.0578125
0 0.24921875 0.66953125 0.0296875 0.0328125
0 0.28984375 0.6734375 0.0265625 0.03125
0 0.34609375 0.68203125 0.0296875 0.0328125
0 0.4453125 0.65546875 0.034375 0.0328125
0 0.57421875 0.6953125 0.0203125 0.028125
0 0.6046875 0.69296875 0.025 0.0265625
0 0.63828125 0.6609375 0.0203125 0.028125
0 0.7109375 0.64453125 0.021875 0.0234375
0 0.80078125 0.70546875 0.0234375 0.0265625
0 0.72109375 0.70234375 0.0171875 0.0234375
0 0.77734375 0.6984375 0.0171875 0.01875
0 0.825 0.69609375 0.015625 0.0203125
0 0.97109375 0.690625 0.0109375 0.015625
0 0.9828125 0.7078125 0.01875 0.025
0 1.0171875 0.69453125 0.021875 0.0296875
0 1.06015625 0.70625 0.0265625 0.034375
0 1.1 0.7125 0.015625 0.021875
0 1.1703125 0.70859375 0.03125 0.0421875
