0 1.48984375 0.58359375 0.0390625 0.0421875
0 1.46328125 0.53203125 0.0328125 0.0328125
0 1.23203125 0.5328125 0.0609375 0.071875
0 1.2953125 0.54453125 0.0375 0.0453125
0 1.028125 0.534375 0.028125 0.04375
0 0.715625 0.5140625 0.075 0.0875
0 0.89453125 0.5234375 0.0296875 0.040625
0 0.559375 0.58046875 0.028125 0.0328125
0 0.4609375 0.55234375 0.034375 0.0421875
0 0.50390625 0.5359375 0.0140625 0.01875
0 0.375 0.54296875 0.053125 0.0484375
0 0.525 0.5796875 0.021875 0.028125
0 0.253125 0.52734375 0.128125 0.1453125
0 0.0203125 0.5125 0.040625 0.084375
0 0.525 0.5375 0.015625 0.01875
0 1.39453125 0.54375 0.0078125 0.0125
0 1.35234375 0.5453125 0.0078125 0.0125
