0 0.11484375 0.37734375 0.0359375 0.0421875
0 0.21640625 0.38671875 0.0234375 0.0296875
0 0.15234375 0.378125 0.0265625 0.034375
0 0.33984375 0.39296875 0.0203125 0.0265625
0 0.40546875 0.36328125 0.0265625 0.0328125
0 0.48828125 0.4046875 0.0171875 0.028125
0 0.51484375 0.39921875 0.0171875 0.0234375
0 0.575 0.396875 0.025 0.03125
0 0.94296875 0.40703125 0.0515625 0.0640625
0 0.87109375 0.403125 0.0328125 0.0375
0 0.78125 0.4140625 0.021875 0.025
0 0.7359375 0.41640625 0.025 0.0296875
0 0.68203125 0.40234375 0.0171875 0.0203125
0 1.28203125 0.41484375 0.0140625 0.0203125
0 1.2359375 0.43359375 0.0125 0.0171875
0 1.19296875 0.4578125 0.0109375 0.015625
0 1.15703125 0.4234375 0.0171875 0.021875
0 1.12265625 0.4 0.0109375 0.015625
0 1.046875 0.4171875 0.021875 0.03125
0 1.0296875 0.4296875 0.01875 0.025
0 1.49765625 0.38515625 0.0578125 0.0609375
0 1.53828125 0.15078125 0.0171875 0.0203125
0 1.4203125 0.15546875 0.015625 0.0203125
0 1.34140625 0.22421875 0.0140625 0.0140625
0 1.30625 0.215625 0.015625 0.015625
0 1.25703125 0.2515625 0.0140625 0.015625
0 1.21328125 0.246875 0.0140625 0.0125
0 1.17421875 0.24375 0.0203125 0.015625
0 1.14609375 0.27109375 0.0140625 0.0140625
0 1.5921875 0.10078125 0.015625 0.0296875
0 0.00703125 0.38515625 0.0140625 0.0171875
0 0.0203125 0.35390625 0.015625 0.0234375
0 1.0953125 0.28984375 0.009375 0.0140625
0 1.0859375 0.4078125 0.0125 0.015625
