0 0.82109375 0.44765625 0.0265625 0.0390625
0 0.921875 0.47890625 0.015625 0.0234375
0 1.04765625 0.45078125 0.0390625 0.0484375
0 1.21015625 0.39765625 0.0453125 0.0546875
0 1.11640625 0.47421875 0.0171875 0.0265625
0 0.98515625 0.46328125 0.0171875 0.0171875
0 1.375 0.42109375 0.015625 0.0171875
0 1.3421875 0.42265625 0.015625 0.0171875
0 1.41640625 0.425 0.0171875 0.021875
0 0.75625 0.4640625 0.0125 0.021875
0 0.70703125 0.46640625 0.0171875 0.0234375
0 0.65078125 0.47734375 0.0203125 0.0265625
0 0.5859375 0.4875 0.015625 0.025
0 0.49921875 0.4796875 0.0234375 0.028125
0 0.53515625 0.45 0.0140625 0.021875
0 0.08515625 0.47890625 0.0171875 0.0234375
0 0.175 0.47578125 0.025 0.0328125
0 0.27890625 0.4890625 0.0203125 0.025
0 0.3296875 0.55859375 0.01875 0.0203125
0 0.02890625 0.49765625 0.0265625 0.0390625
0 1.5015625 0.43125 0.015625 0.01875
0 1.5234375 0.425 0.015625 0.01875
0 0.71953125 0.43203125 0.0140625 0.0171875
0 0.896875 0.45703125 0.0125 0.0171875
0 0.94296875 0.4578125 0.0140625 0.01875
0 1.4703125 0.44765625 0.015625 0.0203125
