0 0.15234375 0.953125 0.3015625 0.215625
0 0.33515625 0.6515625 0.0890625 0.11875
0 0.41484375 0.69765625 0.1078125 0.1515625
0 0.29375 0.5015625 0.08125 0.1125
0 0.359375 0.45546875 0.04375 0.0609375
0 0.22890625 0.4328125 0.0359375 0.04375
0 0.21484375 0.4953125 0.0546875 0.08125
0 0.13125 0.51328125 0.05 0.0671875
0 0.0484375 0.4828125 0.046875 0.053125
0 0.6546875 0.5296875 0.06875 0.078125
0 0.8640625 0.63828125 0.078125 0.0859375
0 0.75 0.44921875 0.053125 0.0828125
0 0.87265625 0.4796875 0.0484375 0.065625
0 0.84375 0.47109375 0.046875 0.0546875
0 1.01484375 0.425 0.0453125 0.0625
0 1.08515625 0.5390625 0.0984375 0.140625
0 1.209375 0.45546875 0.05 0.0671875
0 1.3859375 0.3890625 0.04375 0.046875
0 1.453125 0.36015625 0.0375 0.0453125
0 1.49765625 0.3390625 0.0359375 0.046875
0 0.9890625 0.3578125 0.01875 0.028125
0 1.06953125 0.34765625 0.0203125 0.0296875
0 1.140625 0.35703125 0.021875 0.0296875
0 1.1640625 0.334375 0.015625 0.021875
0 1.19296875 0.32734375 0.0140625 0.0171875
0 1.22578125 0.325 0.0171875 0.025
0 1.19453125 0.37265625 0.0140625 0.0203125
0 1.28359375 0.334375 0.0140625 0.0125
0 1.2671875 0.32109375 0.0125 0.0140625
0 1.33828125 0.3296875 0.0109375 0.0125
0 1.39921875 0.321875 0.0171875 0.025
0 1.5296875 0.3125 0.01875 0.025
0 1.5703125 0.31484375 0.0125 0.0171875
