0 0.375 0.51953125 0.015625 0.0203125
0 0.33515625 0.5390625 0.0109375 0.015625
0 0.321875 0.528125 0.009375 0.0125
0 0.290625 0.53125 0.009375 0.0125
0 0.27578125 0.528125 0.0109375 0.0125
0 0.253125 0.534375 0.009375 0.0125
0 0.23671875 0.52890625 0.0078125 0.0109375
0 0.21796875 0.53203125 0.0078125 0.0109375
0 0.203125 0.528125 0.009375 0.0125
0 0.1875 0.534375 0.009375 0.009375
0 0.165625 0.5390625 0.009375 0.0125
0 0.14765625 0.525 0.0078125 0.009375
0 0.91875 0.525 0.021875 0.03125
0 0.94140625 0.52109375 0.0203125 0.0234375
0 0.96796875 0.5328125 0.0140625 0.021875
0 0.98203125 0.52109375 0.0171875 0.0234375
0 1.0015625 0.5265625 0.021875 0.028125
0 1.040625 0.528125 0.025 0.034375
0 1.071875 0.52734375 0.015625 0.0265625
0 1.109375 0.49765625 0.028125 0.0359375
0 1.153125 0.5453125 0.025 0.0375
0 1.20078125 0.51171875 0.0265625 0.0390625
0 1.3015625 0.48359375 0.028125 0.0453125
0 1.3796875 0.4921875 0.025 0.046875
0 1.4859375 0.54921875 0.015625 0.0203125
0 1.51796875 0.5515625 0.0171875 0.021875
0 1.5765625 0.53515625 0.046875 0.1015625
0 0.0265625 0.53359375 0.00625 0.0109375
0 0.096875 0.546875 0.00625 0.009375
0 0.13203125 0.53984375 0.0078125 0.0078125
0 0.41171875 0.53125 0.0078125 0.0125
0 0.453125 0.52109375 0.01875 0.0203125
0 0.44140625 0.52734375 0.0140625 0.0171875
0 0.46796875 0.528125 0.0109375 0.015625
0 0.49296875 0.5265625 0.0171875 0.021875
0 0.546875 0.53515625 0.015625 0.0203125
0 0.5828125 0.52109375 0.01875 0.0234375
0 0.6015625 0.509375 0.015625 0.01875
0 0.63984375 0.51015625 0.0171875 0.0234375
0 0.66015625 0.5078125 0.0203125 0.025
0 0.68671875 0.52109375 0.0171875 0.0234375
0 0.71484375 0.51875 0.0203125 0.028125
0 0.7640625 0.50625 0.025 0.03125
0 0.78515625 0.51015625 0.0171875 0.0265625
0 0.8359375 0.5140625 0.0125 0.021875
0 0.846875 0.5375 0.01875 0.025
0 0.86015625 0.51796875 0.0140625 0.0234375
0 0.89140625 0.5203125 0.0140625 0.025
0 1.31640625 0.540625 0.0171875 0.021875
0 0.36171875 0.5234375 0.0109375 0.0125
0 0.3984375 0.53671875 0.009375 0.0140625
0 1.2203125 0.56796875 0.015625 0.0234375
