0 0.4859375 0.72578125 0.021875 0.0265625
0 0.42265625 0.7140625 0.0203125 0.028125
0 0.6375 0.7078125 0.021875 0.028125
0 0.59140625 0.68515625 0.0140625 0.0203125
0 0.48515625 0.6890625 0.0203125 0.025
0 0.17109375 0.7078125 0.0203125 0.021875
0 0.121875 0.70390625 0.021875 0.0265625
0 0.3046875 0.68046875 0.01875 0.0234375
0 0.275 0.6953125 0.03125 0.034375
0 0.02734375 0.74375 0.0203125 0.03125
0 0.009375 0.69375 0.01875 0.034375
0 0.87890625 0.71171875 0.0171875 0.0203125
0 0.95546875 0.684375 0.0171875 0.021875
0 0.92421875 0.67265625 0.0140625 0.0203125
0 0.8515625 0.678125 0.01875 0.021875
0 0.76796875 0.70703125 0.0140625 0.0171875
0 0.75703125 0.68671875 0.0140625 0.0171875
0 0.7640625 0.66953125 0.015625 0.0203125
0 0.6984375 0.69453125 0.01875 0.0203125
0 0.99609375 0.675 0.0140625 0.01875
0 1.0453125 0.6921875 0.0125 0.015625
0 1.1203125 0.68515625 0.015625 0.0203125
0 1.17734375 0.69375 0.0140625 0.01875
0 1.06875 0.68125 0.009375 0.0125
0 1.27890625 0.6796875 0.0109375 0.0125
0 1.0953125 0.67734375 0.0125 0.0171875
0 0.7875 0.675 0.0125 0.015625
0 0.25390625 0.671875 0.0171875 0.01875
0 0.35546875 0.6875 0.0140625 0.01875
0 1.25703125 0.7140625 0.0109375 0.0125
0 1.2390625 0.68671875 0.009375 0.0140625
0 1.31171875 0.69296875 0.0109375 0.0109375
0 0.81484375 0.68828125 0.0171875 0.0171875
0 0.7171875 0.675 0.015625 0.01875
