0 1.35859375 0.659375 0.0140625 0.021875
0 1.190625 0.67734375 0.015625 0.0203125
0 1.1578125 0.65859375 0.0125 0.0171875
0 1.0703125 0.68125 0.025 0.028125
0 1.09921875 0.66640625 0.0140625 0.0203125
0 1.11484375 0.6703125 0.0140625 0.021875
0 0.96953125 0.67578125 0.0203125 0.0296875
0 1.01171875 0.62265625 0.0234375 0.0296875
0 0.9890625 0.67265625 0.015625 0.0203125
0 0.81484375 0.68046875 0.0109375 0.0140625
0 0.76484375 0.6640625 0.0109375 0.015625
0 0.75390625 0.66484375 0.0109375 0.0171875
0 0.69765625 0.6609375 0.0140625 0.009375
0 0.6609375 0.67265625 0.015625 0.0171875
0 0.5 0.62421875 0.06875 0.1078125
0 0.58515625 0.6609375 0.0109375 0.015625
0 0.440625 0.66796875 0.009375 0.0140625
0 0.5515625 0.67265625 0.0125 0.0140625
0 0.79296875 0.68125 0.0140625 0.015625
