0 0.91640625 1.98359375 0.0390625 0.0578125
0 0.54375 1.84140625 0.03125 0.0453125
0 0.75 1.7390625 0.03125 0.046875
0 0.80859375 1.659375 0.0234375 0.034375
0 1.171875 2.04375 0.034375 0.05
0 0.4640625 1.5171875 0.028125 0.034375
0 1.3234375 1.25703125 0.021875 0.0328125
0 1.3390625 1.2890625 0.025 0.034375
0 1.25703125 1.1609375 0.0234375 0.028125
0 1.10078125 1.25703125 0.0171875 0.0296875
0 0.13828125 1.215625 0.0203125 0.028125
0 0.225 1.1828125 0.01875 0.025
0 0.68125 1.0640625 0.015625 0.01875
0 0.58125 1.1578125 0.015625 0.025
0 0.596875 1.1046875 0.015625 0.021875
0 0.19609375 1.8734375 0.0234375 0.040625
0 0.4203125 2.02109375 0.028125 0.0453125
0 1.13359375 1.2484375 0.0140625 0.028125
0 1.21484375 1.40078125 0.0203125 0.0296875
0 0.86796875 1.7328125 0.0203125 0.03125
0 0.5359375 1.928125 0.040625 0.053125
0 0.38203125 1.6046875 0.0203125 0.034375
0 1.03125 1.3671875 0.028125 0.034375
