0 0.3140625 0.5734375 0.084375 0.11875
0 0.38046875 0.51328125 0.0359375 0.0453125
0 0.6625 0.59453125 0.071875 0.1046875
0 0.4328125 0.5265625 0.03125 0.046875
0 0.06875 0.50703125 0.028125 0.0328125
0 0.79453125 0.51171875 0.0265625 0.0390625
0 0.825 0.5421875 0.03125 0.046875
0 0.471875 0.5328125 0.0125 0.01875
0 0.971875 0.54375 0.103125 0.134375
0 1.20703125 0.53984375 0.0921875 0.1265625
0 1.33984375 0.55625 0.0515625 0.084375
0 1.44921875 0.52421875 0.0453125 0.0578125
0 1.5453125 0.62578125 0.071875 0.1078125
0 0.88359375 0.54375 0.0140625 0.025
0 1.3765625 0.56171875 0.05 0.0796875
