0 1.5046875 0.41328125 0.034375 0.0453125
0 1.58125 0.46171875 0.01875 0.0265625
0 1.3890625 0.4671875 0.021875 0.025
0 1.1109375 0.3609375 0.0375 0.053125
0 1.16328125 0.390625 0.0296875 0.040625
0 1.2984375 0.5046875 0.009375 0.0125
0 0.98359375 0.48203125 0.0171875 0.0203125
0 0.8609375 0.4640625 0.021875 0.03125
0 0.73359375 0.42421875 0.0296875 0.0421875
0 0.5265625 0.371875 0.04375 0.053125
0 0.603125 0.4453125 0.021875 0.025
0 0.7703125 0.4734375 0.015625 0.021875
0 0.38359375 0.43125 0.0296875 0.03125
0 0.19921875 0.4203125 0.0296875 0.028125
0 0.08828125 0.39609375 0.0328125 0.0328125
0 0.9234375 0.4984375 0.015625 0.01875
0 1.040625 0.48515625 0.01875 0.0203125
0 0.2796875 0.42421875 0.021875 0.0296875
