0 0.09140625 0.440625 0.0703125 0.08125
0 0.2015625 0.44765625 0.078125 0.0828125
0 0.28046875 0.43046875 0.0734375 0.0796875
0 0.42265625 0.47734375 0.0796875 0.0828125
0 0.62109375 0.46171875 0.0671875 0.0734375
0 0.77890625 0.5484375 0.0890625 0.1
0 0.8984375 0.4859375 0.071875 0.084375
0 0.84765625 0.384375 0.0578125 0.059375
0 1.021875 0.49453125 0.075 0.0828125
0 1.16015625 0.4765625 0.0796875 0.1
0 1.07734375 0.43515625 0.0640625 0.0515625
0 1.26171875 0.434375 0.0578125 0.065625
0 1.296875 0.446875 0.059375 0.0625
0 1.3328125 0.38203125 0.05625 0.0671875
0 1.425 0.41171875 0.0625 0.0734375
0 1.57265625 0.44765625 0.0546875 0.0859375
