0 0.0734375 0.5890625 0.103125 0.153125
0 0.128125 0.665625 0.025 0.03125
0 0.2 0.65703125 0.015625 0.0203125
0 0.31953125 0.653125 0.0109375 0.0125
0 0.34375 0.70546875 0.021875 0.0265625
0 0.39921875 0.70234375 0.0203125 0.0265625
0 0.53515625 0.65625 0.0265625 0.040625
0 0.56953125 0.65234375 0.0234375 0.0359375
0 0.553125 0.76640625 0.021875 0.0328125
0 0.6078125 0.759375 0.01875 0.021875
0 0.62734375 0.7546875 0.0171875 0.021875
0 0.665625 0.790625 0.015625 0.01875
0 0.7125 0.7484375 0.028125 0.040625
0 0.8203125 0.76640625 0.03125 0.0390625
0 0.9515625 0.76171875 0.028125 0.0359375
0 0.9875 0.784375 0.028125 0.03125
0 1.01875 0.8609375 0.04375 0.05625
0 1.128125 0.76015625 0.028125 0.0359375
0 1.2640625 0.796875 0.05625 0.121875
0 1.55390625 0.76015625 0.0296875 0.0484375
0 0.0515625 0.66640625 0.01875 0.0265625
0 1.2203125 0.76875 0.015625 0.03125
0 0.16328125 0.67109375 0.0140625 0.0234375
