0 0.6546875 0.05234375 0.021875 0.0234375
0 0.61484375 0.1515625 0.0234375 0.025
0 0.775 0.20625 0.025 0.028125
0 0.8015625 0.121875 0.025 0.03125
0 0.8375 0.04296875 0.025 0.0265625
0 0.5890625 0.24140625 0.028125 0.0265625
0 0.5515625 0.34609375 0.025 0.0234375
0 0.7015625 0.409375 0.028125 0.028125
0 0.73984375 0.3109375 0.0265625 0.028125
0 0.99921875 0.02421875 0.0265625 0.0265625
0 1.1671875 0.0875 0.025 0.025
0 0.996875 0.096875 0.028125 0.03125
0 1.15390625 0.16875 0.0265625 0.028125
0 0.96796875 0.1859375 0.0265625 0.025
0 1.34765625 0.0734375 0.0234375 0.025
0 1.33125 0.15078125 0.021875 0.0265625
0 1.3078125 0.23359375 0.025 0.0234375
0 1.12109375 0.25546875 0.0234375 0.0265625
0 1.28828125 0.31953125 0.0296875 0.0296875
0 1.11875 0.3515625 0.025 0.028125
0 1.2640625 0.415625 0.025 0.025
0 1.07109375 0.45546875 0.0234375 0.0234375
0 0.94296875 0.271875 0.0296875 0.03125
0 0.90390625 0.38984375 0.0265625 0.0265625
0 0.8859375 0.49609375 0.028125 0.0296875
0 1.228125 0.52890625 0.028125 0.0296875
0 1.03515625 0.56171875 0.0296875 0.0265625
0 1.20234375 0.62265625 0.0265625 0.0296875
0 0.8125 0.7703125 0.028125 0.028125
