0 0.33125 0.496875 0.153125 0.203125
0 0.103125 0.30390625 0.021875 0.0265625
0 0.065625 0.28984375 0.01875 0.0234375
0 0.04296875 0.271875 0.0140625 0.021875
0 0.05703125 0.3484375 0.0171875 0.01875
0 0.196875 0.2953125 0.0125 0.01875
0 0.08671875 0.359375 0.0171875 0.025
0 0.98984375 0.35 0.0265625 0.028125
0 1.05859375 0.2703125 0.0265625 0.034375
0 0.9390625 0.24921875 0.028125 0.0359375
0 0.91171875 0.25859375 0.0265625 0.0453125
0 1.00234375 0.19609375 0.0265625 0.0328125
0 1.053125 0.184375 0.021875 0.025
0 0.81484375 0.2734375 0.0203125 0.03125
0 1.134375 0.25234375 0.028125 0.0359375
0 1.14609375 0.30390625 0.0265625 0.0328125
0 1.2234375 0.27578125 0.03125 0.0296875
0 1.31640625 0.23671875 0.0296875 0.0328125
0 1.37578125 0.33984375 0.0171875 0.0203125
0 1.48203125 0.2359375 0.0328125 0.04375
0 1.5046875 0.2625 0.03125 0.034375
0 1.3421875 0.1765625 0.021875 0.0375
0 1.11015625 0.89453125 0.1203125 0.1421875
0 0.77421875 1.3640625 0.0265625 0.05625
0 0.7515625 1.23828125 0.05 0.0640625
0 0.51953125 1.1421875 0.0484375 0.06875
0 0.190625 1.20859375 0.071875 0.0953125
