0 0.10390625 0.3078125 0.0265625 0.03125
0 0.17734375 0.37109375 0.0265625 0.0296875
0 0.275 0.321875 0.028125 0.034375
0 0.3234375 0.290625 0.021875 0.03125
0 0.36640625 0.30859375 0.0265625 0.0390625
0 0.46640625 0.28046875 0.0265625 0.0390625
0 0.52421875 0.31953125 0.0359375 0.0421875
0 0.52109375 0.27578125 0.0140625 0.0171875
0 0.4046875 0.27734375 0.009375 0.0109375
0 0.38046875 0.26171875 0.0109375 0.0140625
0 0.56953125 0.278125 0.0171875 0.021875
0 0.628125 0.26328125 0.01875 0.0203125
0 0.678125 0.30703125 0.0375 0.0515625
0 0.7703125 0.28984375 0.028125 0.0359375
0 0.846875 0.28828125 0.03125 0.0390625
0 0.8828125 0.271875 0.015625 0.025
0 0.9765625 0.30546875 0.03125 0.0390625
0 1.040625 0.28125 0.015625 0.025
0 1.00703125 0.271875 0.0171875 0.028125
0 1.06484375 0.2953125 0.0203125 0.03125
0 1.1578125 0.31171875 0.028125 0.0421875
0 1.18046875 0.340625 0.0296875 0.03125
0 1.17890625 0.26171875 0.0171875 0.0234375
0 1.13125 0.27890625 0.021875 0.0296875
0 1.1890625 0.275 0.015625 0.03125
0 1.2578125 0.31015625 0.028125 0.0359375
0 1.2453125 0.2578125 0.0125 0.0125
0 1.32734375 0.3078125 0.0234375 0.03125
0 1.37890625 0.28828125 0.0234375 0.0328125
0 1.40234375 0.3609375 0.0265625 0.03125
0 1.46875 0.36328125 0.034375 0.0390625
0 1.46328125 0.284375 0.0265625 0.03125
0 1.5046875 0.2859375 0.01875 0.025
0 1.36015625 0.4265625 0.0265625 0.028125
0 0.928125 0.11875 0.03125 0.040625
