0 0.62265625 0.34140625 0.0609375 0.0578125
0 0.53984375 0.34609375 0.0484375 0.0578125
0 0.475 0.34765625 0.04375 0.0515625
0 0.4171875 0.3453125 0.040625 0.053125
0 0.36171875 0.34140625 0.0453125 0.0515625
0 0.31640625 0.33671875 0.0390625 0.0484375
0 0.2515625 0.346875 0.040625 0.034375
0 0.2 0.3484375 0.040625 0.040625
0 0.13046875 0.34609375 0.0390625 0.0390625
0 0.1671875 0.3515625 0.028125 0.025
0 0.078125 0.35 0.021875 0.028125
0 0.05234375 0.3484375 0.0234375 0.028125
0 1.2484375 0.33046875 0.05 0.0640625
0 1.13046875 0.34140625 0.0484375 0.0453125
0 1.021875 0.33828125 0.046875 0.0453125
0 0.91875 0.34140625 0.040625 0.0421875
0 1.18671875 0.35234375 0.0265625 0.0328125
0 1.04453125 0.34921875 0.0234375 0.0234375
0 0.9375 0.3546875 0.021875 0.025
0 1.27265625 0.3578125 0.0296875 0.03125
0 1.33359375 0.33984375 0.0453125 0.0484375
0 1.36875 0.34765625 0.028125 0.0328125
0 1.44609375 0.34765625 0.0421875 0.0546875
0 0.82890625 0.3421875 0.0390625 0.03125
0 0.86484375 0.346875 0.0265625 0.021875
0 0.7484375 0.34921875 0.040625 0.0328125
0 0.66640625 0.34765625 0.0265625 0.0359375
0 0.68125 0.35546875 0.025 0.0296875
0 1.48984375 0.36484375 0.0265625 0.0359375
0 1.56796875 0.34296875 0.0484375 0.0546875
