0 0.27109375 0.34921875 0.0296875 0.0421875
0 0.384375 0.28515625 0.034375 0.0390625
0 0.446875 0.29453125 0.059375 0.0640625
0 0.5953125 0.31484375 0.05 0.0578125
0 0.7390625 0.3234375 0.05625 0.06875
0 0.92265625 0.296875 0.0515625 0.059375
0 0.628125 0.3359375 0.01875 0.028125
0 0.64609375 0.3359375 0.0171875 0.025
0 0.53125 0.34375 0.01875 0.034375
0 0.5046875 0.334375 0.025 0.03125
0 0.8375 0.340625 0.01875 0.028125
0 0.86171875 0.35078125 0.0265625 0.0328125
0 0.97578125 0.32890625 0.0203125 0.0296875
0 1.01328125 0.34453125 0.0171875 0.0234375
0 1.08125 0.35859375 0.040625 0.0453125
0 1.12109375 0.3625 0.0234375 0.034375
0 1.22265625 0.3625 0.0234375 0.03125
0 1.26171875 0.3625 0.0265625 0.034375
0 1.28515625 0.31953125 0.0234375 0.0390625
0 1.40234375 0.3578125 0.0265625 0.034375
0 1.46484375 0.37734375 0.0265625 0.0328125
0 1.51328125 0.35546875 0.0296875 0.0390625
