0 1.31015625 0.28203125 0.0390625 0.0484375
0 1.11015625 0.275 0.0359375 0.040625
0 0.9546875 0.25546875 0.0375 0.0390625
0 1.24375 0.27265625 0.01875 0.0203125
0 1.16171875 0.284375 0.0171875 0.021875
0 0.7859375 0.2828125 0.025 0.028125
0 0.86953125 0.25703125 0.0140625 0.0203125
0 0.678125 0.25078125 0.025 0.0296875
0 0.56328125 0.24765625 0.0234375 0.0296875
0 0.428125 0.2140625 0.025 0.03125
0 0.165625 0.2375 0.021875 0.025
0 0.23515625 0.23046875 0.0171875 0.0203125
0 1.503125 0.32265625 0.009375 0.0140625
0 1.5703125 0.28828125 0.009375 0.0140625
0 1.553125 0.23515625 0.009375 0.0140625
0 1.4484375 0.2609375 0.009375 0.0125
0 1.42890625 0.21171875 0.0109375 0.0140625
0 1.45703125 0.2265625 0.0078125 0.015625
0 1.49140625 0.24609375 0.0078125 0.0109375
0 1.39375 0.09296875 0.00625 0.0078125
0 1.2609375 0.19453125 0.009375 0.0109375
0 1.22109375 0.2234375 0.0078125 0.009375
0 1.08203125 0.1375 0.0078125 0.009375
0 1.00859375 0.1859375 0.0078125 0.009375
0 1.0234375 0.16875 0.00625 0.00625
0 1.2265625 0.159375 0.009375 0.009375
0 1.19921875 0.15859375 0.0078125 0.0109375
0 1.1796875 0.1671875 0.009375 0.0125
0 1.15390625 0.2109375 0.0078125 0.009375
0 1.08984375 0.17265625 0.0109375 0.0109375
0 1.07265625 0.16015625 0.0078125 0.0078125
0 1.2984375 0.12890625 0.00625 0.0078125
0 1.24453125 0.109375 0.0078125 0.009375
0 1.27890625 0.09765625 0.0046875 0.0078125
0 1.31328125 0.1140625 0.0046875 0.00625
0 1.1875 0.10859375 0.00625 0.0078125
0 1.21875 0.10078125 0.00625 0.0078125
0 1.35234375 0.09375 0.0046875 0.00625
0 1.30234375 0.1 0.0046875 0.009375
0 1.23828125 0.13203125 0.0046875 0.0078125
0 1.1734375 0.13828125 0.00625 0.0078125
0 0.9015625 0.17265625 0.009375 0.0109375
0 0.865625 0.19765625 0.009375 0.0109375
0 0.82890625 0.22421875 0.0078125 0.0078125
0 0.93125 0.153125 0.009375 0.0125
0 1.525 0.23203125 0.009375 0.0171875
0 1.5828125 0.21015625 0.009375 0.0140625
0 1.4578125 0.1703125 0.009375 0.0125
0 1.48125 0.13984375 0.009375 0.0109375
0 1.48671875 0.20859375 0.0109375 0.0109375
0 1.5734375 0.19765625 0.009375 0.0109375
0 1.5390625 0.17578125 0.009375 0.0140625
0 1.52890625 0.13671875 0.0109375 0.0140625
0 0.2875 0.2609375 0.01875 0.025
0 0.0375 0.2359375 0.009375 0.015625
0 0.12109375 0.23515625 0.0140625 0.0171875
0 0.0828125 0.2265625 0.0125 0.015625
0 1.1078125 0.24375 0.0125 0.01875
0 1.05859375 0.20234375 0.0109375 0.0171875
