0 0.52109375 0.50234375 0.1140625 0.1328125
0 0.2765625 0.415625 0.09375 0.10625
0 0.60234375 0.4 0.0828125 0.103125
0 0.1796875 0.3890625 0.071875 0.084375
0 0.08515625 0.33046875 0.0578125 0.0671875
0 0.1734375 0.31953125 0.059375 0.0640625
0 0.446875 0.334375 0.053125 0.06875
0 0.49296875 0.39453125 0.0703125 0.0765625
0 1.08359375 0.5140625 0.1953125 0.2625
0 0.82890625 0.39375 0.0828125 0.096875
0 1.2203125 0.48984375 0.096875 0.1640625
0 0.303125 0.365625 0.05 0.06875
0 0.56328125 0.309375 0.0328125 0.034375
0 0.6046875 0.33125 0.0375 0.05
0 0.7390625 0.375 0.053125 0.078125
0 0.88125 0.3671875 0.046875 0.0625
0 0.0125 0.33984375 0.025 0.0578125
0 0.90703125 0.3203125 0.0328125 0.046875
