0 0.3796875 0.334375 0.053125 0.084375
0 0.290625 0.48828125 0.0625 0.1203125
0 0.028125 0.203125 0.015625 0.015625
0 0.04140625 0.22734375 0.0140625 0.0171875
0 0.09375 0.20625 0.015625 0.01875
0 0.09453125 0.184375 0.0171875 0.01875
0 0.1171875 0.20546875 0.015625 0.0171875
0 0.16328125 0.20859375 0.0140625 0.0171875
0 0.190625 0.2 0.0125 0.015625
0 0.21796875 0.22265625 0.0171875 0.0203125
0 0.2328125 0.203125 0.015625 0.01875
0 0.29140625 0.19296875 0.0140625 0.0171875
0 0.3390625 0.19921875 0.015625 0.0203125
0 0.35546875 0.25234375 0.0359375 0.0515625
0 0.37578125 0.190625 0.0171875 0.03125
0 0.39296875 0.1984375 0.0140625 0.021875
0 0.44609375 0.221875 0.0265625 0.0375
0 0.5109375 0.1859375 0.0125 0.0125
0 0.52890625 0.2109375 0.0171875 0.021875
0 0.5546875 0.240625 0.025 0.0375
0 0.56484375 0.178125 0.0109375 0.0125
0 0.59921875 0.196875 0.0140625 0.01875
0 0.65625 0.17890625 0.015625 0.0203125
0 0.63515625 0.1734375 0.0109375 0.009375
0 0.659375 0.2609375 0.025 0.0375
0 0.6703125 0.2484375 0.021875 0.034375
0 0.7046875 0.22265625 0.025 0.0265625
0 0.7109375 0.29765625 0.01875 0.0421875
0 0.7625 0.19765625 0.0125 0.0140625
0 0.80078125 0.2296875 0.0265625 0.025
0 0.8375 0.1859375 0.01875 0.01875
0 0.85078125 0.1921875 0.0234375 0.0375
0 0.88203125 0.23125 0.0234375 0.0375
0 0.925 0.175 0.015625 0.025
0 0.95546875 0.20234375 0.0234375 0.0296875
0 0.96640625 0.246875 0.0203125 0.040625
0 0.4703125 0.18984375 0.0125 0.0140625
0 0.72890625 0.1671875 0.0109375 0.0125
0 0.7171875 0.178125 0.009375 0.0125
0 1.025 0.17734375 0.015625 0.0140625
0 1.0140625 0.2140625 0.021875 0.025
0 1.08671875 0.184375 0.0203125 0.021875
0 1.115625 0.178125 0.015625 0.028125
0 1.1359375 0.20078125 0.021875 0.0328125
0 1.17109375 0.22421875 0.0234375 0.0296875
0 1.2 0.209375 0.01875 0.028125
0 1.1765625 0.16640625 0.015625 0.0203125
0 1.2109375 0.178125 0.0125 0.015625
0 1.2234375 0.190625 0.015625 0.01875
0 1.2640625 0.21484375 0.025 0.0359375
0 1.31328125 0.1984375 0.0203125 0.025
0 1.3375 0.1578125 0.015625 0.015625
0 1.240625 0.4484375 0.04375 0.071875
0 1.5234375 0.44296875 0.053125 0.0921875
0 1.5 0.22890625 0.04375 0.0484375
0 1.4421875 0.19140625 0.01875 0.0203125
0 1.21953125 0.628125 0.0734375 0.10625
0 1.4 0.628125 0.0875 0.159375
0 0.4578125 0.76953125 0.06875 0.1484375
0 1.571875 0.2921875 0.021875 0.05
