0 0.27421875 0.3109375 0.0484375 0.05625
0 0.4953125 0.27421875 0.053125 0.0703125
0 0.59765625 0.27890625 0.0609375 0.0703125
0 0.41171875 0.24375 0.0390625 0.046875
0 0.1078125 0.23359375 0.04375 0.0546875
0 0.3703125 0.2625 0.034375 0.0375
0 0.03359375 0.23515625 0.0484375 0.0578125
0 0.296875 0.22421875 0.01875 0.0203125
0 0.67421875 0.296875 0.0296875 0.046875
0 0.85390625 0.30078125 0.0546875 0.0796875
0 0.9015625 0.27578125 0.05 0.0671875
0 0.98203125 0.30078125 0.0734375 0.0828125
0 1.06796875 0.3 0.0484375 0.06875
0 1.31953125 0.35859375 0.0828125 0.0984375
0 1.415625 0.34921875 0.05625 0.0734375
0 1.53359375 0.35859375 0.0578125 0.0578125
0 0.753125 0.2765625 0.040625 0.0625
0 1.46640625 0.35234375 0.0328125 0.0515625
0 0.2390625 0.23046875 0.025 0.0359375
0 0.18984375 0.365625 0.0796875 0.08125
