0 0.08828125 0.421875 0.0328125 0.04375
0 0.053125 0.4078125 0.028125 0.03125
0 0.01328125 0.4375 0.0140625 0.025
0 0.4125 0.38828125 0.04375 0.0515625
0 0.54375 0.40703125 0.0375 0.0484375
0 0.6375 0.44140625 0.04375 0.0578125
0 0.6609375 0.384375 0.0375 0.046875
0 0.81015625 0.4015625 0.0328125 0.04375
0 0.81328125 0.45859375 0.0390625 0.0578125
0 0.9359375 0.409375 0.028125 0.046875
0 0.94375 0.4390625 0.0375 0.05
0 1.07578125 0.3828125 0.0390625 0.04375
0 1.11171875 0.459375 0.0453125 0.05625
0 1.2171875 0.440625 0.03125 0.0625
0 1.24921875 0.446875 0.0421875 0.071875
0 1.2859375 0.4390625 0.05625 0.06875
0 1.4734375 0.39765625 0.046875 0.0421875
0 1.55390625 0.51875 0.0921875 0.2
0 1.52265625 0.4421875 0.0359375 0.05625
0 1.3078125 0.49921875 0.0625 0.1109375
0 1.3703125 0.578125 0.065625 0.09375
