0 0.490625 0.48828125 0.034375 0.0390625
0 0.2171875 0.43671875 0.025 0.0265625
0 1.153125 0.18046875 0.03125 0.0359375
0 1.1296875 0.16953125 0.025 0.0328125
0 1.0234375 0.20234375 0.03125 0.0296875
0 1.021875 0.26171875 0.0375 0.0390625
0 1.00625 0.240625 0.025 0.03125
0 1.0703125 0.2484375 0.025 0.028125
0 1.4015625 0.20078125 0.05 0.0703125
0 1.56875 0.21015625 0.05625 0.0421875
0 1.51953125 0.14375 0.0421875 0.05
0 1.5140625 0.10546875 0.0375 0.0421875
0 0.7640625 0.4046875 0.028125 0.034375
0 0.6640625 0.3859375 0.021875 0.034375
0 0.690625 0.38671875 0.03125 0.0453125
0 0.78984375 0.34609375 0.0265625 0.0359375
0 0.703125 0.465625 0.0375 0.040625
0 0.6125 0.3953125 0.01875 0.021875
0 0.56875 0.396875 0.025 0.03125
0 0.55 0.4625 0.05 0.0625
0 0.49609375 0.4328125 0.0265625 0.040625
0 0.54296875 0.3453125 0.0234375 0.028125
0 0.5859375 0.35078125 0.0375 0.0359375
0 0.6265625 0.54453125 0.06875 0.0703125
0 0.34296875 0.36953125 0.0234375 0.0296875
0 0.43203125 0.4765625 0.0328125 0.04375
0 0.32734375 0.50625 0.0359375 0.046875
0 0.26484375 0.39609375 0.0265625 0.0296875
0 0.88203125 0.28984375 0.0265625 0.0359375
0 1.2953125 0.3015625 0.059375 0.084375
0 0.57109375 0.553125 0.0453125 0.059375
0 1.3171875 0.4203125 0.078125 0.103125
0 1.03515625 0.5921875 0.2328125 0.28125
0 0.68515625 0.659375 0.1015625 0.11875
0 0.47421875 0.80390625 0.1703125 0.2015625
0 0.265625 0.70078125 0.134375 0.1578125
0 0.10390625 0.6203125 0.1109375 0.11875
0 0.1640625 0.49453125 0.025 0.0296875
0 0.2546875 0.515625 0.028125 0.028125
0 0.37109375 0.396875 0.0328125 0.04375
