0 0.80546875 0.4328125 0.0109375 0.0125
0 0.79296875 0.42421875 0.0109375 0.0109375
0 0.82109375 0.41796875 0.0109375 0.0140625
0 0.86640625 0.43046875 0.0109375 0.0140625
0 0.7125 0.41953125 0.0125 0.0171875
0 0.7328125 0.43203125 0.0125 0.0140625
0 0.7625 0.47421875 0.0125 0.0203125
0 0.72109375 0.47109375 0.0140625 0.0171875
0 0.690625 0.4875 0.015625 0.01875
0 0.66328125 0.51015625 0.0171875 0.0296875
0 0.79296875 0.50546875 0.0140625 0.0234375
0 0.73828125 0.49453125 0.0171875 0.0265625
0 0.76640625 0.521875 0.0234375 0.03125
0 0.7046875 0.54296875 0.01875 0.0296875
0 0.77265625 0.57109375 0.0390625 0.0484375
0 0.84375 0.52578125 0.01875 0.0296875
0 0.89375 0.50078125 0.01875 0.0265625
0 0.89140625 0.47109375 0.0140625 0.0140625
0 0.91640625 0.46796875 0.0140625 0.0140625
0 0.90546875 0.4703125 0.0078125 0.0125
0 0.9484375 0.4890625 0.015625 0.01875
0 0.978125 0.475 0.0125 0.015625
0 1.0203125 0.46640625 0.009375 0.0109375
0 1.01875 0.49296875 0.0125 0.0171875
0 1.07421875 0.48359375 0.0140625 0.0171875
0 1.02265625 0.51875 0.0171875 0.025
0 0.97421875 0.51796875 0.0171875 0.0328125
0 0.8953125 0.56015625 0.01875 0.0359375
0 1.0 0.56171875 0.021875 0.0296875
0 1.0703125 0.53984375 0.021875 0.0328125
0 0.96484375 0.47265625 0.0109375 0.0109375
0 1.09921875 0.490625 0.0140625 0.01875
0 1.08671875 0.5171875 0.0140625 0.021875
0 1.12578125 0.5421875 0.0234375 0.025
0 1.1671875 0.53515625 0.015625 0.0265625
0 1.1640625 0.49921875 0.0125 0.0171875
0 1.13359375 0.4859375 0.0109375 0.0125
0 1.1796875 0.48359375 0.0125 0.0140625
0 1.16484375 0.4890625 0.0140625 0.0125
0 1.234375 0.50078125 0.0125 0.0171875
0 1.2421875 0.51328125 0.015625 0.0234375
0 1.28203125 0.5109375 0.0140625 0.0125
0 1.30546875 0.515625 0.0171875 0.015625
0 1.353125 0.53359375 0.01875 0.0234375
0 1.4046875 0.5171875 0.015625 0.01875
0 1.43671875 0.53984375 0.0171875 0.0203125
0 1.24375 0.5859375 0.025 0.040625
0 1.28515625 0.57265625 0.0234375 0.0328125
0 1.09921875 0.6046875 0.0328125 0.05
0 1.2109375 0.60859375 0.028125 0.0421875
0 1.52421875 0.54609375 0.0203125 0.0203125
0 0.1765625 0.546875 0.034375 0.040625
0 0.2140625 0.50234375 0.025 0.0328125
0 0.265625 0.4765625 0.01875 0.025
0 0.2953125 0.465625 0.01875 0.021875
0 0.35234375 0.4828125 0.0203125 0.025
0 0.38828125 0.46640625 0.0171875 0.0265625
0 0.41796875 0.49921875 0.0171875 0.0234375
0 0.44375 0.475 0.01875 0.021875
0 0.47421875 0.4671875 0.0171875 0.01875
0 0.53125 0.478125 0.01875 0.01875
0 0.5921875 0.51015625 0.01875 0.0296875
0 0.6234375 0.45390625 0.0125 0.0203125
0 0.68046875 0.4640625 0.0171875 0.015625
0 0.52890625 0.6046875 0.0421875 0.05625
0 0.47265625 0.55390625 0.0296875 0.0390625
0 0.49375 0.53828125 0.01875 0.0328125
0 0.3890625 0.54453125 0.03125 0.0359375
0 0.04609375 0.48671875 0.0296875 0.0359375
0 0.1515625 0.4765625 0.021875 0.025
0 0.16640625 0.478125 0.0171875 0.021875
0 0.221875 0.4703125 0.01875 0.01875
0 0.79140625 0.4890625 0.0171875 0.01875
