0 1.17421875 0.5578125 0.0890625 0.109375
0 0.925 0.55078125 0.078125 0.0921875
0 0.578125 0.55546875 0.075 0.0921875
0 0.33359375 0.578125 0.0734375 0.0875
0 0.0953125 0.565625 0.084375 0.08125
0 1.47421875 0.5390625 0.0734375 0.0875
0 1.31796875 0.4171875 0.0421875 0.05625
0 1.0328125 0.44765625 0.046875 0.0515625
0 0.66953125 0.465625 0.0453125 0.05625
0 0.9 0.44765625 0.053125 0.0515625
0 0.67421875 0.41484375 0.0359375 0.0359375
0 1.16640625 0.39296875 0.0421875 0.0390625
0 1.1796875 0.35625 0.025 0.028125
0 1.11171875 0.3515625 0.0203125 0.025
0 0.9671875 0.3640625 0.021875 0.025
0 1.0171875 0.41171875 0.03125 0.0359375
0 0.775 0.3453125 0.01875 0.021875
0 0.934375 0.34609375 0.01875 0.0203125
0 0.8921875 0.39765625 0.028125 0.0359375
