0 0.95859375 0.5890625 0.0671875 0.090625
0 0.7125 0.5578125 0.0625 0.071875
0 0.58828125 0.59375 0.0765625 0.078125
0 0.34296875 0.59375 0.0953125 0.103125
0 0.68203125 0.371875 0.0296875 0.03125
0 0.5703125 0.409375 0.028125 0.034375
0 0.825 0.36640625 0.034375 0.0390625
0 0.9484375 0.375 0.034375 0.0375
0 1.0546875 0.403125 0.034375 0.028125
0 0.94140625 0.44140625 0.0359375 0.0359375
0 0.1828125 0.21640625 0.0375 0.0359375
0 0.31015625 1.0140625 0.1390625 0.225
0 0.1234375 0.78125 0.128125 0.19375
0 1.30546875 0.62578125 0.0859375 0.1078125
0 1.578125 0.71953125 0.04375 0.1171875
0 1.3578125 0.3359375 0.071875 0.09375
0 1.41484375 0.24765625 0.0359375 0.0421875
0 0.58671875 0.37421875 0.0359375 0.0265625
