0 0.37578125 0.73359375 0.0234375 0.0328125
0 0.29296875 0.75859375 0.0265625 0.0265625
0 0.25 0.7109375 0.025 0.025
0 0.1703125 0.71171875 0.028125 0.0328125
0 0.26015625 0.64765625 0.0265625 0.0265625
0 0.321875 0.66953125 0.025 0.0265625
0 0.36796875 0.68828125 0.0234375 0.0234375
0 0.43203125 0.6984375 0.0265625 0.03125
0 0.4890625 0.665625 0.025 0.03125
0 0.5578125 0.6515625 0.021875 0.03125
0 0.4140625 0.63125 0.025 0.028125
0 0.18671875 0.63203125 0.0296875 0.0296875
0 0.48828125 0.5875 0.0234375 0.028125
0 0.62109375 0.603125 0.0234375 0.028125
0 0.5640625 0.5734375 0.025 0.028125
0 0.634375 0.56015625 0.021875 0.0265625
0 0.65546875 0.515625 0.0203125 0.028125
0 0.7140625 0.56171875 0.021875 0.0265625
0 0.71015625 0.61171875 0.0234375 0.0328125
0 0.80390625 0.6140625 0.0265625 0.034375
0 0.79375 0.5453125 0.021875 0.028125
0 0.7421875 0.51875 0.01875 0.025
0 0.51953125 0.53125 0.0234375 0.028125
0 0.47109375 0.503125 0.0234375 0.03125
0 0.4265625 0.56328125 0.028125 0.0296875
0 0.38515625 0.515625 0.0234375 0.025
0 0.33046875 0.5234375 0.0234375 0.028125
0 0.359375 0.61015625 0.025 0.0296875
0 0.29609375 0.5953125 0.0234375 0.028125
0 0.265625 0.55625 0.025 0.03125
0 0.28046875 0.525 0.0234375 0.025
0 0.96796875 0.6375 0.0234375 0.03125
0 0.871875 0.63359375 0.025 0.0265625
0 0.8796875 0.56796875 0.021875 0.0296875
0 0.94765625 0.54609375 0.0265625 0.0328125
0 1.003125 0.5015625 0.021875 0.03125
0 1.04609375 0.565625 0.0203125 0.03125
0 1.0921875 0.51015625 0.025 0.0328125
0 1.1640625 0.52109375 0.025 0.0296875
0 1.14296875 0.5765625 0.0265625 0.034375
0 1.03828125 0.63671875 0.0234375 0.0296875
0 0.9140625 0.48984375 0.021875 0.0265625
0 0.84375 0.50859375 0.021875 0.0265625
0 1.16953125 0.67265625 0.0265625 0.0328125
0 1.38203125 0.590625 0.0234375 0.028125
0 1.459375 0.60390625 0.028125 0.0296875
0 1.51328125 0.565625 0.0265625 0.028125
0 1.425 0.53359375 0.025 0.0296875
0 1.4453125 0.5 0.025 0.028125
0 1.3359375 0.509375 0.025 0.03125
0 1.30625 0.54296875 0.025 0.0328125
0 1.296875 0.6015625 0.025 0.028125
0 1.28671875 0.65859375 0.0296875 0.0359375
0 1.36484375 0.67265625 0.0265625 0.0328125
0 1.45859375 0.67734375 0.0296875 0.0296875
0 1.4578125 0.74453125 0.028125 0.0359375
0 1.20625 0.5890625 0.021875 0.03125
0 1.246875 0.5140625 0.025 0.034375
0 1.26953125 0.5 0.0203125 0.028125
0 1.43046875 0.4 0.0203125 0.03125
0 1.39453125 0.44296875 0.0203125 0.0265625
0 1.3390625 0.46640625 0.021875 0.0296875
0 1.32421875 0.41875 0.0234375 0.028125
0 1.3453125 0.38671875 0.021875 0.0234375
0 1.32421875 0.3546875 0.0203125 0.021875
0 1.28125 0.37578125 0.01875 0.0234375
0 1.2171875 0.34765625 0.01875 0.0234375
0 1.1828125 0.3 0.021875 0.028125
0 1.16015625 0.35625 0.0203125 0.025
0 1.15625 0.3921875 0.021875 0.028125
0 1.203125 0.4390625 0.021875 0.028125
0 1.23828125 0.4078125 0.0234375 0.025
0 1.27890625 0.4421875 0.0234375 0.028125
0 1.00703125 0.35390625 0.0203125 0.0265625
0 1.0640625 0.30234375 0.01875 0.0265625
0 1.1265625 0.31484375 0.01875 0.0265625
0 1.09609375 0.3546875 0.0171875 0.025
0 1.06328125 0.4109375 0.0203125 0.028125
0 1.1015625 0.4484375 0.021875 0.028125
0 1.02734375 0.44140625 0.0234375 0.0296875
0 0.9546875 0.43515625 0.01875 0.0234375
0 0.8875 0.43984375 0.01875 0.0234375
0 0.86328125 0.39765625 0.0203125 0.0234375
0 0.9234375 0.35703125 0.01875 0.0265625
0 0.9203125 0.2953125 0.01875 0.021875
0 0.99609375 0.31171875 0.0171875 0.0234375
0 0.98203125 0.27734375 0.0203125 0.0265625
0 0.884375 0.26796875 0.01875 0.0234375
0 0.859375 0.29453125 0.01875 0.0265625
0 0.81484375 0.275 0.0203125 0.021875
0 0.84453125 0.35234375 0.0203125 0.0234375
0 0.78984375 0.3171875 0.0171875 0.01875
0 0.765625 0.26328125 0.015625 0.0203125
0 0.77421875 0.3609375 0.0171875 0.025
0 0.80078125 0.396875 0.0203125 0.028125
0 0.81953125 0.45546875 0.0203125 0.0265625
0 0.76796875 0.43984375 0.0203125 0.0234375
0 0.97109375 0.3890625 0.0203125 0.028125
0 0.6515625 0.4140625 0.01875 0.025
0 0.70234375 0.4359375 0.0203125 0.028125
0 0.73984375 0.3953125 0.0203125 0.028125
0 0.70703125 0.4828125 0.0203125 0.025
0 0.63515625 0.459375 0.0203125 0.025
0 0.584375 0.48671875 0.021875 0.0296875
0 0.60390625 0.39140625 0.0203125 0.0265625
0 0.5921875 0.33828125 0.021875 0.0265625
0 0.68046875 0.371875 0.0203125 0.028125
0 0.72265625 0.33515625 0.0203125 0.0265625
0 0.7515625 0.296875 0.021875 0.025
0 0.70625 0.26875 0.015625 0.025
0 0.6828125 0.29140625 0.01875 0.0234375
0 0.659375 0.32578125 0.01875 0.0265625
0 0.60703125 0.2953125 0.0171875 0.025
0 0.54765625 0.3140625 0.0171875 0.021875
0 0.5078125 0.27578125 0.015625 0.0234375
0 0.4671875 0.31796875 0.021875 0.0234375
0 0.48984375 0.36328125 0.0203125 0.0265625
0 0.528125 0.40234375 0.01875 0.0234375
0 0.55390625 0.434375 0.0265625 0.03125
0 0.503125 0.44609375 0.021875 0.0265625
0 0.45546875 0.4109375 0.0234375 0.028125
0 0.43125 0.4578125 0.025 0.025
0 0.33671875 0.48359375 0.0265625 0.0265625
0 0.3265625 0.44296875 0.021875 0.0265625
0 0.353125 0.4171875 0.021875 0.028125
0 0.390625 0.425 0.021875 0.03125
0 0.4203125 0.3671875 0.01875 0.025
0 0.34453125 0.3765625 0.0203125 0.028125
0 0.2984375 0.359375 0.021875 0.025
0 0.33984375 0.3234375 0.0203125 0.025
0 0.37890625 0.33046875 0.0203125 0.0265625
0 0.27421875 0.42734375 0.0234375 0.0265625
0 0.28828125 0.3921875 0.0203125 0.025
0 0.23359375 0.37578125 0.0234375 0.0234375
0 0.21953125 0.4078125 0.0234375 0.025
0 0.19296875 0.46328125 0.0234375 0.0265625
0 0.2109375 0.50703125 0.025 0.0296875
0 0.278125 0.47890625 0.025 0.0296875
0 0.14609375 0.428125 0.0265625 0.028125
0 0.0984375 0.46171875 0.025 0.0265625
0 0.10625 0.4953125 0.025 0.028125
0 0.11796875 0.54609375 0.0265625 0.0265625
0 0.14453125 0.51171875 0.0265625 0.0234375
0 0.16875 0.5375 0.028125 0.025
0 0.20703125 0.559375 0.0234375 0.03125
0 0.1859375 0.5921875 0.03125 0.028125
0 0.4140625 0.296875 0.021875 0.025
