0 0.1390625 0.56953125 0.071875 0.0953125
0 0.29375 0.51953125 0.071875 0.0984375
0 0.36015625 0.4984375 0.0515625 0.078125
0 0.51328125 0.49453125 0.0453125 0.0453125
0 0.59140625 0.47734375 0.0265625 0.0421875
0 0.70546875 0.484375 0.0484375 0.0375
0 0.71171875 0.4140625 0.0359375 0.05
0 0.77265625 0.41171875 0.0328125 0.0453125
0 0.80078125 0.40390625 0.0234375 0.0390625
0 0.8609375 0.4 0.028125 0.034375
0 1.1828125 0.48828125 0.059375 0.0828125
0 1.26640625 0.55390625 0.0609375 0.0828125
0 1.03359375 0.74375 0.0640625 0.125
0 1.22734375 0.44921875 0.0390625 0.0578125
0 0.89453125 0.403125 0.0203125 0.028125
0 0.95078125 0.41875 0.0203125 0.028125
