0 0.9296875 0.54140625 0.028125 0.0296875
0 0.89375 0.52578125 0.01875 0.0171875
0 0.86484375 0.52421875 0.0171875 0.0234375
0 0.86328125 0.465625 0.0140625 0.01875
0 0.8953125 0.46484375 0.01875 0.0203125
0 0.834375 0.525 0.01875 0.015625
0 0.8265625 0.546875 0.021875 0.025
0 0.8125 0.51953125 0.01875 0.0203125
0 0.78515625 0.52890625 0.0203125 0.0203125
0 0.7546875 0.55 0.025 0.025
0 0.73203125 0.51953125 0.0203125 0.0171875
0 0.7515625 0.46796875 0.01875 0.0171875
0 0.77890625 0.46484375 0.0171875 0.0203125
0 0.71171875 0.484375 0.0171875 0.01875
0 0.83359375 0.6359375 0.0421875 0.0625
0 0.90703125 0.59765625 0.0359375 0.0546875
0 0.6640625 0.63125 0.05 0.0625
0 0.71953125 0.61171875 0.0359375 0.0515625
0 0.58125 0.5890625 0.03125 0.046875
0 0.55625 0.58984375 0.046875 0.0578125
0 0.56875 0.534375 0.021875 0.021875
0 0.603125 0.46875 0.015625 0.01875
0 0.63046875 0.47265625 0.0140625 0.0140625
0 0.55546875 0.4609375 0.0140625 0.021875
0 0.5015625 0.5671875 0.025 0.021875
0 0.484375 0.6609375 0.046875 0.065625
0 0.44609375 0.59921875 0.0328125 0.0390625
0 0.4171875 0.546875 0.021875 0.03125
0 0.38671875 0.55703125 0.0359375 0.0359375
0 0.40625 0.62265625 0.04375 0.0578125
0 0.35625 0.571875 0.025 0.03125
0 0.3828125 0.4546875 0.01875 0.021875
0 0.47109375 0.46484375 0.0171875 0.0234375
0 0.4546875 0.4546875 0.015625 0.021875
0 0.58515625 0.471875 0.0171875 0.01875
0 0.66953125 0.53125 0.0171875 0.01875
0 0.28515625 0.4640625 0.0234375 0.021875
0 0.26015625 0.45703125 0.0203125 0.0203125
0 0.21328125 0.478125 0.0203125 0.021875
0 0.19140625 0.45546875 0.0203125 0.0171875
0 0.0984375 0.46640625 0.021875 0.0171875
0 0.053125 0.47109375 0.021875 0.0203125
0 0.01796875 0.47578125 0.0203125 0.0203125
0 0.04453125 0.54609375 0.0296875 0.0265625
0 0.09765625 0.56640625 0.0390625 0.0359375
0 0.146875 0.53671875 0.028125 0.0265625
0 0.17265625 0.56953125 0.0296875 0.0328125
0 0.246875 0.57734375 0.034375 0.0359375
0 0.303125 0.5953125 0.040625 0.04375
0 0.26015625 0.6484375 0.0484375 0.059375
0 0.15234375 0.615625 0.0390625 0.040625
0 0.0578125 0.5984375 0.04375 0.046875
0 0.0265625 0.5578125 0.01875 0.021875
0 0.309375 0.76171875 0.04375 0.0546875
0 1.25 0.4359375 0.040625 0.059375
0 1.0078125 0.62421875 0.034375 0.0515625
0 1.04140625 0.5546875 0.0265625 0.028125
0 1.0203125 0.5609375 0.01875 0.028125
0 0.9796875 0.53671875 0.021875 0.0203125
0 0.97421875 0.52109375 0.0234375 0.0171875
0 1.06015625 0.53515625 0.0265625 0.0296875
0 1.11640625 0.52734375 0.0203125 0.0234375
0 1.1375 0.54609375 0.01875 0.0234375
0 1.1671875 0.5359375 0.028125 0.028125
0 1.203125 0.5578125 0.03125 0.0375
0 1.35703125 0.5421875 0.0234375 0.028125
0 1.44296875 0.590625 0.0453125 0.040625
0 1.50234375 0.53671875 0.0359375 0.0421875
0 1.525 0.5546875 0.0375 0.040625
0 1.56796875 0.5890625 0.0359375 0.046875
0 1.425 0.58046875 0.03125 0.0421875
0 1.12421875 0.559375 0.0265625 0.03125
0 0.3625 0.4578125 0.01875 0.025
