0 1.3875 0.521875 0.046875 0.075
0 1.290625 0.50625 0.053125 0.06875
0 1.25625 0.42109375 0.03125 0.0453125
0 1.2984375 0.4296875 0.025 0.040625
0 1.0453125 0.53671875 0.05625 0.0796875
0 1.16796875 0.41953125 0.0296875 0.0421875
0 0.96171875 0.41328125 0.0296875 0.0359375
0 0.84453125 0.38828125 0.0265625 0.0390625
0 1.04296875 0.3453125 0.0109375 0.015625
0 1.00546875 0.33359375 0.0109375 0.0140625
0 1.03125 0.3390625 0.009375 0.0125
0 0.6546875 0.4703125 0.071875 0.09375
0 0.7546875 0.3734375 0.015625 0.025
0 0.6546875 0.36328125 0.028125 0.0328125
0 0.68359375 0.3734375 0.0203125 0.034375
0 0.328125 0.38828125 0.03125 0.0484375
0 0.3984375 0.35546875 0.021875 0.0328125
0 0.46796875 0.48984375 0.0765625 0.1171875
0 0.1390625 0.37734375 0.021875 0.0328125
0 0.0140625 0.4390625 0.028125 0.08125
0 0.009375 0.38515625 0.01875 0.0359375
0 0.6 0.3890625 0.021875 0.028125
