0 0.15703125 0.4015625 0.0328125 0.040625
0 1.37578125 0.340625 0.0296875 0.0375
0 1.259375 0.36875 0.03125 0.03125
0 1.2234375 0.3625 0.03125 0.034375
0 1.21015625 0.39375 0.0265625 0.03125
0 1.1625 0.37890625 0.028125 0.0328125
0 1.1125 0.38984375 0.028125 0.0328125
0 1.0796875 0.4109375 0.025 0.034375
0 1.0140625 0.3921875 0.028125 0.034375
0 1.0 0.42578125 0.021875 0.0296875
0 0.971875 0.41875 0.025 0.03125
0 0.9265625 0.4078125 0.025 0.025
0 0.890625 0.50625 0.025 0.028125
0 0.9609375 0.39609375 0.025 0.0328125
0 0.8625 0.40234375 0.025 0.0359375
0 0.82890625 0.4046875 0.0234375 0.028125
0 0.79140625 0.425 0.0265625 0.0375
0 0.75 0.3859375 0.028125 0.034375
0 0.74296875 0.42109375 0.0265625 0.0328125
0 0.68515625 0.40390625 0.0296875 0.0421875
0 0.63671875 0.4 0.0265625 0.034375
0 0.60390625 0.41484375 0.0265625 0.0296875
0 0.52578125 0.4015625 0.0265625 0.034375
0 0.33828125 0.41875 0.0234375 0.028125
0 0.45078125 0.41328125 0.0296875 0.0328125
0 0.43671875 0.396875 0.0265625 0.034375
0 0.41015625 0.409375 0.0265625 0.03125
0 0.3 0.39453125 0.03125 0.0390625
0 0.21015625 0.42890625 0.0296875 0.0296875
