0 0.86875 0.32890625 0.01875 0.0234375
0 0.85234375 0.33671875 0.0171875 0.0203125
0 0.8203125 0.33671875 0.015625 0.0203125
0 0.784375 0.3359375 0.01875 0.021875
0 0.75234375 0.33203125 0.0171875 0.0234375
0 0.7296875 0.3328125 0.015625 0.01875
0 0.69140625 0.32421875 0.0171875 0.0234375
0 1.371875 0.49609375 0.096875 0.1453125
0 1.25078125 0.4078125 0.0390625 0.053125
0 1.20546875 0.52421875 0.0640625 0.0828125
0 0.534375 0.52734375 0.08125 0.0921875
0 0.3625 0.47734375 0.078125 0.1203125
0 0.14609375 0.4828125 0.0921875 0.11875
