0 0.36328125 0.103125 0.0328125 0.040625
0 0.434375 0.121875 0.025 0.03125
0 0.41328125 0.14296875 0.0265625 0.0359375
0 0.31953125 0.1390625 0.0203125 0.034375
0 0.27578125 0.115625 0.0328125 0.04375
0 0.20859375 0.2203125 0.0359375 0.046875
0 0.1796875 0.13515625 0.028125 0.0359375
0 0.115625 0.14921875 0.021875 0.0296875
0 0.534375 0.11328125 0.025 0.0390625
0 0.49140625 0.246875 0.0359375 0.046875
0 0.590625 0.2421875 0.04375 0.05625
0 0.65234375 0.21796875 0.0234375 0.0265625
0 0.70078125 0.2203125 0.0171875 0.028125
0 0.73046875 0.22734375 0.0234375 0.0265625
0 0.821875 0.22734375 0.028125 0.0328125
0 0.68046875 0.28515625 0.0421875 0.0578125
0 0.8046875 0.31953125 0.065625 0.0734375
0 1.01015625 0.2375 0.0296875 0.040625
0 1.06953125 0.2578125 0.0359375 0.040625
0 1.3125 0.278125 0.040625 0.053125
0 1.4453125 0.28359375 0.046875 0.0546875
0 1.4546875 0.3984375 0.078125 0.10625
0 0.9515625 0.3484375 0.071875 0.08125
0 0.109375 0.42734375 0.0875 0.1296875
0 0.32109375 0.52734375 0.0828125 0.1390625
