0 0.9109375 0.48046875 0.015625 0.0171875
0 1.0046875 0.4828125 0.021875 0.021875
0 1.384375 0.53984375 0.034375 0.0453125
0 1.28359375 0.5984375 0.0453125 0.034375
0 1.10078125 0.56953125 0.0390625 0.0609375
0 0.26484375 0.47109375 0.0234375 0.0265625
0 0.13515625 0.47265625 0.0265625 0.0296875
0 0.0796875 0.60234375 0.059375 0.1046875
0 0.7296875 0.4421875 0.021875 0.025
0 0.60859375 0.4578125 0.0171875 0.028125
0 0.82109375 0.46171875 0.0234375 0.0296875
0 0.796875 0.4546875 0.015625 0.025
0 0.8625 0.48046875 0.015625 0.0171875
