0 1.31875 0.35234375 0.0375 0.0421875
0 1.05859375 0.3234375 0.0234375 0.034375
0 1.0 0.31484375 0.021875 0.0296875
0 0.94140625 0.30390625 0.0171875 0.0234375
0 0.925 0.30390625 0.021875 0.0296875
0 0.88359375 0.29296875 0.0203125 0.0203125
0 0.80234375 0.28125 0.0171875 0.01875
0 0.640625 0.26953125 0.015625 0.0234375
0 0.56796875 0.26953125 0.0203125 0.0265625
0 0.47421875 0.27421875 0.0203125 0.0234375
0 0.2828125 0.365625 0.03125 0.05
0 0.215625 0.39609375 0.028125 0.0546875
0 0.20625 0.4703125 0.046875 0.078125
0 0.35703125 0.61484375 0.0640625 0.0984375
0 1.45234375 0.3890625 0.0421875 0.05625
