0 1.56796875 0.20546875 0.0515625 0.0765625
0 1.40859375 0.1765625 0.0515625 0.053125
0 1.396875 0.24375 0.046875 0.075
0 1.20859375 0.14921875 0.0484375 0.0484375
0 1.04765625 0.13671875 0.0484375 0.0484375
0 0.9265625 0.128125 0.0375 0.0375
0 0.91171875 0.08125 0.0234375 0.025
0 0.82109375 0.09609375 0.0328125 0.0421875
0 0.83125 0.2484375 0.040625 0.090625
0 0.55078125 0.20625 0.0546875 0.0875
0 0.7140625 0.1015625 0.028125 0.03125
0 0.63671875 0.08046875 0.0265625 0.0359375
0 0.565625 0.06796875 0.028125 0.0328125
0 0.50078125 0.06953125 0.0265625 0.0296875
0 0.43984375 0.07109375 0.0296875 0.0296875
0 0.39296875 0.07109375 0.0234375 0.0265625
0 0.34375 0.053125 0.021875 0.025
0 0.37421875 0.184375 0.0515625 0.078125
0 0.39375 0.175 0.040625 0.0625
0 0.27109375 0.13515625 0.0453125 0.0609375
0 0.23515625 0.04296875 0.0234375 0.0296875
0 0.1546875 0.0546875 0.025 0.025
0 0.09140625 0.09921875 0.0359375 0.0484375
0 0.21015625 0.13359375 0.0390625 0.0484375
0 0.16875 0.1171875 0.03125 0.04375
0 0.0484375 0.0515625 0.025 0.028125
