0 1.1921875 0.53203125 0.05 0.0734375
0 1.2671875 0.47890625 0.025 0.0328125
0 1.221875 0.4671875 0.021875 0.028125
0 1.146875 0.496875 0.040625 0.05625
0 1.12890625 0.4609375 0.0234375 0.03125
0 1.10234375 0.49765625 0.0203125 0.0265625
0 1.05 0.5125 0.034375 0.040625
0 1.0046875 0.46015625 0.015625 0.0203125
0 0.9765625 0.54375 0.053125 0.06875
0 0.93203125 0.521875 0.0421875 0.05
0 0.8328125 0.48359375 0.01875 0.0296875
0 0.84375 0.46328125 0.015625 0.0203125
0 0.86640625 0.42265625 0.0171875 0.0171875
0 0.89296875 0.4859375 0.0171875 0.01875
0 0.95703125 0.48203125 0.0234375 0.0265625
0 0.975 0.46328125 0.0125 0.0171875
0 1.39609375 0.48984375 0.0265625 0.0296875
0 1.453125 0.46796875 0.025 0.0234375
0 1.49375 0.496875 0.040625 0.04375
0 1.31953125 0.4640625 0.0171875 0.025
0 1.33984375 0.4734375 0.0234375 0.03125
0 1.3625 0.4796875 0.025 0.028125
0 1.296875 0.46640625 0.01875 0.0171875
0 1.24375 0.46328125 0.01875 0.0296875
0 1.57734375 0.475 0.0234375 0.03125
0 0.5703125 0.48828125 0.03125 0.0421875
0 0.6 0.46953125 0.021875 0.0328125
0 0.69140625 0.3921875 0.0234375 0.028125
0 0.6578125 0.409375 0.01875 0.01875
0 0.790625 0.4828125 0.025 0.028125
0 0.5015625 0.55390625 0.053125 0.0671875
0 0.4984375 0.45546875 0.015625 0.0203125
0 0.46484375 0.45859375 0.0171875 0.0234375
0 0.44921875 0.4796875 0.0296875 0.034375
0 0.41796875 0.5015625 0.0328125 0.0375
0 0.390625 0.49296875 0.01875 0.0234375
0 0.35078125 0.5265625 0.0359375 0.040625
0 0.32890625 0.49453125 0.0265625 0.0359375
0 0.2796875 0.47890625 0.028125 0.0265625
0 0.54453125 0.48203125 0.0203125 0.0296875
0 0.21953125 0.55859375 0.0578125 0.0640625
0 0.2265625 0.484375 0.025 0.034375
0 0.17890625 0.48515625 0.0234375 0.0296875
0 0.11015625 0.51796875 0.0390625 0.0421875
0 0.0375 0.5328125 0.046875 0.040625
0 0.03515625 0.5890625 0.0546875 0.0625
0 0.0703125 0.4125 0.021875 0.025
0 1.08203125 0.46640625 0.0203125 0.0234375
0 1.20390625 0.48203125 0.0296875 0.0328125
