0 1.22734375 0.228125 0.0203125 0.025
0 1.2078125 0.20703125 0.0125 0.0234375
0 1.140625 0.2125 0.015625 0.025
0 1.01171875 0.21015625 0.0140625 0.0171875
0 0.94921875 0.20546875 0.0140625 0.0171875
0 0.921875 0.2015625 0.0125 0.015625
0 0.865625 0.2 0.015625 0.015625
0 1.33359375 0.340625 0.0703125 0.065625
0 1.46484375 0.26015625 0.0296875 0.0328125
0 1.465625 0.3265625 0.04375 0.059375
0 0.353125 0.14765625 0.01875 0.0265625
0 0.39296875 0.1796875 0.0109375 0.015625
0 0.1484375 0.2125 0.01875 0.021875
0 0.06328125 0.2140625 0.0203125 0.025
0 0.20078125 0.328125 0.0390625 0.065625
0 0.24140625 0.225 0.0171875 0.028125
0 0.2359375 0.26015625 0.021875 0.0359375
