0 1.315625 0.55234375 0.034375 0.0453125
0 1.27890625 0.52265625 0.0359375 0.0546875
0 0.12109375 0.7296875 0.0578125 0.075
0 0.009375 0.3625 0.01875 0.0375
0 0.2015625 0.34375 0.0375 0.046875
0 0.384375 0.3140625 0.0375 0.04375
0 0.765625 0.253125 0.040625 0.0625
0 1.19140625 0.246875 0.0578125 0.078125
0 0.95703125 0.5609375 0.0390625 0.04375
0 1.06015625 0.5703125 0.0359375 0.046875
0 1.05859375 0.53125 0.0265625 0.03125
0 0.95859375 0.5296875 0.0359375 0.0375
0 0.875 0.575 0.025 0.040625
0 0.64453125 0.5453125 0.0328125 0.040625
0 0.59296875 0.58359375 0.0234375 0.0359375
0 1.48828125 0.55703125 0.0390625 0.0484375
0 1.4390625 0.515625 0.034375 0.0375
0 1.53203125 0.53203125 0.0328125 0.0484375
