0 1.4484375 0.39765625 0.071875 0.0828125
0 1.34140625 0.26640625 0.0546875 0.0671875
0 1.18203125 0.284375 0.0421875 0.059375
0 1.14921875 0.415625 0.0578125 0.071875
0 1.025 0.2671875 0.053125 0.0625
0 0.89921875 0.4015625 0.0578125 0.078125
0 0.859375 0.29296875 0.05 0.0609375
0 0.3859375 0.396875 0.059375 0.071875
0 0.621875 0.43671875 0.05625 0.0703125
0 0.69375 0.29375 0.046875 0.0625
0 0.5390625 0.2640625 0.046875 0.059375
0 0.3546875 0.2671875 0.046875 0.05625
0 0.16953125 0.31640625 0.0453125 0.0453125
0 0.1359375 0.3984375 0.0625 0.065625
0 0.80625 0.096875 0.046875 0.05625
0 0.56484375 0.1 0.0453125 0.053125
0 0.3125 0.12109375 0.059375 0.0671875
