0 0.09296875 0.1234375 0.0765625 0.084375
0 0.1921875 0.30859375 0.103125 0.1265625
0 1.46875 0.30546875 0.0875 0.1046875
0 1.2953125 0.27421875 0.06875 0.0765625
0 1.1609375 0.23046875 0.0625 0.0671875
0 1.015625 0.21796875 0.05625 0.0609375
0 0.86484375 0.10546875 0.0515625 0.0546875
0 0.73203125 0.09921875 0.0578125 0.0671875
0 0.71875 0.2546875 0.071875 0.0875
0 0.88046875 0.28671875 0.0578125 0.0828125
0 0.6203125 0.1046875 0.053125 0.059375
0 0.46015625 0.0703125 0.0671875 0.06875
0 0.45546875 0.2484375 0.0828125 0.109375
0 0.2875 0.09453125 0.071875 0.0796875
