0 1.10703125 0.440625 0.0578125 0.06875
0 0.99609375 0.4328125 0.0515625 0.071875
0 1.06171875 0.35546875 0.0515625 0.0734375
0 1.009375 0.30703125 0.04375 0.0515625
0 0.9265625 0.29453125 0.04375 0.0546875
0 0.81484375 0.3171875 0.0453125 0.05625
0 0.72265625 0.403125 0.0578125 0.071875
0 0.865625 0.4125 0.05625 0.065625
0 1.1328125 0.290625 0.05 0.05625
0 1.19296875 0.38671875 0.0515625 0.0609375
0 1.2796875 0.46484375 0.059375 0.0703125
0 1.17265625 0.46875 0.0609375 0.065625
0 1.2046875 0.665625 0.071875 0.08125
0 1.06796875 0.68671875 0.0546875 0.0703125
0 0.73515625 0.5359375 0.0609375 0.075
0 0.60390625 0.46953125 0.0515625 0.0671875
0 0.5875 0.29140625 0.05 0.0390625
0 0.5125 0.29375 0.040625 0.059375
0 0.471875 0.4640625 0.053125 0.065625
0 0.7234375 0.725 0.0625 0.075
0 0.621875 0.74296875 0.053125 0.0765625
0 0.509375 0.7015625 0.0625 0.075
0 0.3953125 0.75234375 0.071875 0.0671875
0 0.3484375 0.509375 0.05 0.071875
0 0.3828125 0.4703125 0.05 0.065625
0 0.41171875 0.42578125 0.0484375 0.0609375
0 0.315625 0.434375 0.046875 0.05
0 0.253125 0.4703125 0.053125 0.0625
0 0.21171875 0.6078125 0.0703125 0.08125
0 0.14140625 0.50234375 0.0703125 0.0765625
0 1.35390625 0.43125 0.0515625 0.0625
0 1.425 0.46640625 0.05625 0.0703125
0 1.4359375 0.40703125 0.059375 0.0640625
