0 1.325 0.5859375 0.034375 0.040625
0 1.2453125 0.61640625 0.03125 0.0421875
0 1.18203125 0.62734375 0.0328125 0.0390625
0 1.12578125 0.5953125 0.0359375 0.040625
0 1.0546875 0.63515625 0.040625 0.0453125
0 1.01953125 0.61796875 0.0296875 0.0390625
0 0.96484375 0.6203125 0.0390625 0.040625
0 0.9421875 0.54296875 0.034375 0.0328125
0 0.9125 0.628125 0.034375 0.0375
0 0.8578125 0.56484375 0.034375 0.0359375
0 0.815625 0.55 0.03125 0.0375
0 0.8328125 0.63203125 0.034375 0.0453125
0 0.75546875 0.6421875 0.0359375 0.040625
0 0.7625 0.584375 0.034375 0.046875
0 0.7796875 0.53671875 0.03125 0.0359375
0 0.71328125 0.53125 0.0328125 0.0375
0 0.69921875 0.63046875 0.0328125 0.0390625
0 0.59765625 0.6546875 0.0390625 0.040625
0 0.584375 0.6125 0.0375 0.0375
0 0.62734375 0.55390625 0.0328125 0.0390625
0 0.54296875 0.55390625 0.0296875 0.0359375
0 0.525 0.6078125 0.034375 0.034375
0 0.503125 0.64375 0.0375 0.040625
0 0.4484375 0.62109375 0.0375 0.0421875
0 0.42265625 0.65859375 0.0390625 0.0421875
0 0.284375 0.6375 0.0375 0.0375
0 0.34453125 0.61015625 0.0328125 0.0390625
0 0.36171875 0.66953125 0.0359375 0.0390625
0 0.8078125 0.7796875 0.040625 0.04375
