0 0.44609375 0.2609375 0.0515625 0.053125
0 0.50703125 0.25234375 0.0421875 0.0484375
0 0.5546875 0.328125 0.04375 0.053125
0 0.6078125 0.30625 0.0375 0.05
0 0.6359375 0.265625 0.040625 0.046875
0 0.67890625 0.359375 0.0390625 0.04375
0 0.74296875 0.3421875 0.0359375 0.04375
0 0.77265625 0.3171875 0.0359375 0.040625
0 0.8 0.35859375 0.0375 0.0453125
0 0.82109375 0.26171875 0.0359375 0.0421875
0 0.8640625 0.31328125 0.034375 0.0390625
0 0.871875 0.3671875 0.0375 0.040625
0 0.9921875 0.38125 0.03125 0.0375
0 1.0625 0.3421875 0.03125 0.040625
0 1.090625 0.2625 0.034375 0.040625
0 1.1828125 0.27265625 0.034375 0.0453125
0 1.40390625 0.4515625 0.0453125 0.05625
0 1.4421875 0.38203125 0.04375 0.0453125
