0 0.38828125 0.2390625 0.0578125 0.059375
0 0.540625 0.2546875 0.05 0.059375
0 0.575 0.32265625 0.05625 0.0640625
0 0.5296875 0.38515625 0.059375 0.0640625
0 0.421875 0.3328125 0.05625 0.059375
0 0.9984375 0.28359375 0.05 0.0578125
0 0.6484375 0.2390625 0.05 0.053125
0 1.2875 0.34765625 0.071875 0.0921875
0 1.08828125 0.35078125 0.0703125 0.0828125
0 0.9328125 0.35859375 0.059375 0.0640625
0 0.740625 0.31484375 0.071875 0.0859375
0 0.95390625 0.21484375 0.0484375 0.0546875
0 1.05859375 0.2140625 0.0484375 0.05
0 1.1234375 0.246875 0.053125 0.059375
0 1.15546875 0.17734375 0.0453125 0.0515625
0 1.109375 0.14375 0.04375 0.05
0 1.0234375 0.1640625 0.05 0.059375
0 0.94140625 0.1125 0.0453125 0.053125
0 0.88359375 0.14140625 0.0484375 0.0515625
0 0.8484375 0.20625 0.05625 0.065625
0 0.8 0.1390625 0.04375 0.0625
0 0.703125 0.10703125 0.046875 0.0453125
0 0.62578125 0.10546875 0.0484375 0.0546875
0 0.54765625 0.12890625 0.0484375 0.0546875
0 0.47890625 0.1671875 0.0546875 0.05625
