0 0.04921875 0.74296875 0.0203125 0.0296875
0 0.06875 0.6421875 0.021875 0.028125
0 0.12578125 0.6875 0.0171875 0.028125
0 0.15546875 0.63125 0.0234375 0.028125
0 0.18671875 0.6703125 0.0234375 0.03125
0 0.07109375 0.29765625 0.0171875 0.0234375
0 0.13046875 0.30546875 0.0171875 0.0203125
0 0.11171875 0.35234375 0.0171875 0.0203125
0 0.134375 0.36484375 0.015625 0.0203125
0 0.0171875 0.46875 0.021875 0.028125
0 0.05625 0.38515625 0.0125 0.0171875
0 0.5703125 0.78359375 0.028125 0.0328125
0 0.09140625 0.74296875 0.0265625 0.0296875
0 0.0390625 0.4109375 0.01875 0.028125
0 0.17109375 0.27578125 0.0234375 0.0359375
0 0.28828125 0.23359375 0.0171875 0.0203125
0 0.31328125 0.25078125 0.0171875 0.0234375
0 0.4609375 0.43046875 0.015625 0.0171875
0 0.4765625 0.42421875 0.009375 0.0140625
0 0.48125 0.44375 0.0125 0.01875
0 0.3125 0.1234375 0.009375 0.01875
0 0.3015625 0.140625 0.009375 0.01875
0 0.328125 0.128125 0.0125 0.021875
0 0.35703125 0.11328125 0.0140625 0.0234375
0 0.28359375 0.046875 0.0203125 0.025
0 0.2046875 0.10703125 0.009375 0.0140625
0 0.2265625 0.10625 0.009375 0.015625
0 1.09921875 0.4625 0.0171875 0.025
0 1.115625 0.4734375 0.015625 0.021875
0 0.959375 0.42265625 0.0125 0.0265625
0 1.025 0.37734375 0.015625 0.0171875
0 1.09375 0.696875 0.0125 0.021875
0 1.08359375 0.6578125 0.0109375 0.015625
0 1.11328125 0.6828125 0.0171875 0.01875
0 1.1234375 0.61328125 0.015625 0.0203125
0 1.0765625 0.5640625 0.015625 0.03125
0 0.98671875 0.55 0.0140625 0.021875
0 1.22890625 0.740625 0.0203125 0.025
0 1.28984375 0.646875 0.0203125 0.028125
0 1.0484375 0.74765625 0.028125 0.0296875
0 1.08828125 0.74453125 0.0203125 0.0265625
0 1.33125 0.60703125 0.01875 0.0203125
0 1.34140625 0.3328125 0.0171875 0.025
0 1.41171875 0.2828125 0.0203125 0.025
0 1.32890625 0.32265625 0.0171875 0.0203125
0 1.31875 0.3140625 0.01875 0.01875
0 1.32109375 0.29453125 0.0234375 0.0265625
0 1.47421875 0.70390625 0.0140625 0.0234375
0 1.29765625 0.76484375 0.0109375 0.0140625
0 1.28359375 0.73984375 0.0109375 0.0203125
0 1.5421875 0.17421875 0.015625 0.0171875
0 1.58515625 0.20390625 0.0171875 0.0203125
0 0.64453125 0.228125 0.0203125 0.025
0 0.61015625 0.10390625 0.0171875 0.0203125
0 0.92734375 0.23359375 0.0171875 0.0203125
0 0.8875 0.6109375 0.015625 0.021875
0 0.94140625 0.6109375 0.0109375 0.01875
0 0.9625 0.61484375 0.009375 0.0140625
0 0.978125 0.590625 0.015625 0.021875
0 0.5109375 0.1203125 0.015625 0.021875
0 0.53984375 0.1734375 0.0140625 0.01875
0 0.50859375 0.36484375 0.0140625 0.0171875
0 0.55 0.34765625 0.015625 0.0234375
0 0.57734375 0.3765625 0.0109375 0.01875
0 0.578125 0.3421875 0.015625 0.021875
0 0.6703125 0.32890625 0.01875 0.0203125
0 0.7375 0.42109375 0.021875 0.0265625
0 0.82109375 0.4359375 0.0203125 0.025
0 0.91640625 0.29296875 0.0109375 0.0171875
0 0.64296875 0.39765625 0.0171875 0.0203125
0 0.63828125 0.5875 0.0140625 0.028125
0 0.65 0.57265625 0.015625 0.0171875
0 0.6671875 0.55078125 0.0125 0.0203125
0 0.540625 0.43359375 0.0125 0.0203125
0 0.5203125 0.45234375 0.0125 0.0109375
0 0.5796875 0.46015625 0.0125 0.0203125
0 1.1015625 0.03984375 0.0125 0.0203125
0 1.1109375 0.01796875 0.009375 0.0171875
0 1.13671875 0.03046875 0.0140625 0.0171875
0 1.50234375 0.66171875 0.0140625 0.0171875
0 1.54765625 0.6453125 0.0109375 0.01875
0 1.43828125 0.571875 0.0171875 0.01875
0 1.3984375 0.3859375 0.021875 0.01875
0 1.3625 0.178125 0.0125 0.015625
0 1.3765625 0.17890625 0.0125 0.0140625
0 0.1828125 0.33359375 0.015625 0.0234375
0 0.11796875 0.17265625 0.0109375 0.0140625
0 0.14296875 0.1421875 0.0109375 0.01875
0 0.18828125 0.11796875 0.0109375 0.0171875
0 0.034375 0.11875 0.0125 0.021875
0 0.64765625 0.7203125 0.0171875 0.021875
0 0.7390625 0.44921875 0.0125 0.0265625
0 0.78046875 0.4671875 0.0140625 0.01875
0 0.79375 0.47890625 0.009375 0.0203125
0 0.6015625 0.47265625 0.015625 0.0171875
0 0.496875 0.12109375 0.009375 0.0171875
0 0.77578125 0.284375 0.0203125 0.021875
0 0.865625 0.20390625 0.0125 0.0203125
0 1.021875 0.34765625 0.0125 0.0203125
0 1.0234375 0.478125 0.021875 0.028125
0 0.790625 0.43828125 0.015625 0.0234375
0 0.9328125 0.3875 0.009375 0.009375
0 0.85703125 0.5875 0.0140625 0.01875
0 0.87890625 0.5546875 0.0109375 0.01875
0 1.0125 0.55234375 0.015625 0.0171875
0 1.02265625 0.62265625 0.0171875 0.0265625
0 1.04921875 0.62578125 0.0171875 0.0234375
0 1.0640625 0.6203125 0.015625 0.021875
0 0.66953125 0.29453125 0.0171875 0.0203125
0 0.66875 0.29453125 0.015625 0.0203125
0 0.69375 0.29375 0.01875 0.01875
0 0.9203125 0.39453125 0.015625 0.0171875
0 0.4453125 0.55 0.015625 0.021875
0 1.57109375 0.51171875 0.0171875 0.0203125
0 1.315625 0.78125 0.01875 0.021875
0 1.29609375 0.32421875 0.0171875 0.0171875
0 1.09609375 0.49765625 0.0171875 0.0234375
0 1.24453125 0.6640625 0.0109375 0.015625
0 1.58984375 0.48828125 0.0109375 0.0140625
0 0.9953125 0.446875 0.0125 0.021875
0 1.0390625 0.44296875 0.0125 0.0203125
0 1.05390625 0.48515625 0.0203125 0.0265625
0 1.059375 0.4375 0.015625 0.025
0 1.09453125 0.53515625 0.0203125 0.0234375
0 1.04921875 0.3953125 0.0203125 0.025
0 1.06953125 0.4015625 0.0140625 0.01875
0 1.1140625 0.4171875 0.021875 0.025
0 0.81796875 0.525 0.0109375 0.01875
0 0.73125 0.38359375 0.015625 0.0234375
0 0.7578125 0.3703125 0.015625 0.021875
0 0.7953125 0.371875 0.021875 0.028125
0 0.81640625 0.37109375 0.0140625 0.0234375
0 0.83515625 0.3796875 0.0109375 0.015625
0 0.84609375 0.42734375 0.0171875 0.0140625
0 0.94453125 0.384375 0.0109375 0.015625
0 0.00703125 0.63046875 0.0140625 0.0234375
0 0.003125 0.659375 0.00625 0.015625
0 0.396875 0.61796875 0.025 0.0234375
0 0.00390625 0.58828125 0.0078125 0.0203125
0 0.01171875 0.4203125 0.0203125 0.025
0 0.090625 0.4515625 0.01875 0.028125
0 0.00625 0.35234375 0.0125 0.0265625
0 0.009375 0.25390625 0.01875 0.0265625
0 0.35546875 0.30234375 0.0171875 0.0171875
0 0.5984375 0.5765625 0.021875 0.021875
0 0.496875 0.5375 0.01875 0.025
0 0.00390625 0.11171875 0.0078125 0.0296875
0 0.18359375 0.17109375 0.0078125 0.0171875
0 0.16484375 0.1078125 0.0109375 0.015625
0 0.565625 0.33671875 0.0125 0.0203125
0 0.51953125 0.43203125 0.0203125 0.0203125
0 1.0828125 0.3578125 0.01875 0.021875
0 1.14453125 0.36640625 0.0109375 0.0171875
0 1.30859375 0.69765625 0.0109375 0.0171875
0 1.3 0.65 0.009375 0.021875
0 1.509375 0.68671875 0.025 0.0234375
0 1.55 0.71015625 0.025 0.0296875
0 1.57265625 0.675 0.0265625 0.028125
0 1.57421875 0.61640625 0.0234375 0.0234375
0 1.5484375 0.61796875 0.0125 0.0203125
0 1.528125 0.61796875 0.025 0.0234375
0 1.50078125 0.6296875 0.0171875 0.01875
0 1.48515625 0.6484375 0.0203125 0.028125
0 1.4375 0.665625 0.01875 0.028125
0 1.365625 0.515625 0.015625 0.01875
0 1.23203125 0.6890625 0.0109375 0.021875
0 1.29609375 0.571875 0.0109375 0.01875
0 1.33671875 0.50703125 0.0109375 0.0140625
0 1.33125 0.57734375 0.009375 0.0140625
0 1.41328125 0.56953125 0.0140625 0.0296875
0 1.34453125 0.58671875 0.0140625 0.0234375
0 1.35625 0.5796875 0.015625 0.021875
0 1.3703125 0.6 0.021875 0.025
0 1.309375 0.6 0.0125 0.01875
0 1.31953125 0.45078125 0.0203125 0.0234375
0 1.33671875 0.45078125 0.0171875 0.0234375
0 1.3546875 0.4484375 0.015625 0.01875
0 1.30703125 0.4140625 0.0171875 0.01875
0 1.32890625 0.409375 0.0203125 0.025
0 1.35 0.4 0.021875 0.028125
0 1.3875 0.48515625 0.01875 0.0203125
0 1.4203125 0.46328125 0.015625 0.0265625
0 1.41015625 0.4390625 0.0234375 0.025
0 1.39296875 0.44296875 0.0109375 0.0203125
0 1.40625 0.40234375 0.01875 0.0234375
0 1.2875 0.403125 0.01875 0.021875
0 1.47890625 0.57265625 0.0171875 0.0234375
0 1.48203125 0.603125 0.0203125 0.021875
0 1.575 0.57109375 0.015625 0.0234375
0 1.534375 0.509375 0.01875 0.025
0 1.5625 0.53046875 0.01875 0.0234375
0 1.57578125 0.52734375 0.0171875 0.0265625
0 1.59296875 0.52890625 0.0140625 0.0234375
0 1.58046875 0.4875 0.0140625 0.0125
0 1.10546875 0.28515625 0.0203125 0.0234375
0 1.11015625 0.26484375 0.0171875 0.0171875
0 1.15078125 0.26875 0.0203125 0.01875
0 1.17734375 0.2515625 0.0203125 0.028125
0 1.13359375 0.3078125 0.0234375 0.025
0 1.09453125 0.0953125 0.0171875 0.021875
0 1.0828125 0.05546875 0.015625 0.0203125
0 1.0515625 0.040625 0.015625 0.01875
0 1.140625 0.0671875 0.0125 0.01875
0 1.1546875 0.03359375 0.015625 0.0140625
0 1.17265625 0.03515625 0.0109375 0.0140625
0 0.8859375 0.15234375 0.0125 0.0203125
0 0.86875 0.1828125 0.0125 0.01875
0 0.8578125 0.215625 0.0125 0.01875
0 0.86953125 0.2265625 0.0171875 0.01875
0 0.0578125 0.0234375 0.0125 0.01875
0 0.03828125 0.015625 0.0109375 0.01875
0 0.45234375 0.178125 0.0140625 0.01875
0 0.4515625 0.215625 0.015625 0.025
0 1.228125 0.01796875 0.015625 0.0171875
0 1.59140625 0.11953125 0.0140625 0.0203125
0 1.5703125 0.06328125 0.015625 0.0203125
0 1.559375 0.05234375 0.009375 0.0203125
0 1.54609375 0.075 0.0171875 0.021875
0 1.52890625 0.08203125 0.0171875 0.0203125
0 1.47578125 0.009375 0.0203125 0.01875
0 1.5328125 0.00859375 0.015625 0.0171875
0 1.58515625 0.01015625 0.0171875 0.0203125
0 1.43984375 0.01328125 0.0171875 0.0203125
0 1.49296875 0.046875 0.0109375 0.015625
0 1.50703125 0.04765625 0.0171875 0.0203125
0 1.40625 0.11875 0.015625 0.01875
0 1.44296875 0.1515625 0.0171875 0.01875
0 1.4828125 0.15 0.015625 0.021875
0 1.40546875 0.1546875 0.0109375 0.01875
0 1.37890625 0.15625 0.0140625 0.021875
0 1.396875 0.18203125 0.01875 0.0203125
0 1.409375 0.18125 0.0125 0.021875
0 1.4234375 0.1953125 0.015625 0.01875
0 1.46171875 0.2015625 0.0140625 0.01875
0 1.446875 0.21875 0.015625 0.021875
0 1.42578125 0.21953125 0.0203125 0.0203125
0 1.359375 0.196875 0.009375 0.015625
0 1.3734375 0.2078125 0.015625 0.01875
0 1.4984375 0.19296875 0.00625 0.0109375
0 1.5328125 0.2234375 0.01875 0.01875
0 1.4421875 0.25390625 0.01875 0.0203125
0 1.3734375 0.2265625 0.0125 0.01875
0 1.4203125 0.15390625 0.009375 0.0140625
0 1.42421875 0.28984375 0.0203125 0.0234375
0 1.4265625 0.415625 0.015625 0.01875
0 1.26796875 0.35703125 0.0140625 0.0203125
0 1.28046875 0.36796875 0.0171875 0.0203125
0 1.35625 0.296875 0.015625 0.021875
0 1.259375 0.32890625 0.0125 0.0140625
0 1.234375 0.28046875 0.009375 0.0140625
0 1.24375 0.29921875 0.009375 0.0171875
0 1.2734375 0.3171875 0.009375 0.015625
0 1.31484375 0.33671875 0.0140625 0.0171875
0 1.325 0.36171875 0.015625 0.0171875
0 0.29609375 0.78203125 0.0234375 0.0203125
0 0.27890625 0.75390625 0.0234375 0.0234375
0 0.365625 0.76171875 0.025 0.0234375
0 0.390625 0.75546875 0.015625 0.0171875
0 0.4109375 0.7625 0.0125 0.015625
0 0.5125 0.7671875 0.021875 0.021875
0 0.46328125 0.7125 0.0265625 0.028125
0 0.37421875 0.67734375 0.0234375 0.0328125
0 0.428125 0.68203125 0.021875 0.0265625
0 0.5703125 0.70703125 0.015625 0.0265625
0 0.6109375 0.721875 0.025 0.025
0 0.54453125 0.6265625 0.0234375 0.028125
0 0.24140625 0.60703125 0.0234375 0.0296875
0 0.31328125 0.59765625 0.0265625 0.0328125
0 0.03046875 0.48828125 0.0171875 0.0265625
0 0.0640625 0.509375 0.01875 0.025
0 0.09296875 0.50703125 0.0234375 0.0265625
0 0.2 0.48203125 0.021875 0.0265625
0 0.15390625 0.4359375 0.0234375 0.03125
0 0.61640625 0.6015625 0.0234375 0.03125
0 0.51953125 0.55625 0.0234375 0.03125
0 0.5453125 0.54296875 0.01875 0.0265625
0 0.45234375 0.48515625 0.0171875 0.0234375
0 0.50859375 0.49453125 0.0203125 0.0234375
0 0.52421875 0.4796875 0.0234375 0.028125
0 0.640625 0.7078125 0.0125 0.021875
0 0.7171875 0.70546875 0.025 0.0265625
0 0.6875 0.6640625 0.021875 0.025
0 0.028125 0.08515625 0.009375 0.0171875
0 0.1765625 0.090625 0.01875 0.021875
0 0.2421875 0.09140625 0.01875 0.0234375
0 0.2671875 0.1015625 0.015625 0.021875
0 0.31796875 0.0984375 0.0203125 0.025
0 0.28984375 0.13203125 0.0203125 0.0234375
0 0.28984375 0.17265625 0.0234375 0.0265625
0 0.10703125 0.18828125 0.0171875 0.0265625
0 0.36640625 0.21328125 0.0171875 0.0265625
0 0.053125 0.3328125 0.025 0.028125
0 0.07421875 0.365625 0.0234375 0.025
0 0.38203125 0.30390625 0.0234375 0.0234375
0 0.38515625 0.253125 0.0171875 0.01875
0 0.278125 0.246875 0.01875 0.021875
0 0.23515625 0.16953125 0.0171875 0.0203125
0 0.20390625 0.1453125 0.0234375 0.015625
0 0.3546875 0.1390625 0.01875 0.01875
0 0.31328125 0.19140625 0.0171875 0.0203125
0 0.2921875 0.10390625 0.01875 0.0203125
0 0.6125 0.53359375 0.0125 0.0203125
0 0.6953125 0.546875 0.021875 0.025
0 0.69921875 0.59375 0.0234375 0.021875
0 0.77890625 0.715625 0.0234375 0.03125
0 0.84453125 0.71171875 0.0234375 0.0296875
0 0.8859375 0.7765625 0.025 0.025
0 0.91484375 0.7015625 0.0234375 0.03125
0 0.91875 0.65703125 0.021875 0.0328125
0 0.8671875 0.653125 0.025 0.028125
0 0.83828125 0.62109375 0.0171875 0.0265625
0 0.81796875 0.6125 0.0234375 0.028125
0 0.7421875 0.63203125 0.025 0.0234375
0 0.753125 0.6671875 0.021875 0.03125
0 0.93203125 0.615625 0.0171875 0.028125
0 0.909375 0.5859375 0.01875 0.021875
0 0.86171875 0.55625 0.0171875 0.021875
0 0.80234375 0.52109375 0.0234375 0.0296875
0 0.7734375 0.5671875 0.0125 0.028125
0 0.7515625 0.50859375 0.021875 0.0234375
0 0.77578125 0.4921875 0.0203125 0.025
0 0.71953125 0.49609375 0.0234375 0.0265625
0 0.66328125 0.4796875 0.0234375 0.03125
0 0.575 0.43515625 0.015625 0.0234375
0 0.6 0.3953125 0.01875 0.021875
0 0.50859375 0.30703125 0.0171875 0.0234375
0 0.56953125 0.303125 0.0203125 0.025
0 0.640625 0.309375 0.021875 0.025
0 0.59453125 0.334375 0.0203125 0.021875
0 0.63125 0.384375 0.01875 0.021875
0 0.70546875 0.434375 0.0234375 0.025
0 0.67734375 0.4359375 0.0171875 0.01875
0 0.81328125 0.475 0.0234375 0.028125
0 0.87265625 0.4640625 0.0140625 0.028125
0 0.74921875 0.3859375 0.0171875 0.025
0 0.7953125 0.34140625 0.021875 0.0265625
0 0.70234375 0.3109375 0.0265625 0.03125
0 0.68203125 0.3703125 0.0140625 0.01875
0 0.75546875 0.45390625 0.0109375 0.0171875
0 0.90703125 0.45234375 0.0203125 0.0234375
0 0.89453125 0.4046875 0.0171875 0.028125
0 0.9046875 0.38125 0.01875 0.021875
0 0.88359375 0.346875 0.0140625 0.025
0 0.8515625 0.31171875 0.015625 0.0265625
0 0.76875 0.31015625 0.01875 0.0234375
0 0.84453125 0.4484375 0.0171875 0.021875
0 0.40390625 0.01171875 0.0171875 0.0171875
0 0.46875 0.03359375 0.01875 0.0203125
0 0.52578125 0.025 0.0203125 0.021875
0 0.60234375 0.02421875 0.0109375 0.0171875
0 0.434375 0.06875 0.015625 0.021875
0 0.459375 0.1125 0.015625 0.01875
0 0.52578125 0.078125 0.0109375 0.01875
0 0.58515625 0.07578125 0.0203125 0.0234375
0 0.41953125 0.15234375 0.0203125 0.0234375
0 0.42421875 0.1203125 0.0109375 0.015625
0 0.434375 0.12578125 0.0125 0.0171875
0 0.409375 0.1109375 0.0125 0.01875
0 0.475 0.17734375 0.015625 0.0234375
0 0.5046875 0.1828125 0.015625 0.021875
0 0.509375 0.15 0.01875 0.01875
0 0.48828125 0.15625 0.0140625 0.01875
0 0.48515625 0.24453125 0.0203125 0.0265625
0 0.52890625 0.2640625 0.0203125 0.028125
0 0.5265625 0.23984375 0.015625 0.0171875
0 0.559375 0.1734375 0.01875 0.021875
0 0.584375 0.140625 0.01875 0.025
0 0.62109375 0.125 0.0140625 0.01875
0 0.6359375 0.171875 0.0125 0.01875
0 0.61796875 0.1515625 0.0140625 0.01875
0 0.62265625 0.165625 0.0109375 0.01875
0 0.62734375 0.2328125 0.0203125 0.021875
0 0.63046875 0.2578125 0.0203125 0.028125
0 0.6765625 0.22890625 0.01875 0.0265625
0 0.6890625 0.25859375 0.01875 0.0265625
0 0.6984375 0.240625 0.015625 0.025
0 0.7375 0.26171875 0.021875 0.0265625
0 0.73671875 0.23359375 0.0203125 0.0234375
0 0.80390625 0.27109375 0.0203125 0.0234375
0 0.86328125 0.26015625 0.0203125 0.0265625
0 0.8453125 0.2234375 0.01875 0.025
0 1.065625 0.2421875 0.01875 0.01875
0 1.08671875 0.31328125 0.0203125 0.0265625
0 0.94609375 0.7703125 0.0234375 0.03125
0 0.97734375 0.77109375 0.0171875 0.0265625
0 0.97734375 0.61953125 0.0203125 0.0265625
0 0.9546875 0.59765625 0.015625 0.0203125
0 1.0078125 0.60078125 0.01875 0.0265625
0 1.01484375 0.575 0.0171875 0.021875
0 1.05 0.578125 0.01875 0.025
0 1.11796875 0.7046875 0.0140625 0.028125
0 1.20546875 0.7078125 0.0140625 0.025
0 1.140625 0.6546875 0.021875 0.028125
0 0.98203125 0.571875 0.0140625 0.01875
0 0.809375 0.6703125 0.025 0.025
0 1.0421875 0.51953125 0.0125 0.0203125
0 1.053125 0.521875 0.021875 0.025
0 0.965625 0.509375 0.0125 0.025
0 0.94375 0.46953125 0.01875 0.0265625
0 0.9671875 0.47265625 0.015625 0.0234375
0 1.48046875 0.27890625 0.0421875 0.0421875
0 1.165625 0.06015625 0.021875 0.0265625
