0 0.0390625 0.1265625 0.025 0.03125
0 0.09765625 0.1453125 0.0203125 0.03125
0 0.14609375 0.13359375 0.0234375 0.0328125
0 0.12890625 0.0921875 0.0203125 0.025
0 0.18359375 0.0828125 0.0265625 0.03125
0 0.22421875 0.096875 0.0234375 0.028125
0 0.24296875 0.13046875 0.0234375 0.0265625
0 0.24921875 0.190625 0.0234375 0.025
0 0.23125 0.21328125 0.025 0.0359375
0 0.16875 0.1703125 0.025 0.0375
0 0.14296875 0.21484375 0.0265625 0.0359375
0 0.0796875 0.196875 0.025 0.025
0 0.05078125 0.2234375 0.0265625 0.034375
0 0.05390625 0.184375 0.0234375 0.028125
0 0.31015625 0.20390625 0.0234375 0.0234375
0 0.29296875 0.23203125 0.0234375 0.0328125
0 0.36328125 0.21484375 0.0265625 0.0359375
0 0.403125 0.1875 0.025 0.03125
0 0.43125 0.240625 0.025 0.03125
0 0.44921875 0.2046875 0.0234375 0.028125
0 0.38515625 0.13671875 0.0296875 0.0296875
0 0.32109375 0.12109375 0.0234375 0.0359375
0 0.3046875 0.06953125 0.025 0.0328125
0 0.37265625 0.07265625 0.0203125 0.0296875
0 0.43125 0.09765625 0.021875 0.0296875
0 0.46015625 0.115625 0.0265625 0.034375
0 0.47265625 0.07265625 0.0234375 0.0296875
0 0.53828125 0.09453125 0.0203125 0.0265625
0 0.5578125 0.1203125 0.025 0.03125
0 0.575 0.175 0.025 0.04375
0 0.515625 0.19140625 0.028125 0.0328125
0 0.51171875 0.23515625 0.0265625 0.0359375
0 0.58125 0.25078125 0.025 0.0359375
0 0.6234375 0.25 0.025 0.034375
0 0.56953125 0.33515625 0.0265625 0.0390625
0 0.65546875 0.3375 0.0296875 0.0375
0 0.75625 0.33671875 0.03125 0.0390625
0 0.846875 0.3375 0.028125 0.0375
0 0.796875 0.23203125 0.03125 0.0390625
0 0.74453125 0.26328125 0.0265625 0.0359375
0 0.70625 0.23828125 0.025 0.0296875
0 0.6703125 0.2265625 0.028125 0.034375
0 0.690625 0.19296875 0.025 0.0359375
0 0.62265625 0.19375 0.0234375 0.03125
0 0.621875 0.1328125 0.025 0.034375
0 0.66953125 0.1140625 0.0203125 0.03125
0 0.71015625 0.153125 0.0234375 0.03125
0 0.671875 0.07265625 0.025 0.0359375
0 0.58515625 0.06640625 0.0234375 0.0328125
0 0.7453125 0.0765625 0.025 0.034375
0 0.803125 0.06953125 0.025 0.0296875
0 0.81796875 0.10234375 0.0234375 0.0296875
0 0.8578125 0.08515625 0.021875 0.0265625
0 0.84765625 0.13984375 0.0234375 0.0265625
0 0.840625 0.190625 0.025 0.03125
0 0.8734375 0.175 0.01875 0.034375
0 0.7890625 0.1453125 0.025 0.0375
0 0.7546875 0.1140625 0.021875 0.03125
0 0.87890625 0.09765625 0.0171875 0.0296875
0 0.88828125 0.26484375 0.0203125 0.0359375
0 1.3390625 0.23671875 0.028125 0.0359375
0 1.403125 0.25234375 0.025 0.0265625
0 1.371875 0.21796875 0.025 0.0265625
0 1.46796875 0.2625 0.0234375 0.03125
0 1.53203125 0.24765625 0.0265625 0.0328125
0 1.590625 0.2546875 0.01875 0.0375
0 1.53046875 0.19609375 0.0265625 0.0359375
0 1.50546875 0.14453125 0.0234375 0.0265625
0 1.5578125 0.1203125 0.025 0.03125
0 1.58203125 0.0828125 0.0203125 0.028125
0 1.52109375 0.07578125 0.0203125 0.0234375
0 1.45625 0.08203125 0.025 0.0296875
0 1.40859375 0.1046875 0.0203125 0.025
0 1.4328125 0.14609375 0.025 0.0296875
0 1.43671875 0.1734375 0.0234375 0.03125
0 1.3765625 0.14375 0.01875 0.028125
0 1.296875 0.125 0.021875 0.03125
0 1.3296875 0.09453125 0.021875 0.0265625
0 1.25078125 0.06484375 0.0265625 0.0328125
0 1.21640625 0.0984375 0.0234375 0.028125
0 1.234375 0.1234375 0.025 0.034375
0 1.23984375 0.190625 0.0265625 0.034375
0 1.2859375 0.19765625 0.025 0.0359375
0 1.2265625 0.221875 0.025 0.0375
0 1.16328125 0.128125 0.0265625 0.034375
0 1.16875 0.0875 0.025 0.028125
0 1.1234375 0.07890625 0.025 0.0296875
0 1.08359375 0.07421875 0.0234375 0.0328125
0 1.11015625 0.12265625 0.0234375 0.0296875
0 1.1578125 0.1953125 0.025 0.0375
0 1.09453125 0.2078125 0.0265625 0.034375
0 1.10703125 0.265625 0.0265625 0.034375
0 1.02421875 0.25625 0.0265625 0.034375
0 0.96953125 0.2484375 0.0265625 0.034375
0 0.9828125 0.17734375 0.025 0.0390625
0 0.9453125 0.12109375 0.025 0.0390625
0 0.96484375 0.08515625 0.0234375 0.0296875
0 0.9265625 0.08671875 0.021875 0.0328125
0 0.9125 0.1921875 0.01875 0.034375
0 0.93125 0.33671875 0.03125 0.0390625
0 1.01953125 0.07109375 0.0234375 0.0328125
0 1.0484375 0.11171875 0.021875 0.0328125
0 1.0296875 0.13828125 0.021875 0.0296875
0 1.1828125 0.253125 0.025 0.025
0 0.06484375 0.0796875 0.0234375 0.03125
0 0.00625 0.18046875 0.0125 0.0296875
0 0.76015625 0.20625 0.0265625 0.028125
