0 0.58984375 0.1078125 0.0734375 0.08125
0 0.503125 0.1046875 0.059375 0.06875
0 0.42578125 0.0578125 0.0765625 0.090625
0 0.33203125 0.0796875 0.0796875 0.103125
0 0.97734375 0.13125 0.0578125 0.059375
0 1.05390625 0.253125 0.0609375 0.065625
0 0.86875 0.14765625 0.059375 0.0609375
0 0.6734375 0.1390625 0.065625 0.08125
0 0.71953125 0.14375 0.0578125 0.06875
0 0.8375 0.28828125 0.065625 0.0703125
0 1.48359375 0.253125 0.0515625 0.05625
0 1.32265625 0.2015625 0.0609375 0.059375
0 1.171875 0.1359375 0.059375 0.065625
0 1.07890625 0.46640625 0.0640625 0.0734375
0 0.96875 0.5015625 0.071875 0.090625
0 0.77265625 0.515625 0.0734375 0.084375
0 1.35859375 0.47890625 0.0640625 0.0703125
