0 0.21484375 0.4140625 0.0609375 0.071875
0 0.31796875 0.43671875 0.0578125 0.0703125
0 0.44296875 0.45859375 0.0578125 0.0703125
0 0.5265625 0.36484375 0.053125 0.0734375
0 0.5578125 0.46015625 0.04375 0.0546875
0 0.6125 0.43984375 0.05625 0.0734375
0 0.69375 0.39921875 0.053125 0.0671875
0 0.7546875 0.43359375 0.0375 0.0453125
0 0.9109375 0.4640625 0.05625 0.0625
0 1.021875 0.41953125 0.046875 0.0609375
0 1.115625 0.38828125 0.053125 0.0671875
0 1.23203125 0.409375 0.0515625 0.065625
0 1.28828125 0.3421875 0.0484375 0.05
0 1.37578125 0.4453125 0.0453125 0.06875
0 1.3140625 0.65234375 0.040625 0.0515625
0 1.1265625 0.615625 0.046875 0.05
0 1.03359375 0.60625 0.0484375 0.05625
