0 1.2640625 0.88671875 0.03125 0.0421875
0 1.36015625 0.53828125 0.0265625 0.0328125
0 1.24375 0.52265625 0.028125 0.0296875
0 1.1671875 0.6078125 0.015625 0.034375
0 1.01328125 0.5390625 0.0265625 0.03125
0 1.134375 0.51171875 0.028125 0.0359375
0 0.9171875 0.5765625 0.03125 0.0375
0 0.915625 0.51875 0.025 0.028125
0 0.15703125 0.634375 0.0234375 0.034375
0 0.08359375 0.6328125 0.0234375 0.034375
0 0.1984375 0.58984375 0.025 0.0296875
0 0.24296875 0.52890625 0.0265625 0.0296875
0 0.33046875 0.55390625 0.0203125 0.0234375
0 0.140625 0.53984375 0.025 0.0328125
0 0.58984375 0.5515625 0.0296875 0.034375
0 0.76875 0.6140625 0.034375 0.034375
0 0.64453125 0.496875 0.0234375 0.021875
0 0.07578125 0.5765625 0.0328125 0.034375
0 0.32109375 0.60078125 0.0390625 0.0390625
0 0.37890625 0.575 0.0296875 0.034375
0 0.40078125 0.640625 0.0296875 0.034375
0 0.75078125 0.54453125 0.0171875 0.0203125
0 0.70078125 0.58671875 0.0203125 0.0234375
0 1.2203125 0.52421875 0.01875 0.0296875
0 0.46640625 0.5703125 0.0234375 0.034375
0 0.93671875 0.5125 0.0234375 0.028125
0 0.87890625 0.5234375 0.0265625 0.025
0 0.55390625 0.5375 0.0265625 0.03125
