0 1.28828125 0.2765625 0.0734375 0.115625
0 1.2125 0.26328125 0.06875 0.0859375
0 1.13828125 0.2921875 0.0765625 0.09375
0 1.03984375 0.26640625 0.0609375 0.0765625
0 0.95625 0.29921875 0.065625 0.0859375
0 0.89296875 0.25390625 0.0578125 0.0796875
0 0.83046875 0.315625 0.0671875 0.09375
0 0.73828125 0.296875 0.0546875 0.06875
0 0.74765625 0.375 0.0515625 0.071875
0 0.62421875 0.35625 0.0484375 0.06875
0 0.65859375 0.290625 0.0515625 0.0625
0 0.53984375 0.346875 0.0515625 0.06875
0 0.53515625 0.284375 0.0484375 0.05625
0 0.38671875 0.29296875 0.0515625 0.0609375
0 0.4484375 0.33359375 0.046875 0.0640625
0 0.3484375 0.34453125 0.053125 0.0765625
0 0.18125 0.303125 0.05 0.0625
