0 0.18203125 0.47421875 0.0453125 0.0546875
0 0.265625 0.51015625 0.040625 0.0546875
0 0.38671875 0.44296875 0.0453125 0.0546875
0 0.44609375 0.4953125 0.0421875 0.053125
0 0.6046875 0.45546875 0.04375 0.0546875
0 0.67421875 0.48359375 0.0359375 0.0546875
0 0.79296875 0.45703125 0.0390625 0.0546875
0 0.8734375 0.4859375 0.040625 0.05625
0 1.003125 0.434375 0.0375 0.04375
0 1.06015625 0.46484375 0.0390625 0.0546875
0 1.20625 0.4640625 0.040625 0.05625
0 1.2765625 0.48515625 0.040625 0.0453125
0 1.378125 0.46953125 0.040625 0.0515625
0 1.43984375 0.45 0.0421875 0.05625
