0 1.5296875 0.4078125 0.021875 0.0375
0 1.45 0.4359375 0.0125 0.015625
0 1.38984375 0.41640625 0.0140625 0.0234375
0 1.296875 0.4390625 0.01875 0.025
0 1.19296875 0.42734375 0.0140625 0.0203125
0 1.171875 0.43125 0.015625 0.021875
0 1.13515625 0.425 0.0109375 0.01875
0 1.12734375 0.453125 0.0140625 0.021875
0 1.0984375 0.4171875 0.025 0.034375
0 1.04453125 0.42734375 0.0203125 0.0296875
0 1.034375 0.4203125 0.015625 0.01875
0 1.04609375 0.4125 0.0140625 0.01875
0 0.91953125 0.43203125 0.0171875 0.0234375
0 0.97890625 0.4359375 0.0140625 0.01875
0 0.93359375 0.4453125 0.0203125 0.028125
0 0.88515625 0.44453125 0.0171875 0.0234375
0 0.696875 0.41640625 0.034375 0.0515625
0 0.56484375 0.44140625 0.0265625 0.0484375
0 0.50625 0.47265625 0.028125 0.0578125
0 0.359375 0.56796875 0.05625 0.0921875
0 0.3578125 0.44375 0.0375 0.040625
0 0.2953125 0.3984375 0.04375 0.065625
0 0.1171875 0.403125 0.05 0.071875
0 0.1703125 0.4390625 0.025 0.025
0 0.4078125 0.44609375 0.015625 0.0203125
0 0.38359375 0.434375 0.0140625 0.021875
0 0.4640625 0.428125 0.01875 0.01875
0 1.471875 0.4453125 0.0125 0.01875
0 1.16484375 0.440625 0.0234375 0.028125
0 1.00078125 0.4328125 0.0140625 0.01875
0 0.85390625 0.4453125 0.0234375 0.034375
