0 0.2109375 0.49375 0.034375 0.040625
0 0.2609375 0.47421875 0.034375 0.0421875
0 0.32265625 0.465625 0.0328125 0.040625
0 0.36015625 0.44453125 0.0359375 0.0390625
0 0.39921875 0.48203125 0.0359375 0.0421875
0 0.44453125 0.45 0.0296875 0.040625
0 0.48984375 0.46015625 0.0296875 0.0390625
0 0.51171875 0.44921875 0.0234375 0.0359375
0 0.55703125 0.46328125 0.0296875 0.0328125
0 0.5875 0.4671875 0.028125 0.034375
0 0.63203125 0.45234375 0.0296875 0.0390625
0 0.67421875 0.45625 0.0234375 0.03125
0 0.678125 0.4953125 0.03125 0.0375
0 0.7109375 0.46953125 0.028125 0.0390625
0 0.728125 0.4296875 0.03125 0.0375
0 0.75703125 0.4390625 0.0296875 0.0375
0 0.78984375 0.44296875 0.0265625 0.0390625
0 0.76015625 0.5 0.0265625 0.040625
0 0.83125 0.46875 0.03125 0.04375
0 0.83515625 0.440625 0.0265625 0.034375
0 0.8625 0.45703125 0.028125 0.0390625
0 0.88828125 0.46640625 0.0328125 0.0390625
0 0.928125 0.47421875 0.034375 0.0421875
0 0.9625 0.43046875 0.03125 0.0359375
0 0.97890625 0.4890625 0.0296875 0.034375
0 1.01796875 0.45 0.0265625 0.0375
0 1.0421875 0.45234375 0.03125 0.0390625
0 1.09296875 0.44296875 0.0296875 0.0359375
0 1.121875 0.4828125 0.028125 0.040625
0 1.15703125 0.453125 0.0296875 0.04375
0 1.1796875 0.46796875 0.025 0.0390625
0 1.20703125 0.47109375 0.0296875 0.0421875
0 1.26328125 0.471875 0.0328125 0.040625
0 1.29296875 0.453125 0.0296875 0.034375
0 1.30234375 0.47890625 0.0265625 0.0390625
0 1.32109375 0.49765625 0.0296875 0.0421875
0 1.35859375 0.478125 0.0328125 0.040625
0 1.39296875 0.50234375 0.0328125 0.0421875
0 1.41015625 0.44375 0.0359375 0.046875
0 1.46640625 0.51640625 0.0328125 0.0453125
