0 0.415625 0.7140625 0.028125 0.0375
0 0.4734375 0.69765625 0.025 0.0390625
0 0.490625 0.678125 0.028125 0.0375
0 0.5234375 0.71953125 0.028125 0.0359375
0 0.5421875 0.6625 0.028125 0.034375
0 0.58359375 0.67109375 0.0234375 0.0359375
0 0.65546875 0.67890625 0.0265625 0.0296875
0 0.7234375 0.678125 0.025 0.028125
0 0.7984375 0.69921875 0.028125 0.0359375
0 0.846875 0.6703125 0.025 0.03125
0 0.77578125 0.83359375 0.0328125 0.0390625
0 0.734375 0.72421875 0.025 0.0359375
0 0.65703125 0.72421875 0.0296875 0.0359375
0 0.59453125 0.7296875 0.0296875 0.0375
0 0.6796875 0.82734375 0.03125 0.0390625
0 0.421875 0.66328125 0.03125 0.0359375
0 0.3203125 0.67265625 0.03125 0.0390625
0 0.29140625 0.709375 0.0296875 0.040625
0 0.22109375 0.690625 0.0359375 0.0375
0 0.15625 0.71953125 0.034375 0.0359375
0 0.21875 0.82421875 0.0375 0.0453125
0 0.32265625 0.85703125 0.0328125 0.0453125
0 0.45625 0.853125 0.03125 0.040625
0 0.57890625 0.83671875 0.0296875 0.0390625
0 1.41875 0.66953125 0.03125 0.0421875
0 1.33984375 0.67265625 0.0328125 0.0421875
0 1.29453125 0.6703125 0.0296875 0.0375
0 1.246875 0.69921875 0.028125 0.0390625
0 1.221875 0.68203125 0.028125 0.0359375
0 1.184375 0.696875 0.028125 0.0375
0 1.13671875 0.71171875 0.0296875 0.0359375
0 1.09765625 0.69140625 0.0296875 0.0359375
0 1.05625 0.7109375 0.028125 0.03125
0 1.01953125 0.69375 0.0265625 0.03125
0 0.9703125 0.65546875 0.028125 0.0328125
0 0.92890625 0.67578125 0.0265625 0.0359375
0 0.97265625 0.70703125 0.0296875 0.0359375
0 0.8828125 0.72578125 0.028125 0.0359375
0 1.06953125 0.821875 0.0328125 0.04375
0 1.215625 0.8453125 0.034375 0.040625
0 1.315625 0.84921875 0.0375 0.0453125
0 0.965625 0.83828125 0.034375 0.0359375
0 0.86875 0.83515625 0.03125 0.0390625
