0 0.33515625 0.1515625 0.0609375 0.0875
0 0.39140625 0.2453125 0.0671875 0.09375
0 0.58203125 0.13125 0.0609375 0.084375
0 0.59296875 0.23984375 0.0671875 0.0890625
0 0.3703125 0.3875 0.071875 0.09375
0 0.57109375 0.3984375 0.0640625 0.09375
0 0.8 0.2640625 0.059375 0.08125
0 0.828125 0.12734375 0.059375 0.0890625
0 0.81953125 0.42421875 0.0703125 0.0859375
0 1.0796875 0.1625 0.05625 0.084375
0 1.31171875 0.18046875 0.0640625 0.0828125
0 1.2375 0.2578125 0.06875 0.09375
0 1.0296875 0.2515625 0.075 0.096875
0 1.05234375 0.434375 0.0703125 0.09375
0 1.27265625 0.3703125 0.0734375 0.1
