0 0.80546875 0.5234375 0.0421875 0.053125
0 0.95390625 0.51875 0.0421875 0.053125
0 1.05859375 0.53125 0.0421875 0.053125
0 1.21484375 0.52265625 0.0421875 0.0578125
0 1.17890625 0.48203125 0.0390625 0.0546875
0 1.15390625 0.43515625 0.0296875 0.0421875
0 1.22109375 0.428125 0.0328125 0.046875
0 1.22265625 0.38046875 0.0328125 0.0421875
0 1.19765625 0.340625 0.0296875 0.03125
0 1.23984375 0.32734375 0.0234375 0.0359375
0 1.15078125 0.3515625 0.0296875 0.040625
0 1.14921875 0.321875 0.0265625 0.028125
0 1.1015625 0.32578125 0.025 0.0359375
0 1.1015625 0.39765625 0.025 0.0359375
0 1.1078125 0.371875 0.025 0.03125
0 1.0625 0.41953125 0.03125 0.0453125
0 1.0453125 0.38984375 0.025 0.0328125
0 1.02109375 0.34140625 0.0265625 0.0359375
0 1.00625 0.3828125 0.034375 0.040625
0 0.9890625 0.43046875 0.025 0.0421875
0 1.078125 0.48359375 0.034375 0.0421875
0 0.971875 0.4625 0.03125 0.0375
0 0.93515625 0.40859375 0.0265625 0.0359375
0 0.96875 0.37578125 0.028125 0.0390625
0 0.9296875 0.3546875 0.025 0.03125
0 0.93984375 0.32109375 0.0234375 0.0265625
0 0.8890625 0.3171875 0.025 0.03125
0 0.88203125 0.359375 0.0265625 0.0375
0 0.88359375 0.41484375 0.0359375 0.0453125
0 0.85078125 0.45859375 0.0328125 0.0484375
0 0.8328125 0.41015625 0.028125 0.0421875
0 0.82578125 0.34765625 0.0265625 0.0390625
0 0.7953125 0.36640625 0.03125 0.0390625
0 0.7828125 0.41796875 0.03125 0.0421875
0 0.72265625 0.45859375 0.0390625 0.0453125
0 0.69609375 0.54609375 0.0390625 0.0546875
0 0.66796875 0.415625 0.0359375 0.04375
0 0.54765625 0.55625 0.0359375 0.046875
0 0.6078125 0.51875 0.040625 0.053125
0 0.59453125 0.45078125 0.0359375 0.0390625
0 0.58984375 0.40625 0.0328125 0.040625
0 0.6296875 0.4015625 0.03125 0.040625
0 0.64609375 0.33515625 0.0234375 0.0359375
0 0.6921875 0.353125 0.03125 0.040625
0 0.721875 0.32890625 0.025 0.0328125
0 0.73671875 0.3765625 0.0265625 0.0375
0 0.59140625 0.34921875 0.0265625 0.0359375
0 0.5609375 0.30859375 0.028125 0.0359375
0 0.52734375 0.38125 0.0296875 0.034375
0 0.50625 0.4109375 0.034375 0.040625
0 0.53125 0.4484375 0.03125 0.04375
0 0.51015625 0.5 0.0390625 0.05
0 0.4875 0.45625 0.03125 0.040625
0 0.45234375 0.44375 0.0359375 0.05
0 0.421875 0.45546875 0.025 0.0453125
0 0.39609375 0.46484375 0.0359375 0.0421875
0 0.35703125 0.453125 0.0390625 0.053125
0 0.3484375 0.41015625 0.03125 0.0390625
0 0.38984375 0.36015625 0.0265625 0.0421875
0 0.42890625 0.3921875 0.0328125 0.046875
0 0.45234375 0.35234375 0.0296875 0.0359375
0 0.48671875 0.3421875 0.0296875 0.0375
0 0.43046875 0.315625 0.0296875 0.040625
0 0.44765625 0.540625 0.0421875 0.053125
0 0.4109375 0.51953125 0.0375 0.0390625
0 0.35078125 0.54140625 0.0359375 0.0578125
0 0.29765625 0.50625 0.0421875 0.05
0 0.2703125 0.446875 0.03125 0.04375
0 0.3015625 0.4234375 0.034375 0.04375
0 0.22265625 0.49140625 0.0421875 0.0484375
0 0.21015625 0.575 0.0421875 0.059375
0 0.13046875 0.5375 0.0421875 0.059375
0 0.08671875 0.54140625 0.0390625 0.0546875
0 0.6421875 0.29453125 0.025 0.0296875
0 0.725 0.28046875 0.03125 0.0328125
0 0.76171875 0.2703125 0.0203125 0.03125
0 0.8109375 0.2890625 0.025 0.034375
0 0.84453125 0.271875 0.0203125 0.03125
0 0.91796875 0.275 0.0203125 0.028125
0 0.9765625 0.2796875 0.025 0.034375
0 1.034375 0.3015625 0.025 0.034375
0 1.06953125 0.26015625 0.0203125 0.0328125
0 1.10859375 0.271875 0.0265625 0.034375
0 1.146875 0.25703125 0.025 0.0296875
0 1.20390625 0.2578125 0.0234375 0.034375
0 1.12109375 0.2328125 0.0203125 0.025
0 0.48828125 0.2359375 0.0265625 0.03125
0 0.5359375 0.25859375 0.021875 0.0296875
0 0.5625 0.28046875 0.028125 0.0296875
0 0.6109375 0.2390625 0.025 0.03125
0 0.59765625 0.2359375 0.0171875 0.021875
0 0.57578125 0.21171875 0.0203125 0.0234375
0 0.55390625 0.2203125 0.0203125 0.025
0 0.53359375 0.22578125 0.0203125 0.0265625
0 0.53046875 0.19609375 0.0171875 0.0203125
0 0.5546875 0.1859375 0.01875 0.021875
0 0.59296875 0.19765625 0.0171875 0.0203125
0 0.59765625 0.175 0.0171875 0.021875
0 0.58515625 0.1609375 0.0140625 0.01875
0 0.62421875 0.13828125 0.0140625 0.0171875
0 0.61953125 0.184375 0.0203125 0.025
0 0.646875 0.1796875 0.015625 0.021875
0 0.65625 0.16015625 0.015625 0.0171875
0 0.675 0.18046875 0.01875 0.0265625
0 0.7046875 0.2078125 0.021875 0.028125
0 0.7203125 0.240625 0.021875 0.028125
0 0.68515625 0.2453125 0.0203125 0.025
0 0.65859375 0.21015625 0.0234375 0.0265625
0 0.68671875 0.115625 0.0140625 0.01875
0 0.70703125 0.14375 0.0140625 0.01875
0 0.71953125 0.175 0.0171875 0.021875
0 0.7015625 0.17734375 0.0125 0.0171875
0 0.68828125 0.17109375 0.0109375 0.0140625
0 0.73046875 0.11796875 0.0140625 0.0171875
0 0.76171875 0.1671875 0.0140625 0.01875
0 0.73515625 0.16015625 0.0140625 0.0171875
0 0.76640625 0.13203125 0.0140625 0.0203125
0 0.78515625 0.1515625 0.0140625 0.01875
0 0.79453125 0.11015625 0.0140625 0.0171875
0 0.82265625 0.12890625 0.0140625 0.0171875
0 0.81640625 0.15546875 0.0140625 0.0203125
0 0.83515625 0.14453125 0.0140625 0.0171875
0 0.84609375 0.121875 0.0140625 0.015625
0 0.87109375 0.1328125 0.0140625 0.01875
0 0.88046875 0.23359375 0.0203125 0.0296875
0 0.8484375 0.22109375 0.01875 0.0296875
0 0.85234375 0.190625 0.0171875 0.021875
0 0.86953125 0.175 0.0171875 0.021875
0 0.75078125 0.23203125 0.0171875 0.0234375
0 0.93984375 0.246875 0.0203125 0.028125
0 1.00234375 0.25625 0.0203125 0.028125
0 1.04296875 0.2453125 0.0203125 0.025
0 0.98359375 0.21171875 0.0171875 0.0234375
0 0.95703125 0.20390625 0.0171875 0.0234375
0 0.91953125 0.22578125 0.0203125 0.0265625
0 0.90234375 0.2015625 0.0203125 0.025
0 0.92265625 0.17890625 0.0140625 0.0234375
0 0.91640625 0.15546875 0.0140625 0.0171875
0 0.90078125 0.14375 0.0140625 0.01875
0 0.86796875 0.15390625 0.0140625 0.0171875
0 0.890625 0.17265625 0.015625 0.0203125
0 0.8171875 0.20703125 0.015625 0.0203125
0 0.81171875 0.18515625 0.0140625 0.0140625
0 0.79296875 0.17421875 0.0140625 0.0140625
0 0.78515625 0.215625 0.0171875 0.025
0 0.80859375 0.2421875 0.0234375 0.034375
0 0.79296875 0.1984375 0.0140625 0.021875
0 0.76796875 0.20234375 0.0140625 0.0203125
0 0.740625 0.1984375 0.021875 0.028125
0 0.4953125 0.309375 0.021875 0.025
0 0.93828125 0.1375 0.0109375 0.015625
0 0.95859375 0.1234375 0.0109375 0.015625
0 0.9953125 0.11015625 0.0125 0.0140625
0 0.99453125 0.15078125 0.0109375 0.0171875
0 0.9796875 0.184375 0.015625 0.021875
0 0.9609375 0.17109375 0.015625 0.0203125
0 0.978125 0.16796875 0.009375 0.0140625
0 1.00234375 0.18359375 0.0171875 0.0234375
0 1.03359375 0.19375 0.0203125 0.028125
0 1.06640625 0.2203125 0.0171875 0.028125
0 1.0703125 0.1875 0.01875 0.028125
0 1.053125 0.18046875 0.015625 0.0234375
0 1.05234375 0.1578125 0.0171875 0.01875
0 1.0234375 0.17109375 0.015625 0.0203125
0 1.09375 0.178125 0.015625 0.021875
0 1.1171875 0.165625 0.015625 0.021875
0 1.12890625 0.20390625 0.0171875 0.0234375
0 1.178125 0.2015625 0.01875 0.025
0 1.22890625 0.228125 0.0234375 0.025
0 1.23515625 0.26953125 0.0171875 0.0265625
0 1.33125 0.28984375 0.028125 0.0359375
0 1.34453125 0.3296875 0.0265625 0.034375
0 1.36171875 0.3890625 0.0296875 0.040625
0 1.434375 0.42265625 0.034375 0.0484375
0 1.2734375 0.39765625 0.03125 0.0359375
0 1.31875 0.46875 0.0375 0.05
0 1.41796875 0.4953125 0.0359375 0.04375
0 1.4875 0.55234375 0.040625 0.0484375
0 1.34453125 0.52890625 0.0421875 0.0484375
0 1.26015625 0.28203125 0.0265625 0.0296875
