0 1.36640625 0.5 0.0578125 0.065625
0 1.27421875 0.48515625 0.0546875 0.0609375
0 1.20390625 0.490625 0.0484375 0.0625
0 1.1265625 0.4828125 0.053125 0.065625
0 1.034375 0.48984375 0.053125 0.0578125
0 1.06796875 0.61875 0.0578125 0.05625
0 1.19375 0.65859375 0.0625 0.0703125
0 1.290625 0.6859375 0.059375 0.071875
0 0.88046875 0.4765625 0.0546875 0.059375
0 0.76015625 0.4984375 0.0390625 0.05625
0 0.68046875 0.4671875 0.0421875 0.05625
0 0.584375 0.46328125 0.046875 0.0578125
0 0.559375 0.6421875 0.059375 0.0625
0 0.7453125 0.64375 0.05 0.059375
0 0.4453125 0.45078125 0.05625 0.0609375
0 0.25234375 0.4484375 0.0609375 0.0625
0 0.39765625 0.61796875 0.0640625 0.0703125
