0 0.22421875 0.175 0.1015625 0.125
0 0.62421875 0.315625 0.0921875 0.103125
0 0.83828125 0.3265625 0.0796875 0.0875
0 1.1203125 0.45390625 0.05 0.0703125
0 1.17265625 0.53203125 0.0421875 0.0546875
0 0.36875 0.7671875 0.0125 0.01875
0 0.3828125 0.76640625 0.0125 0.0203125
0 0.3609375 0.46796875 0.046875 0.0578125
0 0.8953125 0.609375 0.028125 0.034375
0 0.64453125 0.7234375 0.0078125 0.0125
0 0.64375 0.70703125 0.009375 0.0140625
0 0.8234375 0.71953125 0.009375 0.0109375
0 0.834375 0.709375 0.009375 0.009375
0 0.903125 0.73125 0.0125 0.015625
0 0.91875 0.72421875 0.00625 0.0078125
0 0.93046875 0.7234375 0.0109375 0.0125
0 0.9140625 0.79375 0.01875 0.01875
0 1.3203125 0.83359375 0.0125 0.0203125
0 1.33984375 0.83046875 0.0171875 0.0171875
0 1.3546875 0.81953125 0.009375 0.0140625
0 1.36484375 0.834375 0.0140625 0.01875
0 1.37421875 0.82578125 0.0109375 0.0140625
0 1.3921875 0.828125 0.015625 0.021875
0 1.4203125 0.825 0.0125 0.015625
0 1.43203125 0.83515625 0.0140625 0.0171875
0 1.46328125 0.83984375 0.0140625 0.0171875
0 1.48984375 0.8375 0.0140625 0.01875
0 1.51484375 0.83671875 0.0171875 0.0203125
0 1.56171875 0.84140625 0.0203125 0.0203125
0 1.5453125 0.86484375 0.00625 0.0078125
0 1.58828125 0.86796875 0.0109375 0.0109375
0 1.32109375 0.7484375 0.0078125 0.0125
0 1.33515625 0.740625 0.0109375 0.015625
0 1.34921875 0.74765625 0.0140625 0.0171875
0 1.365625 0.75390625 0.009375 0.0109375
0 1.371875 0.79140625 0.0125 0.0140625
0 1.4109375 0.81875 0.0125 0.015625
0 1.38203125 0.7453125 0.0140625 0.0125
0 1.39375 0.7390625 0.009375 0.0125
0 1.41796875 0.73984375 0.0140625 0.0171875
0 1.39296875 0.76484375 0.0140625 0.0140625
0 1.4203125 0.765625 0.0125 0.015625
0 1.43828125 0.7609375 0.0109375 0.015625
0 1.4515625 0.74375 0.0125 0.0125
0 1.44296875 0.7390625 0.0109375 0.0125
0 1.4734375 0.7359375 0.0125 0.01875
0 1.490625 0.74453125 0.0125 0.0140625
0 1.5078125 0.74140625 0.0125 0.0171875
0 1.52578125 0.73515625 0.0109375 0.0140625
0 1.53046875 0.75 0.0140625 0.01875
0 1.5484375 0.76875 0.0125 0.015625
0 1.57421875 0.74921875 0.0140625 0.0171875
0 1.59140625 0.7453125 0.0109375 0.01875
0 1.55859375 0.75625 0.0140625 0.015625
0 1.54609375 0.74453125 0.0109375 0.0171875
0 0.65390625 0.78828125 0.0109375 0.0109375
