0 0.28671875 0.42734375 0.0203125 0.0234375
0 0.46953125 0.46953125 0.0265625 0.0390625
0 0.61640625 0.4578125 0.0203125 0.025
0 0.80390625 0.48125 0.0296875 0.040625
0 0.90859375 0.475 0.0203125 0.025
0 1.18203125 0.5703125 0.0484375 0.065625
0 1.2578125 0.60234375 0.046875 0.0640625
0 1.56484375 0.6234375 0.0640625 0.09375
0 1.3671875 0.60546875 0.053125 0.0546875
0 1.45546875 0.5828125 0.0453125 0.053125
0 1.025 0.57265625 0.053125 0.0546875
0 0.90859375 0.5859375 0.0515625 0.065625
0 0.18828125 0.46015625 0.0390625 0.0546875
