0 0.56875 0.1421875 0.028125 0.040625
0 0.70390625 0.1171875 0.0296875 0.0375
0 0.81328125 0.1390625 0.0328125 0.040625
0 0.8671875 0.18359375 0.028125 0.0359375
0 0.9234375 0.190625 0.03125 0.040625
0 0.9734375 0.134375 0.028125 0.0375
0 0.86640625 0.29609375 0.0359375 0.0421875
0 0.928125 0.31328125 0.025 0.0359375
0 0.8109375 0.2125 0.03125 0.034375
0 0.740625 0.18828125 0.03125 0.0453125
0 0.753125 0.30078125 0.03125 0.0359375
0 0.696875 0.2265625 0.028125 0.0375
0 0.64375 0.20234375 0.03125 0.0390625
0 0.6140625 0.3046875 0.03125 0.040625
0 0.53671875 0.36484375 0.0359375 0.0453125
0 0.52421875 0.18828125 0.0359375 0.0484375
0 0.44453125 0.13984375 0.0296875 0.0390625
0 0.3984375 0.190625 0.034375 0.040625
0 0.3890625 0.30078125 0.03125 0.0421875
0 0.29765625 0.1875 0.0359375 0.04375
0 0.296875 0.11640625 0.034375 0.0390625
0 0.15546875 0.1796875 0.0453125 0.04375
0 0.14609375 0.27265625 0.0390625 0.0453125
0 0.23984375 0.3078125 0.0328125 0.040625
0 1.19453125 0.12890625 0.0359375 0.0453125
0 1.2890625 0.1765625 0.034375 0.046875
0 1.39375 0.2171875 0.034375 0.040625
0 1.4578125 0.23984375 0.034375 0.0390625
0 1.33984375 0.3046875 0.0328125 0.040625
0 1.33515625 0.3671875 0.0296875 0.034375
0 1.42734375 0.42265625 0.0328125 0.0328125
0 1.2328125 0.403125 0.034375 0.0375
0 1.1828125 0.30625 0.034375 0.034375
0 1.10234375 0.2109375 0.0296875 0.034375
0 1.021875 0.221875 0.028125 0.034375
0 1.025 0.296875 0.028125 0.034375
0 1.10859375 0.296875 0.0265625 0.034375
0 1.0828125 0.13359375 0.028125 0.0328125
