0 1.1484375 0.6765625 0.03125 0.034375
0 1.02578125 0.678125 0.0359375 0.034375
0 1.0453125 0.71171875 0.03125 0.0390625
0 1.08984375 0.721875 0.0359375 0.040625
0 1.15 0.72734375 0.034375 0.0390625
0 1.19765625 0.74296875 0.0328125 0.0453125
0 1.22890625 0.74296875 0.0390625 0.0390625
0 1.2390625 0.70390625 0.034375 0.0390625
0 1.1046875 0.77578125 0.0375 0.0390625
0 1.16484375 0.8 0.0421875 0.046875
0 1.28671875 0.78515625 0.0390625 0.0421875
0 1.24296875 0.85078125 0.0390625 0.0515625
0 1.31796875 0.84609375 0.0453125 0.0546875
0 1.0875 0.83984375 0.04375 0.0546875
0 1.03359375 0.765625 0.0421875 0.053125
0 0.98671875 0.7203125 0.0328125 0.0375
0 0.95625 0.6734375 0.028125 0.03125
0 0.9296875 0.72265625 0.034375 0.0328125
0 0.89453125 0.68359375 0.0296875 0.0390625
0 0.85703125 0.67890625 0.0296875 0.0359375
0 0.82890625 0.71796875 0.0359375 0.0328125
0 0.87421875 0.73828125 0.0328125 0.0390625
0 0.91796875 0.7703125 0.0359375 0.04375
0 0.978125 0.7703125 0.034375 0.040625
0 1.0203125 0.84140625 0.040625 0.0421875
0 1.0640625 0.896875 0.04375 0.05625
0 1.19609375 0.90859375 0.0515625 0.0578125
0 0.95546875 0.87734375 0.0421875 0.0546875
0 0.8859375 0.81796875 0.04375 0.0515625
0 0.80546875 0.80234375 0.0390625 0.0484375
0 0.834375 0.76796875 0.03125 0.0421875
0 0.77421875 0.7234375 0.0328125 0.0375
0 0.7671875 0.67421875 0.03125 0.0359375
0 0.73671875 0.82734375 0.0390625 0.0484375
0 0.76953125 0.78828125 0.0390625 0.0453125
0 0.80390625 0.88984375 0.0484375 0.0578125
0 0.8734375 0.921875 0.05 0.059375
0 0.72265625 0.69765625 0.0328125 0.0328125
0 0.70703125 0.73359375 0.0390625 0.0421875
0 0.62890625 0.68203125 0.0359375 0.0453125
0 0.59765625 0.684375 0.0296875 0.034375
0 0.58125 0.734375 0.03125 0.040625
0 0.62421875 0.7640625 0.0390625 0.040625
0 0.525 0.778125 0.0375 0.040625
0 0.4875 0.7234375 0.0375 0.040625
0 0.46328125 0.821875 0.0421875 0.046875
0 0.4703125 0.7859375 0.0375 0.053125
0 0.55390625 0.83203125 0.0421875 0.0484375
0 0.60390625 0.81171875 0.0421875 0.0453125
0 0.63828125 0.8515625 0.0453125 0.059375
0 0.684375 0.82421875 0.040625 0.0453125
0 0.528125 0.87578125 0.046875 0.0484375
0 0.40546875 0.83125 0.0453125 0.05
0 1.3453125 0.915625 0.05 0.053125
0 1.38203125 0.99921875 0.0609375 0.0671875
0 1.31875 0.984375 0.05625 0.059375
0 1.2859375 1.0875 0.0625 0.06875
0 1.1890625 1.01484375 0.059375 0.0609375
0 1.12421875 0.98125 0.0484375 0.059375
0 1.08984375 1.05859375 0.0546875 0.0703125
0 1.01953125 0.9890625 0.0546875 0.0625
0 0.9546875 0.97265625 0.05 0.0609375
0 0.74375 0.94765625 0.046875 0.0609375
0 0.71796875 0.996875 0.0484375 0.059375
0 0.8640625 1.00078125 0.05 0.0609375
0 0.8484375 1.0921875 0.065625 0.075
0 0.6046875 1.0546875 0.053125 0.075
0 0.55390625 0.94375 0.0515625 0.0625
0 0.49921875 1.0125 0.0546875 0.06875
0 0.446875 0.90078125 0.05 0.0578125
0 0.38203125 0.95703125 0.0515625 0.0609375
0 0.31171875 0.8921875 0.0453125 0.053125
0 0.32890625 1.0328125 0.0546875 0.059375
0 0.39453125 1.14921875 0.0578125 0.0671875
0 0.18125 1.09375 0.071875 0.075
0 0.67421875 0.93203125 0.0515625 0.0515625
0 0.86640625 0.61484375 0.0109375 0.0203125
0 0.71328125 0.63515625 0.0109375 0.0171875
0 0.0265625 0.60078125 0.015625 0.0234375
0 0.0703125 0.5671875 0.0125 0.01875
