0 1.55625 0.075 0.015625 0.01875
0 1.47890625 0.053125 0.0140625 0.015625
0 1.45 0.07734375 0.015625 0.0203125
0 1.23984375 0.07421875 0.0140625 0.0171875
0 1.17109375 0.07578125 0.0140625 0.0171875
0 1.165625 0.1328125 0.028125 0.03125
0 0.98515625 0.05078125 0.0109375 0.0109375
0 1.0328125 0.05625 0.009375 0.009375
0 1.04765625 0.053125 0.0078125 0.009375
0 0.9546875 0.11171875 0.021875 0.0265625
0 1.25546875 0.27578125 0.0484375 0.0546875
0 1.15859375 0.33203125 0.0734375 0.0765625
0 0.9703125 0.2875 0.090625 0.1
0 1.58984375 0.275 0.0203125 0.065625
0 1.496875 0.5671875 0.115625 0.11875
0 1.4234375 0.52578125 0.09375 0.0609375
0 0.07421875 0.6296875 0.1234375 0.125
0 0.2578125 0.04609375 0.009375 0.0140625
0 0.27890625 0.0546875 0.0140625 0.015625
