0 0.0875 0.24453125 0.009375 0.0140625
0 0.10703125 0.21328125 0.0109375 0.0109375
0 0.1734375 0.21484375 0.009375 0.0140625
0 0.22890625 0.24140625 0.0234375 0.0265625
0 0.22890625 0.26640625 0.0234375 0.0296875
0 0.11953125 0.27265625 0.0078125 0.0078125
0 0.33515625 0.275 0.0078125 0.009375
0 0.3578125 0.27421875 0.00625 0.0078125
0 0.390625 0.21953125 0.00625 0.0109375
0 0.4171875 0.2 0.009375 0.0125
0 0.41796875 0.22265625 0.0078125 0.0109375
0 0.4421875 0.215625 0.00625 0.009375
0 0.46171875 0.22109375 0.0078125 0.0109375
0 0.47578125 0.2140625 0.0078125 0.0125
0 0.52109375 0.2109375 0.0078125 0.0125
0 0.51484375 0.215625 0.0078125 0.009375
0 0.54140625 0.225 0.0078125 0.009375
0 0.540625 0.26953125 0.01875 0.0234375
0 0.4625 0.2625 0.028125 0.0375
0 0.48984375 0.28203125 0.0234375 0.0328125
0 0.40859375 0.28515625 0.0078125 0.0109375
0 0.55546875 0.2125 0.0109375 0.0125
0 0.58203125 0.22578125 0.0078125 0.0109375
0 0.5875 0.21875 0.00625 0.0125
0 0.6015625 0.21796875 0.00625 0.0078125
0 0.65546875 0.23125 0.0234375 0.03125
0 0.69609375 0.259375 0.0296875 0.040625
0 0.68046875 0.21953125 0.0078125 0.0109375
0 0.7 0.2234375 0.00625 0.009375
0 0.715625 0.2234375 0.00625 0.00625
0 0.73984375 0.2203125 0.0078125 0.009375
0 0.7703125 0.2203125 0.0125 0.0125
0 0.790625 0.22890625 0.0125 0.0140625
0 0.7625 0.25546875 0.025 0.0359375
0 0.8984375 0.32265625 0.028125 0.0328125
0 0.94921875 0.2546875 0.0265625 0.040625
0 0.92421875 0.25703125 0.0265625 0.0359375
0 0.8921875 0.23359375 0.0125 0.0203125
0 0.94921875 0.2203125 0.0109375 0.015625
0 1.00390625 0.22421875 0.0109375 0.0171875
0 1.03671875 0.22578125 0.0109375 0.0171875
0 1.05703125 0.22734375 0.0046875 0.0046875
0 1.07421875 0.228125 0.0046875 0.00625
0 1.0796875 0.3609375 0.015625 0.015625
0 1.09296875 0.3328125 0.0140625 0.021875
0 1.2140625 0.2984375 0.03125 0.05
0 1.2671875 0.2921875 0.0125 0.015625
0 1.2515625 0.353125 0.0125 0.01875
0 1.32890625 0.21328125 0.0140625 0.0203125
0 1.36328125 0.225 0.0109375 0.0125
0 1.3953125 0.22109375 0.009375 0.0203125
0 1.46796875 0.34609375 0.0390625 0.0515625
0 1.59140625 0.26484375 0.0078125 0.0109375
0 0.03203125 0.21640625 0.0109375 0.0171875
