0 0.16875 0.2453125 0.01875 0.025
0 0.284375 0.2125 0.025 0.03125
0 0.1375 0.22734375 0.01875 0.0171875
0 0.11953125 0.253125 0.0171875 0.028125
0 0.4140625 0.284375 0.03125 0.0375
0 0.23828125 0.24765625 0.0171875 0.0234375
0 0.259375 0.21328125 0.0125 0.0171875
0 0.8125 0.34609375 0.046875 0.0515625
0 0.72734375 0.2984375 0.0390625 0.046875
0 0.65703125 0.284375 0.0234375 0.028125
0 0.71953125 0.23046875 0.0265625 0.0265625
0 0.8703125 0.23046875 0.025 0.0265625
0 0.66640625 0.378125 0.0421875 0.046875
0 0.26953125 0.18671875 0.0109375 0.0171875
0 0.30234375 0.19140625 0.0109375 0.0171875
0 1.3234375 0.19765625 0.046875 0.0578125
0 1.36953125 0.1875 0.0296875 0.034375
0 1.096875 0.23671875 0.04375 0.0515625
0 0.9609375 0.22109375 0.0375 0.0421875
0 1.0921875 0.321875 0.040625 0.05
0 1.234375 0.60625 0.071875 0.08125
0 1.44140625 0.51796875 0.0515625 0.0640625
0 1.5296875 0.55078125 0.05625 0.0671875
0 0.2078125 0.3015625 0.028125 0.0375
0 0.67109375 0.20625 0.0203125 0.021875
0 0.6265625 0.07265625 0.00625 0.0078125
0 0.67734375 0.07890625 0.0140625 0.0140625
0 0.728125 0.14296875 0.009375 0.0109375
0 1.1515625 0.24921875 0.03125 0.0390625
0 1.0703125 0.2390625 0.028125 0.034375
0 0.88984375 0.3015625 0.0421875 0.040625
0 1.21640625 0.16171875 0.0234375 0.0296875
0 0.1296875 0.32109375 0.025 0.0296875
0 1.5203125 0.1625 0.05 0.0375
0 1.3828125 0.05625 0.0125 0.0125
0 1.42734375 0.125 0.0203125 0.025
0 1.30546875 0.1125 0.0109375 0.0125
0 1.284375 0.10546875 0.009375 0.0109375
0 0.48359375 0.1515625 0.0140625 0.01875
0 0.5796875 0.10859375 0.00625 0.0078125
0 0.51171875 0.10078125 0.0078125 0.0078125
0 0.33515625 0.15390625 0.0140625 0.0171875
0 0.31328125 0.153125 0.0171875 0.01875
0 0.5953125 0.15078125 0.015625 0.0140625
0 0.57109375 0.13203125 0.0078125 0.0078125
0 0.6375 0.09140625 0.009375 0.0140625
0 0.5640625 0.3046875 0.0375 0.046875
0 0.01171875 0.38828125 0.0234375 0.0328125
0 0.71328125 0.1921875 0.0109375 0.015625
0 0.71640625 0.17421875 0.0109375 0.0171875
0 0.7828125 0.15625 0.009375 0.0125
0 0.8078125 0.1640625 0.01875 0.025
0 0.83203125 0.1734375 0.0109375 0.015625
0 0.8546875 0.16015625 0.01875 0.0234375
0 0.7984375 0.21796875 0.021875 0.0234375
0 1.56953125 0.39609375 0.0609375 0.0796875
0 0.903125 0.87265625 0.1 0.0921875
0 0.84453125 0.10546875 0.0078125 0.0109375
0 0.8484375 0.128125 0.009375 0.0125
0 0.753125 0.1703125 0.0125 0.015625
0 0.6453125 0.1765625 0.009375 0.0125
0 0.91484375 0.1015625 0.0078125 0.0125
0 0.60859375 0.796875 0.0765625 0.084375
0 0.41484375 0.75703125 0.0765625 0.0859375
0 0.5578125 0.51015625 0.053125 0.0640625
0 0.79765625 0.5046875 0.0609375 0.0625
0 0.33671875 0.49765625 0.0546875 0.0609375
0 0.14453125 0.528125 0.0453125 0.05625
0 0.1890625 0.4484375 0.04375 0.0375
0 0.32734375 0.4234375 0.0421875 0.05
0 0.253125 0.37578125 0.03125 0.0359375
0 0.53046875 0.403125 0.0390625 0.05
0 0.09453125 0.45546875 0.0390625 0.0421875
0 0.1328125 0.39609375 0.03125 0.0359375
0 0.30546875 0.31171875 0.0265625 0.0328125
0 0.41875 0.3546875 0.028125 0.040625
0 0.59375 0.33046875 0.034375 0.0484375
0 0.04921875 0.81953125 0.0734375 0.0796875
0 1.30625 0.29375 0.04375 0.053125
0 0.67578125 0.1625 0.0140625 0.015625
0 1.31015625 0.02265625 0.0140625 0.0140625
0 0.9375 0.10234375 0.0125 0.0140625
0 0.9421875 0.1484375 0.015625 0.01875
0 1.35234375 0.121875 0.0171875 0.01875
0 1.3828125 0.13828125 0.021875 0.0234375
0 1.4234375 0.14140625 0.025 0.0265625
0 1.43515625 0.1734375 0.0296875 0.0375
0 1.40234375 0.05859375 0.0140625 0.0171875
0 1.46875 0.075 0.015625 0.01875
0 1.26875 0.10703125 0.0125 0.0140625
0 1.28515625 0.13046875 0.0171875 0.0203125
0 1.23125 0.11796875 0.0125 0.0109375
0 1.015625 0.109375 0.0125 0.015625
0 0.99140625 0.11484375 0.0109375 0.0078125
0 1.14453125 0.13671875 0.0203125 0.0265625
0 1.196875 0.096875 0.015625 0.015625
0 1.54296875 0.071875 0.0171875 0.021875
0 1.5828125 0.090625 0.009375 0.0125
0 0.63125 0.2265625 0.021875 0.025
