0 0.3609375 0.45546875 0.128125 0.1328125
0 0.70625 0.503125 0.1375 0.140625
0 0.95703125 0.4609375 0.1453125 0.165625
0 1.24296875 0.4515625 0.1484375 0.153125
0 0.34453125 0.1796875 0.0515625 0.071875
0 0.30625 0.25234375 0.04375 0.0578125
0 0.5734375 0.22421875 0.05 0.0578125
0 0.64375 0.2359375 0.040625 0.05
0 0.721875 0.23984375 0.04375 0.0453125
0 0.67734375 0.18359375 0.0421875 0.0546875
0 0.58046875 0.1296875 0.0578125 0.075
0 0.64453125 0.146875 0.0453125 0.05
0 0.52578125 0.15390625 0.0421875 0.0671875
0 0.46640625 0.17734375 0.0515625 0.0703125
0 0.41171875 0.13359375 0.0609375 0.0765625
0 0.284375 0.13046875 0.059375 0.0671875
0 0.2078125 0.1109375 0.021875 0.021875
0 0.1625 0.1109375 0.025 0.028125
0 0.1140625 0.125 0.025 0.025
0 0.67734375 0.034375 0.0546875 0.059375
0 0.5265625 0.04765625 0.059375 0.0796875
0 0.46328125 0.04921875 0.0453125 0.0546875
0 0.35703125 0.04765625 0.0578125 0.0671875
0 0.8078125 0.04921875 0.046875 0.0640625
0 1.215625 0.2265625 0.05625 0.084375
0 1.15078125 0.2703125 0.0515625 0.065625
0 1.10390625 0.2203125 0.0546875 0.059375
0 1.1390625 0.1984375 0.06875 0.065625
0 1.2625 0.1671875 0.046875 0.065625
0 1.34609375 0.13203125 0.0296875 0.0328125
0 1.22265625 0.10859375 0.0421875 0.0640625
0 1.31875 0.09765625 0.040625 0.0421875
0 1.153125 0.11875 0.05 0.06875
0 1.09609375 0.12421875 0.0578125 0.0734375
0 1.03359375 0.140625 0.0609375 0.0625
0 1.0375 0.215625 0.065625 0.065625
0 0.96796875 0.17734375 0.0546875 0.0765625
0 0.915625 0.16328125 0.040625 0.0578125
0 0.9 0.2109375 0.03125 0.065625
0 0.96328125 0.10234375 0.0484375 0.0390625
0 1.26484375 0.034375 0.0484375 0.053125
0 1.2203125 0.0234375 0.015625 0.015625
0 1.55703125 0.12109375 0.0328125 0.0296875
0 1.5078125 0.125 0.034375 0.0375
0 1.4578125 0.14375 0.034375 0.0375
0 1.40078125 0.1328125 0.0328125 0.03125
0 0.50546875 0.25390625 0.0546875 0.0609375
0 0.140625 0.3390625 0.04375 0.06875
0 0.21484375 0.31640625 0.0484375 0.0671875
0 0.82265625 0.28046875 0.0484375 0.0578125
0 1.07265625 0.30390625 0.0421875 0.0546875
0 0.06015625 0.1125 0.0234375 0.028125
