0 0.86640625 0.5375 0.0234375 0.03125
0 0.82109375 0.534375 0.0203125 0.025
0 0.84453125 0.571875 0.0234375 0.03125
0 0.85234375 0.61953125 0.0265625 0.0296875
0 0.80234375 0.56171875 0.0234375 0.0296875
0 0.74453125 0.5234375 0.0234375 0.03125
0 0.76171875 0.48828125 0.0234375 0.0265625
0 0.82265625 0.48046875 0.0234375 0.0265625
0 0.8609375 0.4671875 0.028125 0.034375
0 0.88515625 0.425 0.0265625 0.028125
0 0.83125 0.41796875 0.015625 0.0203125
0 0.81171875 0.40234375 0.0171875 0.0203125
0 0.80546875 0.37421875 0.0171875 0.0234375
0 0.83203125 0.37578125 0.0203125 0.0265625
0 0.86015625 0.3828125 0.0171875 0.028125
0 0.85546875 0.35625 0.0171875 0.025
0 0.82109375 0.35390625 0.0140625 0.0171875
0 0.77734375 0.33203125 0.0171875 0.0234375
0 0.79375 0.30703125 0.015625 0.0234375
0 0.95078125 0.37421875 0.0234375 0.0296875
0 0.91796875 0.35859375 0.0203125 0.0296875
0 0.93125 0.33125 0.01875 0.025
0 0.884375 0.3234375 0.01875 0.028125
0 0.884375 0.29453125 0.01875 0.0234375
0 0.840625 0.32890625 0.015625 0.0171875
0 0.77578125 0.37734375 0.0234375 0.0265625
0 0.78984375 0.4140625 0.0265625 0.03125
0 0.73671875 0.4171875 0.0203125 0.028125
0 0.73828125 0.37734375 0.0203125 0.0234375
0 0.70234375 0.38125 0.0234375 0.03125
0 0.6578125 0.38359375 0.021875 0.0265625
0 0.6765625 0.37265625 0.021875 0.0234375
0 0.63515625 0.3671875 0.0234375 0.025
0 0.65234375 0.32734375 0.0171875 0.0265625
0 0.68984375 0.29609375 0.0171875 0.0265625
0 0.71328125 0.32890625 0.0171875 0.0203125
0 0.7171875 0.2984375 0.015625 0.021875
0 0.7203125 0.27265625 0.015625 0.0203125
0 0.75703125 0.31953125 0.0171875 0.0234375
0 1.04375 0.3703125 0.01875 0.03125
0 1.08828125 0.403125 0.0234375 0.025
0 1.13046875 0.41171875 0.0203125 0.0265625
0 0.740625 0.46796875 0.025 0.0234375
0 0.68515625 0.4921875 0.0265625 0.028125
0 0.6828125 0.52265625 0.021875 0.0296875
0 0.65703125 0.5328125 0.0234375 0.034375
0 0.63359375 0.48359375 0.0234375 0.0265625
0 0.67890625 0.44921875 0.0203125 0.0265625
0 0.603125 0.36015625 0.01875 0.0265625
0 0.57734375 0.36640625 0.0234375 0.0265625
0 0.4859375 0.35390625 0.025 0.0234375
0 0.4484375 0.36015625 0.01875 0.0234375
0 0.40703125 0.36953125 0.0203125 0.0265625
0 0.33671875 0.39296875 0.0203125 0.0296875
0 0.9484375 0.66015625 0.03125 0.0359375
0 0.90625 0.6765625 0.03125 0.03125
0 0.86171875 0.690625 0.0265625 0.028125
0 0.7765625 0.646875 0.03125 0.034375
0 0.7390625 0.6140625 0.03125 0.034375
0 0.7203125 0.56328125 0.028125 0.0328125
0 0.64296875 0.6265625 0.0296875 0.034375
0 0.58125 0.62265625 0.028125 0.0296875
0 0.609375 0.6984375 0.025 0.028125
0 0.68359375 0.696875 0.0265625 0.028125
0 0.68203125 0.76328125 0.0296875 0.0296875
0 0.509375 0.6984375 0.028125 0.040625
0 0.46171875 0.6828125 0.0296875 0.034375
0 0.41796875 0.66796875 0.0265625 0.0359375
0 1.0328125 0.6640625 0.028125 0.040625
0 1.06484375 0.678125 0.0203125 0.03125
0 1.08828125 0.6609375 0.0265625 0.03125
0 1.12421875 0.69375 0.0265625 0.034375
0 1.1703125 0.70625 0.028125 0.03125
0 1.18359375 0.66484375 0.0265625 0.0328125
0 1.18359375 0.61484375 0.0265625 0.0203125
0 1.1015625 0.71875 0.03125 0.034375
0 1.04140625 0.73515625 0.0265625 0.0328125
0 1.02109375 0.7 0.0265625 0.025
0 0.98046875 0.7140625 0.0265625 0.03125
0 1.10390625 0.77890625 0.0328125 0.0421875
0 1.00546875 0.775 0.0234375 0.021875
0 1.00234375 0.809375 0.0296875 0.034375
0 0.9171875 0.8234375 0.03125 0.028125
0 0.8046875 0.82890625 0.028125 0.0328125
0 1.31015625 0.6796875 0.0390625 0.0375
0 1.25 0.67421875 0.03125 0.0296875
0 1.2484375 0.725 0.03125 0.028125
0 0.6546875 0.83671875 0.025 0.0359375
0 0.625 0.79765625 0.028125 0.0328125
0 0.53046875 0.86875 0.0265625 0.028125
0 0.40859375 0.86796875 0.0328125 0.0390625
0 0.40546875 0.81953125 0.0296875 0.0328125
0 0.4828125 0.78515625 0.028125 0.0359375
0 0.35859375 0.84453125 0.0390625 0.0390625
0 0.32265625 0.80703125 0.0296875 0.0421875
0 0.371875 0.69609375 0.028125 0.0328125
0 0.30625 0.68125 0.03125 0.034375
0 0.2359375 0.68046875 0.034375 0.0359375
0 0.14765625 0.73046875 0.0265625 0.0296875
0 0.21484375 0.8015625 0.0359375 0.04375
0 0.14375 0.6640625 0.028125 0.034375
0 0.74375 0.853125 0.028125 0.03125
