0 0.10546875 0.12421875 0.0703125 0.0671875
0 0.21796875 0.096875 0.0578125 0.0625
0 0.28046875 0.10078125 0.0484375 0.0578125
0 0.328125 0.11484375 0.04375 0.0546875
0 0.34375 0.13046875 0.028125 0.0453125
0 0.40625 0.14609375 0.0375 0.0390625
0 0.5234375 0.14921875 0.034375 0.0390625
0 0.6171875 0.1046875 0.0375 0.040625
0 0.6640625 0.12109375 0.03125 0.0359375
0 0.75390625 0.13984375 0.0296875 0.0359375
0 1.00625 0.278125 0.034375 0.03125
0 1.04765625 0.26171875 0.0359375 0.0359375
0 1.08984375 0.303125 0.0421875 0.04375
0 1.08203125 0.11640625 0.0328125 0.0359375
0 1.1359375 0.12734375 0.03125 0.0390625
0 1.16796875 0.12109375 0.0390625 0.0390625
0 1.2421875 0.1375 0.040625 0.046875
0 1.315625 0.13828125 0.046875 0.0484375
0 1.26796875 0.128125 0.0296875 0.0375
0 1.37265625 0.16484375 0.0453125 0.0484375
0 1.425 0.19921875 0.053125 0.0546875
0 1.4984375 0.13046875 0.06875 0.0671875
0 1.4171875 0.14921875 0.025 0.0359375
0 1.45234375 0.14609375 0.0234375 0.0265625
