0 0.246875 0.34140625 0.05 0.0640625
0 0.384375 0.35625 0.053125 0.071875
0 0.4359375 0.34765625 0.046875 0.0671875
0 0.55859375 0.31796875 0.0453125 0.0703125
0 0.54375 0.4 0.053125 0.06875
0 0.66640625 0.340625 0.0484375 0.071875
0 0.70390625 0.38203125 0.0515625 0.0796875
0 0.82421875 0.36015625 0.0484375 0.0546875
0 0.87578125 0.40390625 0.0484375 0.0671875
0 0.9953125 0.32109375 0.053125 0.0640625
0 1.01640625 0.39921875 0.0515625 0.0703125
0 1.1671875 0.3859375 0.053125 0.06875
0 1.26328125 0.33828125 0.0515625 0.0671875
0 1.32890625 0.36640625 0.0484375 0.0765625
0 1.40859375 0.4890625 0.0109375 0.015625
