0 0.2359375 0.728125 0.025 0.025
0 0.278125 0.8734375 0.025 0.025
0 0.3171875 0.73828125 0.025 0.0296875
0 0.3625 0.73828125 0.025 0.0265625
0 0.3984375 0.8671875 0.025 0.028125
0 0.4328125 0.75078125 0.01875 0.0234375
0 0.49140625 0.86796875 0.0203125 0.0171875
0 0.4890625 0.7359375 0.01875 0.021875
0 0.5484375 0.73828125 0.021875 0.0234375
0 0.6 0.78671875 0.01875 0.0234375
0 0.60859375 0.725 0.0234375 0.025
0 0.6625 0.75078125 0.01875 0.0234375
0 0.625 0.865625 0.021875 0.025
0 0.72109375 0.7609375 0.0171875 0.01875
0 0.78515625 0.7609375 0.0203125 0.025
0 0.8578125 0.76640625 0.01875 0.0234375
0 0.8890625 0.7609375 0.01875 0.021875
0 0.9453125 0.646875 0.03125 0.034375
0 1.03515625 0.78515625 0.0171875 0.0171875
0 1.05859375 0.77109375 0.0203125 0.0234375
0 1.14921875 0.74375 0.0203125 0.021875
0 1.13125 0.74453125 0.0125 0.0140625
0 1.1859375 0.74140625 0.01875 0.0203125
0 1.17109375 0.8671875 0.0265625 0.025
0 1.23046875 0.7171875 0.0296875 0.025
0 1.3109375 0.71171875 0.021875 0.0296875
0 1.40078125 0.70234375 0.0265625 0.0296875
0 1.28828125 0.8734375 0.0265625 0.028125
0 0.78359375 0.64453125 0.0140625 0.0140625
0 0.76484375 0.65859375 0.0078125 0.0078125
0 1.26875 0.4359375 0.009375 0.015625
0 1.31484375 0.43046875 0.0078125 0.0140625
0 0.8046875 0.41796875 0.0125 0.0171875
0 0.82265625 0.43984375 0.0109375 0.0140625
0 0.84375 0.4171875 0.009375 0.015625
0 0.75859375 0.43359375 0.0109375 0.0140625
0 0.74609375 0.453125 0.0078125 0.009375
