0 0.2234375 0.3921875 0.046875 0.05
0 0.69140625 0.1359375 0.0390625 0.05
0 0.6453125 0.3859375 0.046875 0.05625
0 0.4953125 0.38671875 0.0375 0.0453125
0 0.371875 0.37890625 0.046875 0.0484375
0 0.4328125 0.134375 0.040625 0.04375
0 0.5578125 0.15625 0.040625 0.04375
0 0.2953125 0.13125 0.040625 0.04375
0 0.128125 0.10625 0.04375 0.05
0 0.0984375 0.38046875 0.04375 0.0546875
0 0.99453125 0.15 0.0390625 0.046875
0 0.81484375 0.1484375 0.0390625 0.04375
0 1.034375 0.3859375 0.040625 0.05
0 0.8328125 0.37265625 0.046875 0.0546875
0 0.76796875 0.38671875 0.0421875 0.0546875
0 1.49296875 0.165625 0.0390625 0.046875
0 1.49296875 0.41640625 0.0484375 0.0546875
0 1.37578125 0.16484375 0.0390625 0.0453125
0 1.340625 0.40703125 0.04375 0.0484375
0 1.1921875 0.15625 0.046875 0.046875
0 1.1734375 0.37890625 0.046875 0.0546875
