0 0.02265625 0.41484375 0.0453125 0.0546875
0 0.1109375 0.43203125 0.046875 0.0484375
0 0.225 0.4890625 0.0375 0.046875
0 0.2890625 0.46953125 0.034375 0.0453125
0 0.1671875 0.66875 0.046875 0.05
0 0.3859375 0.56484375 0.03125 0.0390625
0 0.43046875 0.47265625 0.0359375 0.0453125
0 0.39375 0.490625 0.028125 0.03125
0 0.5515625 0.48203125 0.0375 0.0421875
0 0.584375 0.44609375 0.028125 0.0390625
0 0.64140625 0.47890625 0.0359375 0.0453125
0 0.38125 0.71953125 0.053125 0.0453125
0 0.81015625 0.38203125 0.0484375 0.0640625
0 0.93125 0.50625 0.040625 0.04375
0 1.01796875 0.4625 0.0296875 0.034375
0 1.075 0.52734375 0.034375 0.0390625
0 1.16875 0.66484375 0.05 0.0578125
0 1.15078125 0.50078125 0.0296875 0.0359375
0 1.2 0.47109375 0.0375 0.0390625
0 1.28359375 0.54453125 0.0328125 0.0390625
0 1.33671875 0.5046875 0.0421875 0.04375
0 1.4171875 0.47265625 0.040625 0.0359375
0 1.54296875 0.43203125 0.0421875 0.0484375
0 1.5515625 0.68671875 0.053125 0.0578125
0 0.45078125 0.24296875 0.0265625 0.0203125
0 1.10703125 0.25546875 0.0265625 0.0203125
0 0.75390625 0.33671875 0.0171875 0.0171875
0 0.7890625 0.3109375 0.021875 0.025
0 0.94140625 0.43359375 0.0078125 0.0171875
0 1.47421875 0.4875 0.0265625 0.03125
