0 1.50234375 1.2703125 0.1515625 0.175
0 1.5421875 1.11796875 0.090625 0.1078125
0 1.4453125 1.12578125 0.08125 0.0984375
0 1.3453125 1.12109375 0.084375 0.0859375
0 1.33359375 1.2234375 0.1171875 0.140625
0 1.2578125 1.1484375 0.06875 0.0875
0 1.19921875 1.20703125 0.1109375 0.1359375
0 1.0515625 1.084375 0.078125 0.090625
0 0.9796875 1.184375 0.096875 0.115625
0 0.73671875 1.16796875 0.1015625 0.1296875
0 0.4671875 1.10703125 0.075 0.0890625
0 0.4609375 1.21796875 0.096875 0.1140625
0 0.34921875 1.19921875 0.0828125 0.1078125
0 0.27421875 1.1484375 0.0796875 0.1
0 0.16953125 1.18125 0.0859375 0.11875
0 0.1703125 1.09921875 0.06875 0.0765625
0 0.76953125 1.81796875 0.1171875 0.1671875
0 0.4046875 1.6953125 0.125 0.15
0 1.146875 1.171875 0.090625 0.096875
0 0.0359375 1.12109375 0.059375 0.1046875
