0 0.246875 0.17109375 0.06875 0.0953125
0 0.24453125 0.33203125 0.0703125 0.0984375
0 0.40546875 0.2125 0.0703125 0.103125
0 0.52265625 0.3625 0.0734375 0.096875
0 0.66328125 0.2296875 0.0640625 0.0875
0 0.52265625 0.16640625 0.0671875 0.0859375
0 0.82265625 0.165625 0.0671875 0.0875
0 0.95546875 0.23515625 0.0609375 0.0796875
0 0.82734375 0.34765625 0.0734375 0.0984375
0 1.11015625 0.16640625 0.0703125 0.0828125
0 1.2109375 0.23125 0.06875 0.09375
0 1.1 0.35546875 0.075 0.0921875
0 1.390625 0.17109375 0.075 0.0953125
0 1.3671875 0.3546875 0.078125 0.096875
