0 1.58515625 0.6703125 0.0296875 0.06875
0 1.53828125 0.56953125 0.0484375 0.0546875
0 1.5265625 0.7265625 0.0625 0.071875
0 1.49765625 0.66171875 0.0484375 0.0609375
0 1.4421875 0.62578125 0.05 0.0546875
0 1.45546875 0.57734375 0.0421875 0.0484375
0 1.38828125 0.58828125 0.0484375 0.0484375
0 1.37265625 0.72265625 0.0546875 0.0671875
0 1.43671875 0.68984375 0.0546875 0.0703125
0 1.35234375 0.65625 0.0546875 0.065625
0 1.2828125 0.66015625 0.05625 0.0671875
0 1.2578125 0.6109375 0.046875 0.05625
0 1.2625 0.55546875 0.04375 0.0484375
0 1.1796875 0.57578125 0.04375 0.0546875
0 1.21875 0.65859375 0.053125 0.0640625
0 1.140625 0.71953125 0.05625 0.0640625
0 1.11484375 0.6546875 0.0515625 0.059375
0 1.07578125 0.71328125 0.0546875 0.0765625
0 1.0453125 0.63671875 0.053125 0.0671875
0 0.978125 0.57578125 0.046875 0.0609375
0 0.97734375 0.64375 0.0515625 0.065625
0 0.928125 0.68359375 0.05625 0.0734375
0 0.86171875 0.73125 0.0578125 0.065625
0 0.7859375 0.67421875 0.05 0.0609375
0 0.8609375 0.61796875 0.05 0.0578125
0 0.909375 0.62109375 0.040625 0.0515625
0 0.803125 0.62734375 0.04375 0.0578125
0 0.7140625 0.6953125 0.053125 0.06875
0 0.7265625 0.62890625 0.040625 0.0546875
0 0.7453125 0.5890625 0.04375 0.059375
0 0.6796875 0.596875 0.04375 0.059375
0 0.6390625 0.6765625 0.053125 0.0625
0 0.57265625 0.6984375 0.0609375 0.065625
0 0.58671875 0.634375 0.0484375 0.0625
0 0.5328125 0.59609375 0.046875 0.0515625
0 0.49921875 0.671875 0.0515625 0.065625
0 0.47578125 0.61015625 0.0546875 0.0609375
0 0.4015625 0.5640625 0.04375 0.046875
0 0.409375 0.61953125 0.034375 0.0578125
0 0.3796875 0.6296875 0.05 0.05
0 0.353125 0.68828125 0.053125 0.0640625
0 0.2828125 0.7078125 0.059375 0.06875
0 0.340625 0.56875 0.046875 0.046875
0 0.2796875 0.62265625 0.046875 0.0578125
0 0.21875 0.66640625 0.05 0.0640625
0 0.2109375 0.57421875 0.05 0.0515625
0 0.15078125 0.66796875 0.0515625 0.0578125
0 0.14375 0.75703125 0.05625 0.0578125
0 0.065625 0.6484375 0.059375 0.065625
0 0.1046875 0.57734375 0.05 0.0609375
0 0.01484375 0.721875 0.0296875 0.075
0 0.01953125 0.63125 0.0390625 0.05
0 0.44375 0.71328125 0.059375 0.0640625
