0 0.0984375 0.25 0.0125 0.0125
0 0.13984375 0.2546875 0.0109375 0.015625
0 0.18359375 0.25390625 0.0109375 0.0109375
0 0.0171875 0.24375 0.0125 0.0125
0 0.11640625 0.184375 0.0078125 0.009375
0 0.16875 0.23046875 0.009375 0.0078125
0 0.1421875 0.1984375 0.009375 0.009375
0 0.19921875 0.22265625 0.0078125 0.0078125
0 0.18671875 0.19921875 0.0078125 0.0078125
0 0.17109375 0.1921875 0.0078125 0.009375
0 0.2625 0.3578125 0.009375 0.0125
0 0.3046875 0.35390625 0.009375 0.0109375
0 0.334375 0.3515625 0.0125 0.0125
0 0.36875 0.3640625 0.00625 0.009375
0 0.45 0.34921875 0.0125 0.0109375
0 0.38515625 0.275 0.0109375 0.0125
0 0.2765625 0.2546875 0.009375 0.0125
0 0.25234375 0.24375 0.0109375 0.0125
0 0.25 0.26640625 0.009375 0.0078125
0 0.23515625 0.2671875 0.0109375 0.0125
0 0.39375 0.3609375 0.009375 0.009375
0 0.428125 0.35625 0.009375 0.009375
0 0.45625 0.26171875 0.009375 0.0109375
0 0.47734375 0.2640625 0.0078125 0.009375
0 0.50859375 0.26953125 0.0078125 0.0109375
0 0.428125 0.2046875 0.009375 0.009375
0 0.32578125 0.25703125 0.0078125 0.0109375
0 0.25703125 0.21875 0.0078125 0.009375
0 0.303125 0.23203125 0.00625 0.0078125
0 0.3578125 0.2734375 0.00625 0.009375
0 0.5203125 0.3421875 0.0125 0.0125
0 0.61015625 0.27890625 0.0109375 0.0109375
0 0.54375 0.25703125 0.009375 0.0109375
0 0.5625 0.29453125 0.009375 0.0109375
0 0.0109375 0.3671875 0.009375 0.015625
0 0.21484375 0.4046875 0.0109375 0.0125
0 0.190625 0.4 0.00625 0.00625
0 0.17265625 0.4125 0.0078125 0.0125
0 0.37734375 0.41640625 0.0265625 0.0265625
0 0.98515625 0.3234375 0.0171875 0.021875
0 1.0671875 0.3109375 0.015625 0.01875
0 1.09921875 0.29375 0.0265625 0.028125
0 1.2171875 0.29296875 0.021875 0.0234375
0 1.4234375 0.2578125 0.028125 0.034375
0 0.76015625 0.346875 0.0078125 0.009375
0 0.89140625 0.35 0.0078125 0.009375
0 0.1578125 0.165625 0.009375 0.009375
0 0.1875 0.178125 0.009375 0.009375
0 0.209375 0.1546875 0.009375 0.009375
0 0.0796875 0.15703125 0.009375 0.0078125
0 0.07421875 0.0875 0.0078125 0.009375
0 0.1015625 0.08828125 0.009375 0.0109375
0 0.14609375 0.12421875 0.0078125 0.0078125
0 0.2328125 0.178125 0.009375 0.009375
0 0.03203125 0.0984375 0.0078125 0.009375
0 0.04453125 0.09375 0.0078125 0.00625
0 0.6625 0.48125 0.096875 0.0875
0 0.278125 0.421875 0.04375 0.04375
0 0.33046875 0.11796875 0.0078125 0.0109375
0 0.43828125 0.1578125 0.0109375 0.0125
0 0.43046875 0.16484375 0.0078125 0.0078125
0 0.36953125 0.15078125 0.0109375 0.0109375
0 0.32890625 0.15390625 0.0109375 0.0140625
0 0.4578125 0.1421875 0.009375 0.0125
0 0.83359375 0.34765625 0.0078125 0.0109375
