0 0.046875 0.3890625 0.05625 0.078125
0 0.06328125 0.51015625 0.0484375 0.0609375
0 0.0953125 0.303125 0.0625 0.078125
0 0.075 0.2046875 0.040625 0.059375
0 0.17578125 0.27734375 0.0484375 0.0609375
0 0.2078125 0.340625 0.05625 0.065625
0 0.1578125 0.5390625 0.05625 0.0625
0 0.27265625 0.490625 0.0484375 0.059375
0 0.2546875 0.3578125 0.034375 0.05
0 0.3046875 0.390625 0.04375 0.065625
0 0.275 0.2140625 0.04375 0.05625
0 0.31875 0.26640625 0.040625 0.0546875
0 0.36484375 0.39765625 0.0546875 0.0734375
0 0.3703125 0.51484375 0.05 0.0609375
0 0.42109375 0.3640625 0.0453125 0.065625
0 0.4921875 0.40703125 0.053125 0.0671875
0 0.5234375 0.33828125 0.05 0.0671875
0 0.56796875 0.38984375 0.0484375 0.0671875
0 0.61328125 0.33671875 0.0484375 0.0671875
0 0.68203125 0.3234375 0.0453125 0.071875
0 0.67265625 0.3953125 0.0453125 0.059375
0 0.69453125 0.46875 0.0453125 0.05625
0 0.734375 0.34375 0.04375 0.0625
0 0.77421875 0.325 0.0484375 0.06875
0 0.821875 0.340625 0.0375 0.05
0 0.85859375 0.3515625 0.0515625 0.0625
0 0.909375 0.31953125 0.04375 0.0578125
0 0.940625 0.3265625 0.053125 0.065625
0 0.9703125 0.32109375 0.034375 0.0515625
0 0.9515625 0.42265625 0.04375 0.0671875
0 1.040625 0.40703125 0.04375 0.0609375
0 1.05234375 0.36015625 0.0390625 0.0484375
0 1.10234375 0.35546875 0.0328125 0.0421875
0 1.0890625 0.41875 0.0375 0.046875
0 1.14375 0.4265625 0.040625 0.053125
0 0.734375 0.5234375 0.046875 0.059375
0 0.3640625 0.69140625 0.040625 0.0484375
0 1.13671875 0.584375 0.0421875 0.053125
0 1.21484375 0.6453125 0.0390625 0.05
0 1.203125 0.428125 0.04375 0.053125
0 1.25546875 0.4109375 0.0453125 0.0625
0 1.33125 0.41953125 0.05 0.0640625
0 1.3984375 0.42421875 0.053125 0.0609375
0 1.44921875 0.4328125 0.0484375 0.071875
0 1.5265625 0.4546875 0.05625 0.0625
0 1.55 0.62890625 0.059375 0.0671875
0 1.5140625 0.7203125 0.0625 0.071875
