0 0.16484375 0.3703125 0.0390625 0.05
0 0.2703125 0.328125 0.046875 0.059375
0 0.41171875 0.3578125 0.0390625 0.05625
0 0.51640625 0.31171875 0.0421875 0.0578125
0 0.64140625 0.3015625 0.0421875 0.065625
0 0.79296875 0.32578125 0.0390625 0.0609375
0 0.934375 0.32109375 0.04375 0.0546875
0 1.09296875 0.32109375 0.0484375 0.0609375
0 1.184375 0.36953125 0.0375 0.0546875
0 1.32421875 0.2984375 0.0453125 0.059375
0 1.42890625 0.353125 0.0453125 0.053125
0 1.38671875 0.45859375 0.0453125 0.0609375
0 1.22578125 0.46796875 0.0453125 0.0515625
0 1.14140625 0.4640625 0.0421875 0.05625
0 1.11640625 0.534375 0.0390625 0.0375
0 1.31328125 0.603125 0.0484375 0.0625
0 1.0328125 0.62421875 0.040625 0.0546875
0 0.97578125 0.49375 0.0421875 0.04375
0 0.840625 0.45390625 0.0375 0.0515625
0 0.74765625 0.4421875 0.0421875 0.059375
0 0.61328125 0.4484375 0.0390625 0.053125
0 0.48359375 0.49375 0.0390625 0.053125
0 0.3703125 0.48515625 0.040625 0.0546875
0 0.2375 0.628125 0.04375 0.053125
0 0.30546875 0.671875 0.0390625 0.04375
0 0.3765625 0.62578125 0.040625 0.0546875
0 0.4734375 0.62578125 0.040625 0.0453125
0 0.56484375 0.640625 0.0359375 0.040625
0 0.6546875 0.60390625 0.034375 0.0484375
0 0.921875 0.61796875 0.046875 0.0546875
