0 1.334375 0.5046875 0.05625 0.05625
0 1.22265625 0.32734375 0.0359375 0.0421875
0 1.13125 0.31875 0.034375 0.0375
0 1.17109375 0.5234375 0.0515625 0.059375
0 1.0390625 0.3375 0.034375 0.040625
0 0.9671875 0.34296875 0.03125 0.0359375
0 0.87734375 0.3265625 0.0390625 0.040625
0 0.778125 0.33671875 0.034375 0.0453125
0 0.70390625 0.34296875 0.0328125 0.0421875
0 0.609375 0.3359375 0.0375 0.040625
0 0.71640625 0.51015625 0.0421875 0.0421875
0 0.88671875 0.5078125 0.0390625 0.046875
0 0.58125 0.50234375 0.040625 0.0515625
