0 0.50234375 0.46953125 0.0421875 0.0578125
0 0.52265625 0.5453125 0.0484375 0.0625
0 0.58828125 0.53203125 0.0453125 0.0546875
0 0.62578125 0.4796875 0.0390625 0.05625
0 0.6796875 0.4796875 0.03125 0.046875
0 0.71328125 0.51953125 0.0359375 0.0453125
0 0.778125 0.54140625 0.059375 0.0703125
0 0.809375 0.4890625 0.040625 0.05625
0 0.89453125 0.51875 0.0453125 0.065625
0 0.9328125 0.46171875 0.040625 0.0484375
0 0.765625 0.64140625 0.05625 0.0796875
0 0.95 0.628125 0.059375 0.06875
0 0.98046875 0.5234375 0.0484375 0.06875
0 1.03203125 0.48359375 0.0484375 0.0609375
0 1.10546875 0.4875 0.0390625 0.046875
0 1.17890625 0.53046875 0.0484375 0.0703125
0 1.2203125 0.49296875 0.0375 0.0515625
0 1.25234375 0.528125 0.0421875 0.05625
0 1.30234375 0.53125 0.0578125 0.071875
0 1.39375 0.54921875 0.071875 0.0984375
0 1.15546875 0.61640625 0.0578125 0.0765625
0 0.16484375 0.5890625 0.0546875 0.071875
0 0.29921875 0.65234375 0.0515625 0.0734375
0 0.34765625 0.6078125 0.0453125 0.065625
0 0.38046875 0.54140625 0.0453125 0.0671875
0 0.47890625 0.6140625 0.0640625 0.075
0 0.42421875 0.49921875 0.0453125 0.0546875
