0 0.33671875 0.634375 0.0234375 0.03125
0 0.28984375 0.62890625 0.0265625 0.0328125
0 0.2359375 0.64296875 0.025 0.0328125
0 0.19453125 0.63125 0.0265625 0.028125
0 0.52734375 0.64375 0.0296875 0.0375
0 0.4953125 0.62734375 0.025 0.0328125
0 0.46171875 0.6328125 0.0265625 0.0375
0 0.40625 0.63125 0.021875 0.028125
0 0.58125 0.6109375 0.025 0.034375
0 0.63671875 0.6109375 0.0234375 0.034375
0 0.675 0.621875 0.028125 0.034375
0 0.76875 0.6140625 0.025 0.0375
0 0.8203125 0.62421875 0.025 0.0328125
0 0.85546875 0.65078125 0.0234375 0.0296875
0 0.8421875 0.60234375 0.025 0.0296875
0 0.8984375 0.61796875 0.028125 0.0359375
0 0.9453125 0.63046875 0.028125 0.0390625
0 1.21171875 0.603125 0.0265625 0.0375
0 1.15625 0.6140625 0.03125 0.034375
0 1.1015625 0.5984375 0.03125 0.0375
0 1.04296875 0.60546875 0.0296875 0.0328125
0 1.25703125 0.6203125 0.0296875 0.040625
0 1.33125 0.596875 0.034375 0.0375
0 1.3890625 0.5984375 0.03125 0.040625
