0 1.5046875 0.5125 0.075 0.08125
0 1.3125 0.55546875 0.059375 0.0734375
0 1.20625 0.515625 0.05 0.071875
0 1.1515625 0.44921875 0.05625 0.0671875
0 1.065625 0.43203125 0.0625 0.0703125
0 1.09609375 0.6453125 0.0609375 0.08125
0 1.23359375 0.73515625 0.0734375 0.0796875
0 1.01171875 0.55703125 0.0546875 0.0640625
0 0.86015625 0.56640625 0.1046875 0.1203125
0 1.53828125 0.8390625 0.0765625 0.0875
0 1.14375 0.83125 0.075 0.09375
0 1.47265625 0.09375 0.0453125 0.053125
0 1.26484375 0.0890625 0.0421875 0.04375
0 1.04453125 0.08515625 0.0421875 0.0484375
0 0.7140625 0.60078125 0.078125 0.0890625
0 0.6078125 0.53671875 0.059375 0.0796875
0 0.52734375 0.5625 0.0390625 0.05
0 0.4953125 0.5046875 0.053125 0.065625
0 0.434375 0.48671875 0.059375 0.0703125
0 0.32109375 0.525 0.0671875 0.075
0 0.440625 0.73828125 0.0625 0.0765625
0 0.5453125 0.7359375 0.065625 0.078125
0 0.28046875 0.86484375 0.0734375 0.0828125
0 0.35625 0.92265625 0.059375 0.0578125
0 0.1265625 0.8359375 0.071875 0.0875
0 0.1046875 0.53515625 0.065625 0.0703125
0 0.2171875 0.51796875 0.059375 0.0734375
