0 1.446875 0.27890625 0.046875 0.0609375
0 1.33125 0.18671875 0.04375 0.0515625
0 1.23671875 0.3078125 0.0453125 0.059375
0 1.33828125 0.48359375 0.0453125 0.0578125
0 1.15234375 0.484375 0.0453125 0.05625
0 1.08359375 0.290625 0.0453125 0.05625
0 1.15625 0.190625 0.040625 0.05
0 0.98046875 0.1890625 0.0421875 0.05
0 0.96875 0.4875 0.046875 0.05625
0 0.87578125 0.3015625 0.0453125 0.05
0 0.75 0.18125 0.04375 0.05
0 0.60390625 0.29296875 0.0453125 0.0578125
0 0.75078125 0.45546875 0.0546875 0.0640625
0 0.515625 0.4703125 0.046875 0.059375
0 0.48671875 0.196875 0.0421875 0.05
0 0.38984375 0.28984375 0.0484375 0.0578125
0 0.2828125 0.18125 0.04375 0.053125
0 0.09765625 0.18125 0.0453125 0.05
0 0.19296875 0.2734375 0.0484375 0.05625
0 0.32109375 0.4859375 0.0515625 0.059375
0 0.1375 0.4796875 0.053125 0.053125
