0 0.2265625 0.53359375 0.053125 0.0640625
0 0.378125 0.51796875 0.05 0.0734375
0 0.103125 0.453125 0.059375 0.06875
0 0.13828125 0.3953125 0.0515625 0.06875
0 0.271875 0.4328125 0.059375 0.06875
0 0.30625 0.3859375 0.05 0.06875
0 0.4078125 0.4109375 0.053125 0.065625
0 0.490625 0.459375 0.05 0.08125
0 0.34609375 0.2890625 0.0484375 0.05625
0 0.4828125 0.33984375 0.05 0.0703125
0 0.56015625 0.2640625 0.0453125 0.06875
0 0.60859375 0.36796875 0.0546875 0.0671875
0 0.68828125 0.33984375 0.0484375 0.0609375
0 0.7578125 0.24453125 0.04375 0.0609375
0 0.79609375 0.3390625 0.0546875 0.078125
0 0.89921875 0.33671875 0.0484375 0.0515625
0 0.9359375 0.4625 0.046875 0.0625
0 1.0046875 0.42890625 0.05 0.0703125
0 1.04921875 0.37421875 0.0484375 0.0703125
0 1.028125 0.27421875 0.046875 0.0546875
0 0.784375 0.46015625 0.046875 0.0609375
0 1.084375 0.48359375 0.05625 0.0734375
0 1.234375 0.5140625 0.05 0.0625
0 1.3875 0.528125 0.053125 0.065625
0 1.29375 0.409375 0.04375 0.0625
0 1.35234375 0.4734375 0.0515625 0.071875
0 1.14296875 0.40703125 0.0453125 0.0578125
0 1.2078125 0.39765625 0.046875 0.0515625
0 1.17421875 0.3078125 0.0484375 0.0625
0 1.309375 0.30703125 0.04375 0.0703125
0 1.50859375 0.50546875 0.0484375 0.0609375
0 0.64921875 0.453125 0.0484375 0.0625
