0 0.6328125 0.36328125 0.05625 0.0609375
0 0.53359375 0.63359375 0.0671875 0.0640625
0 0.43203125 0.34296875 0.0546875 0.0609375
0 0.53984375 0.4421875 0.0203125 0.028125
0 0.27734375 0.296875 0.0515625 0.071875
0 0.1390625 0.34375 0.05 0.05625
0 0.21796875 0.6328125 0.0671875 0.075
0 0.028125 0.62734375 0.05625 0.0703125
0 1.33359375 0.35859375 0.0703125 0.0859375
0 1.10390625 0.359375 0.0640625 0.08125
0 1.19296875 0.68359375 0.0765625 0.0796875
0 0.95390625 0.3515625 0.0578125 0.065625
0 1.0609375 0.69765625 0.071875 0.0796875
0 0.86875 0.68984375 0.06875 0.0734375
0 0.8140625 0.3390625 0.053125 0.059375
0 0.796875 0.6125 0.071875 0.075
