0 1.57734375 0.61484375 0.0171875 0.0296875
0 1.51796875 0.70390625 0.0171875 0.0265625
0 1.5921875 0.709375 0.015625 0.03125
0 1.38125 0.3140625 0.065625 0.0625
0 1.1609375 0.7 0.021875 0.028125
0 1.1921875 0.71640625 0.0125 0.0203125
0 1.21328125 0.68046875 0.0203125 0.0296875
0 1.15703125 0.7609375 0.0234375 0.025
0 1.1078125 0.3671875 0.05 0.0625
0 0.93671875 0.7328125 0.0171875 0.025
0 0.88515625 0.56875 0.0171875 0.021875
0 1.134375 0.559375 0.021875 0.025
0 0.74140625 0.2421875 0.0828125 0.090625
0 0.41640625 0.55625 0.0203125 0.025
0 0.24921875 0.38359375 0.0578125 0.0640625
0 0.08203125 0.48984375 0.0140625 0.0171875
0 0.03515625 0.48046875 0.0140625 0.0171875
0 0.03203125 0.553125 0.0140625 0.015625
0 0.06875 0.565625 0.015625 0.021875
0 0.0125 0.646875 0.01875 0.021875
0 1.58515625 0.41640625 0.0140625 0.0265625
0 1.51796875 0.45078125 0.0171875 0.0203125
0 1.4546875 0.47109375 0.015625 0.0171875
