0 0.603125 0.159375 0.0625 0.090625
0 0.78828125 0.16015625 0.0640625 0.0828125
0 0.84765625 0.1609375 0.0515625 0.071875
0 0.9171875 0.20234375 0.0625 0.0828125
0 0.984375 0.17578125 0.071875 0.0859375
0 0.9296875 0.49609375 0.078125 0.1078125
0 0.6953125 0.521875 0.078125 0.1
0 0.5390625 0.50859375 0.065625 0.1140625
0 1.37265625 0.2234375 0.0828125 0.109375
0 1.3046875 0.14375 0.065625 0.084375
0 1.21484375 0.2109375 0.0671875 0.0875
0 1.13828125 0.1515625 0.0609375 0.078125
0 1.07890625 0.56640625 0.0890625 0.1234375
