0 0.05625 0.43046875 0.04375 0.0546875
0 0.15546875 0.39609375 0.0359375 0.0359375
0 0.153125 0.4421875 0.04375 0.046875
0 0.1265625 0.521875 0.046875 0.053125
0 0.01953125 0.496875 0.0390625 0.05
0 0.02265625 0.5796875 0.0453125 0.05625
0 0.20390625 0.51640625 0.0390625 0.0484375
0 0.2734375 0.534375 0.040625 0.046875
0 0.23203125 0.465625 0.0421875 0.04375
0 0.265625 0.4140625 0.034375 0.04375
0 0.2625 0.37109375 0.021875 0.0265625
0 0.3625 0.4203125 0.034375 0.0375
0 0.32421875 0.45234375 0.0390625 0.0453125
0 0.42578125 0.5390625 0.0390625 0.059375
0 0.43359375 0.4421875 0.0390625 0.05625
0 0.46796875 0.40625 0.0328125 0.040625
0 0.43203125 0.36171875 0.0203125 0.0390625
0 0.5125 0.34921875 0.021875 0.0296875
0 0.60546875 0.35859375 0.0265625 0.0359375
0 0.61875 0.42578125 0.034375 0.0453125
0 0.67421875 0.39375 0.0203125 0.03125
0 0.73984375 0.40390625 0.0203125 0.0296875
0 0.73359375 0.44296875 0.0203125 0.0359375
0 0.61796875 0.48203125 0.0328125 0.0484375
0 0.5265625 0.54609375 0.01875 0.0296875
0 0.56015625 0.553125 0.0453125 0.059375
0 0.74375 0.64609375 0.034375 0.0609375
0 0.77734375 0.64140625 0.0484375 0.0734375
0 0.76640625 0.49921875 0.0390625 0.0453125
0 0.84296875 0.378125 0.0203125 0.03125
0 0.92734375 0.4078125 0.0234375 0.034375
0 0.8984375 0.43125 0.025 0.0375
0 1.0125 0.38984375 0.01875 0.0265625
0 1.05625 0.38515625 0.01875 0.0296875
0 1.12578125 0.4171875 0.0234375 0.034375
0 1.16015625 0.42421875 0.0328125 0.0421875
0 0.96953125 0.42109375 0.0359375 0.0484375
0 1.01484375 0.46171875 0.0421875 0.0640625
0 1.1 0.45 0.028125 0.040625
0 1.17578125 0.48046875 0.0328125 0.0484375
0 1.13125 0.5 0.04375 0.05
0 1.27109375 0.50625 0.0453125 0.06875
0 1.259375 0.42890625 0.03125 0.0390625
0 1.30625 0.446875 0.040625 0.05
0 0.95546875 0.53671875 0.0359375 0.0453125
0 0.98515625 0.621875 0.0453125 0.05625
0 1.12109375 0.596875 0.0484375 0.06875
0 1.22109375 0.61015625 0.0515625 0.0796875
0 1.3546875 0.50859375 0.05 0.0515625
0 1.4 0.44921875 0.04375 0.0484375
0 1.51640625 0.4578125 0.0515625 0.05625
0 1.56328125 0.53984375 0.0484375 0.0515625
0 1.42421875 0.5140625 0.0390625 0.053125
0 0.50234375 0.4390625 0.0296875 0.05
0 1.19375 0.39140625 0.034375 0.0359375
0 0.88828125 0.4 0.0265625 0.03125
0 0.8171875 0.46328125 0.03125 0.0453125
