0 0.43515625 0.5265625 0.0265625 0.028125
0 0.14375 0.52734375 0.03125 0.0328125
0 0.23515625 0.515625 0.0296875 0.03125
0 0.2140625 0.66640625 0.03125 0.0328125
0 0.27421875 0.64296875 0.0265625 0.0296875
0 0.36015625 0.6328125 0.0265625 0.03125
0 0.33671875 0.5359375 0.0265625 0.028125
0 0.38984375 0.76328125 0.0296875 0.0296875
0 0.3125 0.70703125 0.028125 0.0328125
0 0.28515625 0.76953125 0.0328125 0.0328125
0 0.175 0.76953125 0.034375 0.0328125
0 0.45546875 0.63125 0.0296875 0.03125
0 0.4140625 0.675 0.03125 0.03125
0 0.4984375 0.675 0.03125 0.03125
0 0.5453125 0.5296875 0.025 0.028125
0 0.59609375 0.5265625 0.0234375 0.028125
0 0.53671875 0.63125 0.0265625 0.028125
0 0.58203125 0.6828125 0.0296875 0.034375
0 0.61953125 0.628125 0.0265625 0.028125
0 0.64609375 0.52578125 0.0265625 0.0296875
0 0.7046875 0.503125 0.025 0.025
0 0.7578125 0.525 0.025 0.028125
0 0.7015625 0.640625 0.028125 0.028125
0 0.66640625 0.70625 0.0296875 0.028125
0 0.48125 0.7703125 0.03125 0.034375
0 0.57421875 0.7625 0.0328125 0.034375
0 0.6734375 0.78046875 0.03125 0.0359375
0 0.9796875 0.68203125 0.028125 0.0296875
0 0.97734375 0.63515625 0.0265625 0.0265625
0 0.9140625 0.64921875 0.028125 0.0265625
0 0.8875 0.68984375 0.028125 0.0296875
0 0.84609375 0.6203125 0.0265625 0.03125
0 0.78671875 0.6328125 0.0265625 0.03125
0 0.7859375 0.678125 0.028125 0.028125
0 1.00234375 0.5125 0.0265625 0.025
0 0.946875 0.5328125 0.028125 0.028125
0 0.9 0.5125 0.025 0.028125
0 0.85 0.53203125 0.025 0.0265625
0 0.803125 0.50078125 0.025 0.0265625
0 1.3109375 0.5171875 0.028125 0.03125
0 1.21875 0.52109375 0.025 0.0296875
0 1.365625 0.4875 0.028125 0.028125
0 1.1828125 0.484375 0.025 0.03125
0 1.14375 0.5359375 0.025 0.025
0 1.10546875 0.51875 0.0234375 0.025
0 1.06640625 0.53046875 0.0265625 0.0296875
0 1.17109375 0.628125 0.0234375 0.028125
0 1.26171875 0.63515625 0.0296875 0.0328125
0 1.084375 0.6453125 0.025 0.028125
0 1.2734375 0.68828125 0.028125 0.0296875
0 1.26328125 0.746875 0.0296875 0.034375
0 1.153125 0.7515625 0.034375 0.0375
0 1.0484375 0.73671875 0.028125 0.0328125
0 1.13046875 0.6890625 0.0296875 0.03125
0 1.05234375 0.690625 0.0265625 0.03125
0 0.9515625 0.746875 0.028125 0.03125
0 0.8578125 0.7578125 0.03125 0.03125
0 0.75703125 0.7609375 0.0296875 0.034375
0 1.47578125 0.5265625 0.0265625 0.028125
0 1.3984375 0.53359375 0.028125 0.0296875
0 1.471875 0.63515625 0.03125 0.0359375
0 1.41328125 0.62421875 0.0296875 0.0328125
0 1.459375 0.74921875 0.034375 0.0359375
0 1.359375 0.68984375 0.03125 0.0328125
0 1.3515625 0.7546875 0.03125 0.03125
0 1.1796875 0.69140625 0.028125 0.0296875
