0 0.09921875 0.259375 0.0234375 0.028125
0 0.15546875 0.24375 0.0234375 0.03125
0 0.30078125 0.2484375 0.0296875 0.034375
0 0.35390625 0.26171875 0.0296875 0.0328125
0 0.53203125 0.2515625 0.0296875 0.034375
0 0.61796875 0.24453125 0.0328125 0.0421875
0 0.6703125 0.2625 0.021875 0.040625
0 0.7234375 0.28515625 0.034375 0.0421875
0 0.81328125 0.2640625 0.0390625 0.04375
0 0.87421875 0.2875 0.0328125 0.046875
0 0.95234375 0.30625 0.0390625 0.046875
0 1.15546875 0.3109375 0.0734375 0.115625
0 1.428125 0.30234375 0.065625 0.0859375
0 1.3328125 0.290625 0.009375 0.015625
