0 1.565625 0.46640625 0.040625 0.0453125
0 1.5453125 0.55625 0.05625 0.065625
0 1.5578125 0.6484375 0.053125 0.065625
0 1.578125 0.78125 0.04375 0.0625
0 1.3703125 0.63046875 0.05625 0.0640625
0 1.38984375 0.54375 0.0546875 0.065625
0 1.4296875 0.42421875 0.040625 0.0453125
0 1.240625 0.459375 0.046875 0.05
0 1.09140625 0.4484375 0.0390625 0.046875
0 1.046875 0.43203125 0.0375 0.0421875
0 1.11796875 0.525 0.0421875 0.05
0 1.00234375 0.51484375 0.0421875 0.0515625
0 0.95546875 0.4109375 0.0421875 0.046875
0 0.80859375 0.43203125 0.0390625 0.0453125
0 0.94765625 0.5640625 0.0484375 0.053125
0 1.01875 0.58515625 0.053125 0.0515625
0 1.21796875 0.6734375 0.0515625 0.059375
0 1.1640625 0.653125 0.053125 0.05625
0 1.09453125 0.6734375 0.0546875 0.0625
0 0.99375 0.696875 0.05 0.059375
0 0.9109375 0.67890625 0.05 0.0578125
0 0.93984375 0.65234375 0.0421875 0.0640625
0 0.85859375 0.5890625 0.0421875 0.046875
0 0.85703125 0.69453125 0.0453125 0.0609375
0 0.8078125 0.6765625 0.05 0.053125
0 0.78203125 0.66640625 0.0453125 0.0484375
0 0.796875 0.621875 0.0375 0.04375
0 0.73125 0.63671875 0.03125 0.0359375
0 0.69296875 0.6515625 0.0390625 0.05625
0 0.7390625 0.4625 0.0375 0.04375
0 0.63671875 0.47578125 0.0390625 0.0421875
0 0.73984375 0.7390625 0.0453125 0.05625
0 0.7234375 0.68515625 0.040625 0.0515625
0 0.6328125 0.64140625 0.046875 0.0609375
0 0.565625 0.62421875 0.046875 0.0578125
0 0.56171875 0.53671875 0.0390625 0.0453125
0 0.50078125 0.55703125 0.0390625 0.0421875
0 0.43984375 0.53984375 0.0421875 0.0453125
0 0.42890625 0.46171875 0.0390625 0.0484375
0 0.3828125 0.62421875 0.053125 0.0609375
0 0.50703125 0.65078125 0.0515625 0.0609375
0 0.30234375 0.6171875 0.0484375 0.053125
0 0.2296875 0.59296875 0.046875 0.0546875
0 0.171875 0.609375 0.040625 0.046875
0 0.12578125 0.6015625 0.0453125 0.05
0 0.0875 0.50078125 0.05 0.0546875
0 0.0484375 0.61171875 0.053125 0.0578125
0 0.0234375 0.59765625 0.04375 0.0578125
0 1.1671875 0.6109375 0.0375 0.06875
