0 0.259375 0.46328125 0.1375 0.1671875
0 0.50859375 0.3265625 0.1421875 0.203125
0 0.80390625 0.17734375 0.1328125 0.1859375
0 1.103125 0.284375 0.1375 0.171875
0 1.38828125 0.38359375 0.1328125 0.1671875
0 0.19453125 0.88046875 0.1234375 0.1859375
0 0.815625 0.7671875 0.171875 0.24375
0 1.43046875 0.7578125 0.1109375 0.171875
0 1.34921875 1.1734375 0.1421875 0.18125
0 0.3078125 1.28984375 0.1375 0.1765625
0 0.1703125 1.7328125 0.11875 0.159375
0 0.39375 1.9765625 0.10625 0.159375
0 0.6859375 1.9203125 0.115625 0.171875
0 0.965625 1.8671875 0.11875 0.171875
0 1.21953125 1.73515625 0.1328125 0.1640625
0 1.43515625 1.575 0.1109375 0.18125
