0 0.309375 0.59453125 0.078125 0.0796875
0 0.721875 0.76875 0.0625 0.075
0 1.20859375 0.7046875 0.0609375 0.071875
0 1.42890625 0.6609375 0.0671875 0.08125
0 1.2609375 0.41328125 0.05625 0.0671875
0 1.2 0.33828125 0.059375 0.0671875
0 1.12421875 0.40703125 0.0609375 0.0703125
0 1.0140625 0.38203125 0.0625 0.0703125
0 0.93671875 0.4140625 0.0640625 0.065625
0 0.7671875 0.3578125 0.06875 0.075
0 0.596875 0.35390625 0.0625 0.0703125
0 0.43046875 0.3265625 0.0671875 0.08125
0 0.24453125 0.315625 0.0671875 0.08125
