0 0.20625 0.36171875 0.040625 0.0484375
0 0.2375 0.328125 0.0375 0.05
0 0.30234375 0.35546875 0.0328125 0.0359375
0 0.3703125 0.3359375 0.040625 0.040625
0 0.33203125 0.29140625 0.0421875 0.0515625
0 0.4453125 0.29921875 0.040625 0.0484375
0 0.50390625 0.31640625 0.0390625 0.0484375
0 0.55234375 0.2875 0.0359375 0.046875
0 0.62578125 0.32734375 0.0390625 0.0515625
0 0.67578125 0.27890625 0.0453125 0.0578125
0 0.753125 0.32421875 0.040625 0.0578125
0 0.7875 0.27578125 0.0375 0.0515625
0 0.83125 0.309375 0.040625 0.053125
0 0.890625 0.3015625 0.04375 0.05
0 0.9796875 0.3140625 0.0375 0.05
0 0.9609375 0.265625 0.0375 0.046875
0 1.08359375 0.2921875 0.0359375 0.05
0 1.12421875 0.30078125 0.0390625 0.0421875
0 1.14140625 0.24375 0.0390625 0.05
0 1.24140625 0.2671875 0.0421875 0.0625
0 1.3765625 0.26484375 0.04375 0.0578125
