0 0.20546875 0.4359375 0.0328125 0.04375
0 0.121875 0.4359375 0.03125 0.0375
0 0.03828125 0.43046875 0.0265625 0.0296875
0 0.07578125 0.4453125 0.0234375 0.025
0 0.3625 0.44296875 0.034375 0.0421875
0 0.40859375 0.425 0.0171875 0.021875
0 0.49140625 0.44375 0.0265625 0.028125
0 0.5234375 0.45546875 0.025 0.0328125
0 0.57890625 0.4578125 0.0359375 0.04375
0 0.79921875 0.484375 0.0296875 0.040625
0 0.91796875 0.4453125 0.0390625 0.040625
0 0.978125 0.40859375 0.04375 0.0515625
0 1.02578125 0.44921875 0.0265625 0.0296875
0 1.22109375 0.46640625 0.0453125 0.0578125
0 1.2921875 0.46171875 0.034375 0.0453125
0 1.58671875 0.4546875 0.0265625 0.05625
