0 0.28359375 0.3046875 0.0296875 0.03125
0 0.35625 0.29609375 0.0375 0.0390625
0 0.484375 0.25 0.028125 0.0375
0 0.5703125 0.2625 0.03125 0.040625
0 0.6921875 0.196875 0.028125 0.0375
0 0.665625 0.25859375 0.028125 0.0328125
0 0.62265625 0.2734375 0.0296875 0.0375
0 0.7203125 0.2703125 0.03125 0.040625
0 0.78515625 0.26328125 0.0265625 0.0328125
0 0.64609375 0.31953125 0.0328125 0.0390625
0 0.58203125 0.32734375 0.0296875 0.0421875
0 0.51875 0.296875 0.028125 0.0375
0 0.77109375 0.328125 0.0296875 0.0375
0 0.3921875 0.34453125 0.03125 0.0390625
0 0.49609375 0.35546875 0.0296875 0.0421875
0 0.41484375 0.425 0.0359375 0.046875
0 0.51875 0.43046875 0.034375 0.0421875
0 0.2625 0.3828125 0.034375 0.0375
0 0.25078125 0.5015625 0.0359375 0.04375
0 0.35390625 0.51171875 0.0359375 0.0484375
0 0.52109375 0.51953125 0.0359375 0.0484375
0 0.6078125 0.38828125 0.03125 0.0390625
0 0.665625 0.37421875 0.03125 0.0328125
0 0.81328125 0.34453125 0.0296875 0.0421875
0 0.86875 0.31875 0.028125 0.04375
0 0.70625 0.41640625 0.034375 0.0421875
0 0.60390625 0.4703125 0.0328125 0.0375
0 0.73046875 0.46015625 0.0328125 0.0421875
0 0.8140625 0.43671875 0.028125 0.0421875
0 0.77890625 0.5234375 0.0359375 0.04375
0 0.85078125 0.503125 0.0328125 0.040625
0 0.84140625 0.259375 0.0296875 0.034375
0 0.975 0.33125 0.034375 0.040625
0 0.98828125 0.253125 0.0296875 0.0375
0 0.92109375 0.371875 0.0328125 0.046875
0 0.89140625 0.46640625 0.0328125 0.0453125
0 0.9296875 0.446875 0.028125 0.0375
0 1.0 0.46796875 0.034375 0.0453125
0 1.01484375 0.39765625 0.0296875 0.0484375
0 0.90078125 0.52890625 0.0296875 0.0390625
0 0.953125 0.51171875 0.03125 0.0421875
0 1.01875 0.51875 0.034375 0.04375
0 1.08515625 0.50078125 0.0296875 0.0421875
0 1.12109375 0.53203125 0.0328125 0.0453125
0 1.08515625 0.3953125 0.0296875 0.040625
0 1.14921875 0.421875 0.0328125 0.04375
0 1.20625 0.46953125 0.034375 0.0421875
0 1.24921875 0.51171875 0.0296875 0.0390625
0 1.29765625 0.52578125 0.0390625 0.0515625
0 1.38671875 0.48828125 0.0359375 0.0484375
0 1.18125 0.365625 0.028125 0.040625
0 1.25703125 0.27421875 0.0265625 0.0390625
0 1.14296875 0.30546875 0.0328125 0.0421875
0 0.6234375 0.53671875 0.0375 0.0453125
