0 0.1109375 0.23046875 0.040625 0.0484375
0 0.1828125 0.28125 0.021875 0.028125
0 0.33046875 0.29296875 0.0421875 0.0484375
0 0.31171875 0.2109375 0.0421875 0.046875
0 0.465625 0.23984375 0.040625 0.0484375
0 0.5328125 0.234375 0.0375 0.040625
0 0.3265625 0.53046875 0.053125 0.0609375
0 0.4890625 0.5171875 0.053125 0.059375
0 0.51953125 0.39453125 0.0515625 0.0546875
0 0.5953125 0.4078125 0.0375 0.04375
0 0.58984375 0.2453125 0.0453125 0.046875
0 0.65234375 0.228125 0.0296875 0.040625
0 0.775 0.23515625 0.034375 0.0453125
0 0.66328125 0.384375 0.0359375 0.046875
0 0.709375 0.3984375 0.040625 0.053125
0 0.76328125 0.53515625 0.0578125 0.0640625
0 0.90234375 0.246875 0.0359375 0.040625
0 0.97421875 0.22109375 0.0359375 0.0453125
0 1.00703125 0.2328125 0.0265625 0.04375
0 1.065625 0.24765625 0.034375 0.0359375
0 0.80078125 0.39375 0.0390625 0.040625
0 0.77734375 0.3625 0.0359375 0.04375
0 0.87734375 0.396875 0.0453125 0.053125
0 0.9109375 0.3625 0.0375 0.05
0 0.9578125 0.3703125 0.04375 0.053125
0 1.04140625 0.396875 0.0453125 0.059375
0 1.109375 0.38203125 0.040625 0.0546875
0 1.11875 0.25703125 0.0375 0.0453125
0 1.09375 0.55078125 0.05 0.0546875
0 1.2421875 0.54140625 0.046875 0.0578125
0 1.17109375 0.40390625 0.0453125 0.0515625
0 1.2453125 0.39140625 0.040625 0.0421875
0 1.30078125 0.365625 0.0421875 0.05
0 1.4828125 0.259375 0.03125 0.0375
0 1.3421875 0.25 0.04375 0.04375
0 1.303125 0.24140625 0.040625 0.0421875
0 1.23046875 0.2546875 0.0359375 0.04375
0 1.2546875 0.2296875 0.028125 0.03125
0 1.15546875 0.225 0.0390625 0.04375
0 1.14140625 0.315625 0.0171875 0.025
