0 1.4390625 0.28984375 0.053125 0.0703125
0 1.32421875 0.30625 0.0515625 0.075
0 1.4 0.42578125 0.059375 0.0734375
0 1.26875 0.52421875 0.05 0.0734375
0 1.10546875 0.5328125 0.0453125 0.065625
0 0.9859375 0.528125 0.05 0.071875
0 1.22265625 0.26484375 0.0515625 0.0578125
0 1.115625 0.3015625 0.05 0.065625
0 0.99921875 0.30703125 0.0484375 0.0609375
0 0.88359375 0.309375 0.0484375 0.06875
0 0.77890625 0.29609375 0.0515625 0.0671875
0 0.65078125 0.26328125 0.0484375 0.0640625
0 0.515625 0.26796875 0.05 0.0640625
0 0.3984375 0.26796875 0.05 0.0671875
0 0.26796875 0.27734375 0.0484375 0.0640625
0 0.1359375 0.29921875 0.05 0.0640625
0 0.865625 0.52109375 0.05 0.0609375
0 0.721875 0.53671875 0.053125 0.0734375
0 0.56953125 0.52265625 0.0546875 0.0609375
0 0.42890625 0.5140625 0.0515625 0.06875
0 0.2921875 0.5046875 0.053125 0.065625
0 0.15546875 0.42109375 0.0515625 0.0765625
