0 0.17421875 0.31796875 0.0453125 0.0671875
0 0.26015625 0.25859375 0.0546875 0.0640625
0 0.2734375 0.20078125 0.05 0.0609375
0 0.3625 0.25390625 0.05 0.0671875
0 0.359375 0.17734375 0.046875 0.0546875
0 0.41640625 0.1703125 0.0484375 0.05625
0 0.465625 0.20625 0.053125 0.065625
0 0.5234375 0.18828125 0.046875 0.0640625
0 0.55234375 0.271875 0.0515625 0.065625
0 0.465625 0.30390625 0.053125 0.0578125
0 0.584375 0.22578125 0.046875 0.0546875
0 0.6375 0.2640625 0.05 0.06875
0 0.62421875 0.16484375 0.0453125 0.0578125
0 0.709375 0.18359375 0.053125 0.0703125
0 0.7390625 0.12265625 0.053125 0.0640625
0 0.7828125 0.2171875 0.053125 0.06875
0 0.81953125 0.15625 0.0484375 0.059375
0 0.85625 0.1859375 0.05 0.0625
0 0.90546875 0.246875 0.0484375 0.065625
0 0.91484375 0.17421875 0.0515625 0.0578125
0 0.99296875 0.19453125 0.0484375 0.0640625
0 1.01171875 0.27421875 0.0546875 0.0671875
0 1.0171875 0.153125 0.04375 0.053125
0 1.08984375 0.1359375 0.0453125 0.053125
0 1.0578125 0.1875 0.046875 0.059375
0 1.1 0.24765625 0.05625 0.0734375
0 1.11796875 0.1671875 0.0484375 0.0625
0 1.1875 0.17265625 0.05625 0.0640625
0 1.240625 0.15078125 0.04375 0.0546875
0 1.2625 0.18671875 0.059375 0.0703125
0 1.31953125 0.153125 0.0546875 0.06875
0 1.3671875 0.19921875 0.05625 0.0765625
0 1.47578125 0.3109375 0.0265625 0.046875
0 1.590625 0.30546875 0.01875 0.0328125
