0 0.04921875 0.05703125 0.0359375 0.0453125
0 0.3140625 0.1234375 0.0375 0.046875
0 0.43203125 0.11328125 0.0390625 0.0453125
0 0.67265625 0.2296875 0.0296875 0.03125
0 0.75625 0.48671875 0.021875 0.0234375
0 0.30390625 0.81484375 0.0609375 0.0671875
0 0.4078125 0.85234375 0.0625 0.0609375
0 0.91484375 0.1234375 0.0203125 0.025
0 0.9515625 0.1375 0.01875 0.025
0 1.25 0.12734375 0.0125 0.0171875
0 1.2265625 0.11640625 0.00625 0.0109375
0 1.1859375 0.134375 0.009375 0.0125
0 0.91640625 0.528125 0.0234375 0.025
0 0.98671875 0.5203125 0.0234375 0.025
0 1.13125 0.58984375 0.01875 0.0203125
0 1.50078125 0.02421875 0.0203125 0.0203125
0 1.3953125 0.02421875 0.021875 0.0234375
0 1.43671875 0.259375 0.0203125 0.021875
0 1.36640625 0.52109375 0.0234375 0.0265625
0 1.39609375 0.496875 0.0203125 0.025
0 1.43984375 0.56484375 0.0203125 0.0265625
0 1.5828125 0.51484375 0.003125 0.0046875
0 1.353125 0.83359375 0.021875 0.0234375
0 0.7875 0.8171875 0.03125 0.034375
0 0.86328125 0.840625 0.0265625 0.04375
0 0.89140625 0.8390625 0.0390625 0.046875
