0 0.60546875 0.2765625 0.0359375 0.046875
0 0.69453125 0.29765625 0.0453125 0.0671875
0 0.7609375 0.26171875 0.05 0.0546875
0 0.9125 0.17890625 0.0375 0.0515625
0 0.40390625 0.42421875 0.0515625 0.0609375
0 0.53828125 0.41015625 0.0515625 0.0671875
0 0.6734375 0.40703125 0.04375 0.0546875
0 0.7609375 0.4484375 0.04375 0.04375
0 0.88359375 0.4296875 0.0484375 0.059375
0 0.97578125 0.4578125 0.0484375 0.053125
0 0.61640625 0.55625 0.0453125 0.05625
0 0.84453125 0.6375 0.0515625 0.075
0 0.97109375 0.61796875 0.0484375 0.0671875
0 1.1484375 0.40625 0.05 0.065625
0 1.2015625 0.59296875 0.04375 0.0609375
0 1.275 0.6609375 0.046875 0.05
0 1.2015625 0.68515625 0.040625 0.0484375
0 1.06640625 0.61953125 0.0390625 0.0546875
0 0.471875 0.68359375 0.059375 0.0734375
0 0.60078125 0.7375 0.0515625 0.071875
0 0.434375 0.74296875 0.040625 0.0421875
0 0.7703125 0.70234375 0.040625 0.0484375
0 0.94296875 0.77265625 0.0453125 0.0578125
