0 0.1203125 0.48671875 0.096875 0.1265625
0 0.125 0.596875 0.053125 0.075
0 0.3046875 0.57421875 0.075 0.1078125
0 0.45078125 0.5125 0.0703125 0.096875
0 0.64375 0.51875 0.065625 0.1125
0 0.77578125 0.61640625 0.0609375 0.0828125
0 0.7453125 0.56328125 0.05625 0.0703125
0 0.97578125 0.5703125 0.0703125 0.103125
0 1.02421875 0.51015625 0.0546875 0.0796875
0 1.18984375 0.5890625 0.0671875 0.084375
0 1.2578125 0.5796875 0.053125 0.06875
0 1.31640625 0.48984375 0.0578125 0.0765625
0 1.44296875 0.52421875 0.0546875 0.1203125
