0 1.5140625 0.465625 0.03125 0.040625
0 1.46796875 0.46328125 0.0328125 0.0359375
0 1.425 0.4703125 0.034375 0.04375
0 1.5046875 0.525 0.03125 0.04375
0 1.3796875 0.51328125 0.025 0.0359375
0 1.33046875 0.51171875 0.0296875 0.0359375
0 1.29609375 0.4796875 0.0265625 0.040625
0 1.2453125 0.4640625 0.03125 0.040625
0 1.20546875 0.46875 0.0328125 0.040625
0 1.18125 0.4796875 0.028125 0.040625
0 1.15390625 0.50390625 0.0265625 0.0359375
0 1.13203125 0.46640625 0.0296875 0.0390625
0 1.07265625 0.453125 0.0328125 0.04375
0 1.0125 0.51171875 0.028125 0.0328125
0 0.98671875 0.50625 0.0296875 0.0375
0 0.93671875 0.478125 0.0296875 0.0375
0 0.9109375 0.48671875 0.028125 0.0359375
0 0.875 0.4953125 0.025 0.0375
0 0.77109375 0.52109375 0.0265625 0.0359375
0 0.7578125 0.478125 0.03125 0.040625
0 0.6828125 0.47109375 0.03125 0.0390625
0 0.65390625 0.51171875 0.0296875 0.0359375
0 0.62734375 0.5125 0.0265625 0.034375
0 0.59296875 0.49375 0.0265625 0.03125
0 0.59296875 0.5234375 0.0296875 0.034375
0 0.47421875 0.50078125 0.0296875 0.0453125
0 0.41015625 0.5296875 0.0265625 0.03125
0 0.37578125 0.51640625 0.0265625 0.0328125
0 0.31328125 0.4953125 0.0328125 0.0375
0 0.278125 0.4609375 0.028125 0.040625
0 0.21640625 0.521875 0.0265625 0.034375
0 0.1296875 0.5078125 0.028125 0.03125
0 0.0609375 0.5265625 0.028125 0.0375
0 0.08671875 0.471875 0.0296875 0.03125
0 0.04296875 0.49296875 0.0296875 0.0359375
