0 0.28671875 0.80625 0.0921875 0.11875
0 0.5640625 0.68046875 0.05625 0.0578125
0 0.646875 0.60703125 0.040625 0.0578125
0 0.8734375 0.56875 0.0375 0.040625
0 0.959375 0.53359375 0.03125 0.0390625
0 1.015625 0.5125 0.028125 0.0375
0 0.9140625 0.44453125 0.0125 0.0171875
0 1.0671875 0.48828125 0.025 0.0296875
0 1.10625 0.475 0.021875 0.028125
0 1.134375 0.45 0.01875 0.021875
0 1.1546875 0.4609375 0.01875 0.025
0 1.328125 0.4375 0.015625 0.01875
0 1.3421875 0.44765625 0.01875 0.0203125
0 1.34453125 0.51015625 0.0265625 0.0359375
0 1.3859375 0.503125 0.025 0.025
0 1.46171875 0.45234375 0.0171875 0.0203125
0 1.34296875 0.59765625 0.0421875 0.0453125
0 1.43046875 0.58828125 0.0390625 0.0421875
0 1.2125 0.86328125 0.08125 0.0921875
0 1.425 0.71875 0.059375 0.05625
