0 0.2828125 0.60234375 0.028125 0.0296875
0 0.253125 0.63828125 0.03125 0.0328125
0 0.22734375 0.65703125 0.0296875 0.0359375
0 0.1875 0.7046875 0.03125 0.03125
0 0.08828125 0.69296875 0.0265625 0.0328125
0 0.13515625 0.65390625 0.0296875 0.0328125
0 0.04765625 0.6015625 0.0265625 0.034375
0 0.09765625 0.63203125 0.0328125 0.0328125
0 0.1453125 0.603125 0.034375 0.0375
0 0.30859375 0.52890625 0.0234375 0.0296875
0 0.2046875 0.6296875 0.028125 0.03125
0 0.09921875 0.5484375 0.0234375 0.025
0 0.1453125 0.53671875 0.025 0.0265625
0 0.2359375 0.584375 0.025 0.03125
0 0.04140625 0.6796875 0.0296875 0.03125
0 0.05078125 0.5609375 0.0296875 0.03125
0 0.009375 0.51953125 0.01875 0.0265625
0 0.47109375 0.66171875 0.0328125 0.0359375
0 0.55703125 0.66953125 0.0296875 0.0296875
0 0.33984375 0.6234375 0.0328125 0.03125
0 0.43671875 0.628125 0.0296875 0.03125
0 0.5640625 0.58671875 0.025 0.0296875
0 0.4640625 0.521875 0.021875 0.028125
0 0.54765625 0.5171875 0.0203125 0.028125
0 0.58359375 0.54140625 0.0234375 0.0296875
0 0.36796875 0.60390625 0.0265625 0.0328125
0 0.4203125 0.5859375 0.025 0.028125
0 0.3453125 0.52109375 0.021875 0.0265625
0 0.365625 0.5234375 0.021875 0.025
0 0.43203125 0.5453125 0.0234375 0.028125
0 0.403125 0.5359375 0.028125 0.03125
0 0.50390625 0.5515625 0.0234375 0.028125
0 0.49296875 0.5328125 0.0234375 0.028125
0 0.3375 0.55625 0.028125 0.028125
0 0.615625 0.58515625 0.021875 0.0296875
0 0.51796875 0.5765625 0.0234375 0.03125
0 0.72890625 0.671875 0.0265625 0.03125
0 0.86328125 0.65859375 0.0296875 0.0328125
0 0.66640625 0.6640625 0.0328125 0.034375
0 0.76015625 0.628125 0.0296875 0.0375
0 0.8265625 0.65703125 0.03125 0.0328125
0 0.91796875 0.65 0.0296875 0.034375
0 0.9015625 0.53046875 0.028125 0.0296875
0 0.7796875 0.5421875 0.021875 0.028125
0 0.67578125 0.62734375 0.0265625 0.0328125
0 0.72890625 0.56796875 0.0265625 0.0296875
0 0.678125 0.52265625 0.021875 0.0265625
0 0.6875 0.55703125 0.021875 0.0296875
0 0.6453125 0.6546875 0.028125 0.028125
0 0.7546875 0.534375 0.021875 0.025
0 0.84765625 0.52265625 0.0203125 0.0265625
0 0.64375 0.496875 0.01875 0.021875
0 0.70546875 0.51875 0.0234375 0.025
0 0.8671875 0.56328125 0.021875 0.0234375
0 0.87578125 0.5 0.0203125 0.025
0 1.09609375 0.5296875 0.0265625 0.028125
0 1.0484375 0.51171875 0.025 0.0265625
0 1.03828125 0.6296875 0.0265625 0.034375
0 0.99296875 0.575 0.0265625 0.03125
0 1.03359375 0.56796875 0.0265625 0.0296875
0 0.809375 0.58671875 0.021875 0.0234375
0 0.9296875 0.61015625 0.025 0.0328125
0 0.97265625 0.63984375 0.0265625 0.0359375
0 1.0 0.65625 0.028125 0.0375
0 0.87734375 0.63125 0.0296875 0.0375
0 1.20859375 0.68515625 0.0296875 0.0390625
0 1.22890625 0.64765625 0.0296875 0.0359375
0 1.0953125 0.67890625 0.028125 0.0265625
0 1.13828125 0.6578125 0.0328125 0.0375
0 1.11171875 0.5703125 0.0265625 0.03125
0 1.203125 0.59921875 0.028125 0.0328125
0 1.2890625 0.5921875 0.025 0.03125
0 1.15 0.56796875 0.025 0.0265625
0 1.21015625 0.51171875 0.0234375 0.0265625
0 1.25078125 0.628125 0.0265625 0.034375
0 1.20234375 0.55390625 0.0234375 0.0328125
0 1.2765625 0.52265625 0.028125 0.0328125
0 1.0171875 0.5375 0.025 0.025
0 1.54140625 0.6625 0.0328125 0.04375
0 1.390625 0.66171875 0.034375 0.0390625
0 1.4390625 0.62109375 0.028125 0.0328125
0 1.31875 0.675 0.028125 0.034375
0 1.32578125 0.64453125 0.0265625 0.0328125
0 1.40546875 0.584375 0.0265625 0.03125
0 1.32421875 0.5953125 0.0265625 0.034375
0 1.50234375 0.5703125 0.0234375 0.025
0 1.34140625 0.5484375 0.0234375 0.028125
0 1.5875 0.5140625 0.021875 0.028125
0 1.5859375 0.6421875 0.025 0.034375
0 1.571875 0.59609375 0.028125 0.0328125
0 1.52265625 0.56875 0.0234375 0.028125
0 1.4640625 0.534375 0.021875 0.025
0 1.44609375 0.55390625 0.0234375 0.0265625
0 1.4484375 0.50234375 0.021875 0.0265625
0 1.38671875 0.5421875 0.0265625 0.028125
0 0.109375 0.5828125 0.025 0.03125
0 0.22890625 0.503125 0.0234375 0.028125
0 0.196875 0.4765625 0.01875 0.025
0 0.15859375 0.4859375 0.0234375 0.028125
0 0.07890625 0.4671875 0.0203125 0.025
0 0.40078125 0.48671875 0.0265625 0.0265625
0 0.4859375 0.5046875 0.01875 0.025
0 0.42890625 0.50234375 0.0265625 0.0296875
0 0.45546875 0.48984375 0.0171875 0.0203125
0 0.45703125 0.46875 0.0140625 0.01875
0 0.37421875 0.45546875 0.0171875 0.0203125
0 0.290625 0.50078125 0.015625 0.0203125
0 0.340625 0.4796875 0.01875 0.021875
0 0.325 0.4546875 0.01875 0.021875
0 0.28203125 0.46484375 0.0140625 0.0203125
0 0.6125 0.471875 0.021875 0.021875
0 0.653125 0.46796875 0.021875 0.0234375
0 0.66875 0.503125 0.021875 0.025
0 0.509375 0.4671875 0.015625 0.021875
0 0.753125 0.49765625 0.01875 0.0234375
0 0.72421875 0.484375 0.0171875 0.01875
0 0.81796875 0.50234375 0.0203125 0.0234375
0 0.9390625 0.5078125 0.021875 0.025
0 0.78359375 0.484375 0.0203125 0.021875
0 0.84765625 0.4625 0.0171875 0.021875
0 0.82421875 0.4625 0.0171875 0.01875
0 0.80234375 0.54140625 0.0203125 0.0234375
0 0.82578125 0.54296875 0.0203125 0.0265625
0 0.5953125 0.42578125 0.021875 0.0234375
0 0.5375 0.43046875 0.01875 0.0203125
0 1.2515625 0.496875 0.01875 0.025
0 1.44921875 0.48125 0.0234375 0.028125
0 1.3296875 0.49375 0.021875 0.025
0 1.04296875 0.49375 0.0265625 0.028125
0 1.58359375 0.29921875 0.0171875 0.0171875
0 1.08828125 0.50703125 0.0203125 0.0234375
0 1.16015625 0.49453125 0.0171875 0.0171875
0 1.171875 0.5515625 0.021875 0.025
0 1.36171875 0.515625 0.0203125 0.025
0 1.36171875 0.61796875 0.0328125 0.0421875
0 0.0921875 0.5046875 0.01875 0.021875
0 0.2546875 0.52421875 0.028125 0.0296875
0 0.178125 0.565625 0.028125 0.03125
0 0.20546875 0.55546875 0.0234375 0.0296875
0 1.5 0.59921875 0.021875 0.0296875
0 0.50625 0.63359375 0.03125 0.0390625
0 0.7 0.61328125 0.025 0.0359375
0 0.6546875 0.590625 0.021875 0.028125
0 1.24375 0.571875 0.028125 0.034375
0 0.0109375 0.603125 0.021875 0.0375
0 0.309375 0.5921875 0.03125 0.040625
