0 1.55390625 0.41796875 0.0109375 0.0203125
0 1.52890625 0.38515625 0.0140625 0.0171875
0 1.51953125 0.415625 0.0140625 0.015625
0 1.496875 0.428125 0.0125 0.015625
0 1.490625 0.3953125 0.0125 0.015625
0 1.48828125 0.365625 0.0109375 0.015625
0 1.48359375 0.35 0.0109375 0.0125
0 1.478125 0.33203125 0.0125 0.0140625
0 1.459375 0.31171875 0.0125 0.0140625
0 1.45546875 0.34296875 0.0109375 0.0140625
0 1.44765625 0.33828125 0.0109375 0.0109375
0 1.459375 0.371875 0.0125 0.0125
0 1.45078125 0.390625 0.0140625 0.015625
0 1.46328125 0.4140625 0.0140625 0.015625
0 1.44140625 0.41484375 0.0109375 0.0140625
0 1.4171875 0.39296875 0.0125 0.0140625
0 1.4296875 0.371875 0.0125 0.015625
0 1.41796875 0.34296875 0.0109375 0.0140625
0 1.40625 0.359375 0.0125 0.0125
0 1.3890625 0.3453125 0.0125 0.015625
0 1.421875 0.31875 0.0125 0.015625
0 1.43125 0.31328125 0.009375 0.0140625
0 1.396875 0.29921875 0.0125 0.0140625
0 1.3828125 0.3140625 0.0125 0.015625
0 1.3578125 0.29765625 0.0125 0.0140625
0 1.3484375 0.33125 0.0125 0.0125
0 1.35859375 0.34453125 0.0109375 0.0140625
0 1.378125 0.371875 0.0125 0.015625
0 1.3640625 0.390625 0.0125 0.015625
0 1.38671875 0.3953125 0.0109375 0.0125
0 1.40859375 0.41328125 0.0140625 0.0140625
0 1.3734375 0.41953125 0.0125 0.0140625
0 1.340625 0.41171875 0.0125 0.0140625
0 1.3265625 0.38125 0.0125 0.015625
0 1.33828125 0.36015625 0.0109375 0.0171875
0 1.3328125 0.33828125 0.0125 0.0109375
0 1.31640625 0.328125 0.0109375 0.015625
0 1.32578125 0.30390625 0.0109375 0.0140625
0 1.2859375 0.30078125 0.0125 0.0140625
0 1.2859375 0.32421875 0.0125 0.0140625
0 1.3015625 0.3390625 0.0125 0.015625
0 1.3 0.36171875 0.0125 0.0171875
0 1.28984375 0.38359375 0.0140625 0.0171875
0 1.2671875 0.36171875 0.0125 0.0140625
0 1.265625 0.33046875 0.0125 0.0171875
0 1.24375 0.31484375 0.0125 0.0140625
0 1.25390625 0.29296875 0.0109375 0.0140625
0 1.2328125 0.33828125 0.0125 0.0140625
0 1.23359375 0.3640625 0.0109375 0.0125
0 1.26015625 0.38359375 0.0109375 0.0140625
0 1.28046875 0.41015625 0.0109375 0.0171875
0 1.309375 0.41796875 0.0125 0.0140625
0 1.23671875 0.409375 0.0140625 0.015625
0 1.21953125 0.41328125 0.0140625 0.0140625
0 1.21953125 0.3859375 0.0109375 0.0125
0 1.2 0.365625 0.0125 0.0125
0 1.20234375 0.34296875 0.0109375 0.0140625
0 1.20234375 0.3125 0.0109375 0.015625
0 1.21328125 0.2953125 0.0109375 0.015625
0 1.1734375 0.29765625 0.0125 0.0140625
0 1.16171875 0.31484375 0.0109375 0.0140625
0 1.165625 0.33671875 0.0125 0.0140625
0 1.1796875 0.3671875 0.0125 0.015625
0 1.16953125 0.3828125 0.0140625 0.015625
0 1.18515625 0.409375 0.0140625 0.015625
0 1.15234375 0.41328125 0.0140625 0.0171875
0 1.1109375 0.4046875 0.0125 0.015625
0 1.128125 0.38046875 0.015625 0.0140625
0 1.140625 0.365625 0.0125 0.015625
0 1.128125 0.3359375 0.0125 0.015625
0 1.115625 0.3171875 0.0125 0.015625
0 1.09140625 0.3296875 0.0140625 0.015625
0 1.09140625 0.3046875 0.0109375 0.015625
0 1.13203125 0.2953125 0.0140625 0.0125
0 1.07109375 0.31328125 0.0140625 0.0140625
0 1.05390625 0.3375 0.0140625 0.0125
0 1.0578125 0.3625 0.0125 0.015625
0 1.0984375 0.3640625 0.0125 0.0125
0 1.071875 0.40703125 0.0125 0.0171875
0 1.075 0.38359375 0.0125 0.0140625
0 1.03984375 0.3890625 0.0140625 0.015625
0 1.03046875 0.409375 0.0140625 0.015625
0 0.99296875 0.41953125 0.0140625 0.0140625
0 0.996875 0.3859375 0.0125 0.015625
0 0.9890625 0.3640625 0.009375 0.0125
0 1.0296875 0.35625 0.0125 0.015625
0 1.015625 0.33984375 0.0125 0.0140625
0 1.02890625 0.315625 0.0140625 0.015625
0 0.9921875 0.3234375 0.0125 0.0125
0 1.0 0.296875 0.0125 0.0125
0 1.04921875 0.3015625 0.0109375 0.015625
0 0.97734375 0.29453125 0.0109375 0.0140625
0 0.9765625 0.33203125 0.0125 0.0140625
0 0.95703125 0.38046875 0.0140625 0.0140625
0 0.95234375 0.30859375 0.0109375 0.0140625
0 0.9390625 0.2984375 0.0125 0.0125
0 0.94296875 0.33359375 0.0109375 0.0140625
0 0.9546875 0.35859375 0.0125 0.0140625
0 0.92265625 0.3828125 0.0140625 0.015625
0 0.91640625 0.403125 0.0109375 0.015625
0 0.93984375 0.41796875 0.0109375 0.0140625
0 0.8640625 0.4046875 0.0125 0.0125
0 0.87109375 0.3828125 0.0140625 0.015625
0 0.8921875 0.359375 0.0125 0.015625
0 0.91953125 0.35078125 0.0109375 0.0140625
0 0.90703125 0.33125 0.0109375 0.015625
0 0.89609375 0.31015625 0.0140625 0.0140625
0 0.9046875 0.28828125 0.0125 0.0140625
0 0.8703125 0.2875 0.0125 0.0125
0 0.871875 0.33125 0.0125 0.015625
0 0.8578125 0.36015625 0.0125 0.0140625
0 0.84296875 0.390625 0.0140625 0.015625
0 0.8203125 0.37578125 0.0125 0.0140625
0 0.82109375 0.40234375 0.0109375 0.0171875
0 0.82421875 0.35078125 0.0109375 0.0140625
0 0.8484375 0.33125 0.0125 0.015625
0 0.8328125 0.30625 0.0125 0.015625
0 0.83671875 0.2859375 0.0109375 0.0125
0 0.80078125 0.28515625 0.0109375 0.0140625
0 0.78984375 0.3078125 0.0109375 0.015625
0 0.81015625 0.3234375 0.0140625 0.015625
0 0.79296875 0.35703125 0.0109375 0.0140625
0 0.79140625 0.38125 0.0109375 0.015625
0 0.771875 0.39453125 0.0125 0.0140625
0 0.75078125 0.38671875 0.0140625 0.0140625
0 0.73203125 0.39921875 0.0140625 0.0140625
0 0.7125 0.3828125 0.0125 0.015625
0 0.71640625 0.35625 0.0140625 0.015625
0 0.75625 0.34921875 0.0125 0.0140625
0 0.771875 0.3265625 0.0125 0.015625
0 0.746875 0.30859375 0.0125 0.0140625
0 0.76015625 0.28515625 0.0109375 0.0140625
0 0.715625 0.29375 0.0125 0.0125
0 0.7265625 0.32578125 0.0125 0.0171875
0 0.6828125 0.33203125 0.0125 0.0140625
0 0.690625 0.31015625 0.0125 0.0140625
0 0.67890625 0.38203125 0.0109375 0.0140625
0 0.68359375 0.40859375 0.0109375 0.0140625
0 0.6640625 0.28828125 0.0125 0.0140625
0 0.62578125 0.3078125 0.0109375 0.015625
0 0.62578125 0.29375 0.0109375 0.0125
0 0.64140625 0.3375 0.0109375 0.015625
0 0.6703125 0.35625 0.0125 0.015625
0 0.64375 0.3765625 0.0125 0.015625
0 0.64296875 0.40859375 0.0140625 0.0140625
0 0.60859375 0.41328125 0.0140625 0.0140625
0 0.60625 0.3828125 0.0125 0.015625
0 0.5984375 0.34921875 0.0125 0.0140625
0 0.5953125 0.328125 0.0125 0.015625
0 0.58125 0.31328125 0.009375 0.0140625
0 0.58984375 0.303125 0.0109375 0.0125
0 0.55 0.29140625 0.0125 0.0140625
0 0.5265625 0.32734375 0.0125 0.0140625
0 0.5640625 0.32890625 0.0125 0.0140625
0 0.528125 0.3140625 0.0125 0.0125
0 0.51015625 0.29453125 0.0109375 0.0140625
0 0.51015625 0.35078125 0.0109375 0.0140625
0 0.55703125 0.35390625 0.0140625 0.0140625
0 0.57265625 0.38046875 0.0140625 0.0140625
0 0.58125 0.4109375 0.0125 0.015625
0 0.53125 0.4125 0.0125 0.015625
0 0.5390625 0.38671875 0.0125 0.0140625
0 0.5 0.38671875 0.0125 0.0140625
0 0.50234375 0.4109375 0.0140625 0.015625
0 0.47109375 0.38046875 0.0140625 0.0140625
0 0.46328125 0.4 0.0140625 0.015625
0 0.47578125 0.35546875 0.0109375 0.0140625
0 0.49140625 0.3421875 0.0109375 0.015625
0 0.48515625 0.31328125 0.0109375 0.0109375
0 0.47265625 0.3046875 0.0109375 0.0125
0 0.45078125 0.3078125 0.0109375 0.0125
0 0.4375 0.29921875 0.0125 0.0140625
0 0.41640625 0.3296875 0.0109375 0.0125
0 0.4375 0.3546875 0.0125 0.015625
0 0.453125 0.34140625 0.0125 0.0140625
0 0.42265625 0.3140625 0.0109375 0.0125
0 0.4375 0.38359375 0.0125 0.0140625
0 0.4234375 0.4078125 0.0125 0.015625
0 0.39609375 0.40078125 0.0140625 0.0140625
0 0.3984375 0.3546875 0.0125 0.015625
0 0.40625 0.3 0.0125 0.0125
0 0.3640625 0.3 0.009375 0.0125
0 0.38359375 0.3140625 0.0109375 0.0125
0 0.37265625 0.328125 0.0109375 0.0125
0 0.340625 0.3140625 0.0125 0.0125
0 0.334375 0.3390625 0.0125 0.0125
0 0.3734375 0.359375 0.0125 0.0125
0 0.38203125 0.37734375 0.0109375 0.0140625
0 0.36796875 0.4015625 0.0140625 0.015625
0 0.353125 0.38515625 0.0125 0.0140625
0 0.3390625 0.36796875 0.0125 0.0140625
0 0.3140625 0.3546875 0.0125 0.015625
0 0.3 0.3453125 0.0125 0.015625
0 0.3125 0.3265625 0.009375 0.0125
0 0.28984375 0.325 0.0109375 0.0125
0 0.29921875 0.296875 0.0109375 0.0125
0 0.3328125 0.29609375 0.009375 0.0140625
0 0.259375 0.3234375 0.009375 0.0125
0 0.278125 0.3 0.0125 0.0125
0 0.27109375 0.3390625 0.0109375 0.0125
0 0.28046875 0.35546875 0.0109375 0.0140625
0 0.29140625 0.3875 0.0109375 0.0125
0 0.328125 0.38828125 0.0125 0.0140625
0 0.3359375 0.41171875 0.0125 0.0171875
0 0.29921875 0.4078125 0.0140625 0.015625
0 0.25546875 0.4 0.0109375 0.015625
0 0.26796875 0.38359375 0.0109375 0.0140625
0 0.24453125 0.35 0.0140625 0.015625
0 0.2328125 0.34296875 0.0125 0.0140625
0 0.21640625 0.31796875 0.0109375 0.0140625
0 0.23515625 0.3 0.0109375 0.0125
0 0.19140625 0.2875 0.0109375 0.015625
0 0.20234375 0.33984375 0.0109375 0.0140625
0 0.21640625 0.3578125 0.0109375 0.0125
0 0.1921875 0.3546875 0.0125 0.0125
0 0.171875 0.34140625 0.0125 0.0140625
0 0.16953125 0.31640625 0.0109375 0.0140625
0 0.15859375 0.35703125 0.0109375 0.0140625
0 0.13046875 0.34296875 0.0109375 0.0140625
0 0.12421875 0.3625 0.0109375 0.0125
0 0.11796875 0.38046875 0.0109375 0.0140625
0 0.13515625 0.40703125 0.0109375 0.0140625
0 0.15859375 0.38359375 0.0109375 0.0140625
0 0.1828125 0.4 0.0125 0.015625
0 0.20546875 0.38984375 0.0109375 0.0140625
0 0.21796875 0.40859375 0.0109375 0.0140625
0 0.23984375 0.384375 0.0109375 0.015625
0 0.1890625 0.38671875 0.009375 0.0140625
0 0.10078125 0.4046875 0.0140625 0.015625
0 0.0859375 0.38046875 0.0125 0.0140625
0 0.0953125 0.35859375 0.0125 0.0140625
0 0.06875 0.39375 0.0125 0.015625
0 0.63203125 0.36015625 0.0140625 0.0171875
