0 0.32421875 0.42109375 0.0609375 0.0734375
0 0.33828125 0.2796875 0.0546875 0.071875
0 0.5296875 0.3109375 0.05625 0.065625
0 0.50859375 0.43515625 0.0578125 0.0765625
0 0.634375 0.42265625 0.0625 0.0796875
0 0.69296875 0.334375 0.0546875 0.075
0 0.7609375 0.4265625 0.053125 0.075
0 0.86015625 0.29609375 0.0546875 0.0609375
0 0.85390625 0.39296875 0.0546875 0.0703125
0 1.034375 0.33671875 0.0625 0.0640625
0 1.128125 0.39765625 0.05625 0.0640625
0 1.27421875 0.3984375 0.0640625 0.075
0 1.34140625 0.35546875 0.0609375 0.0703125
0 1.40859375 0.38515625 0.0640625 0.0671875
