0 0.890625 0.190625 0.04375 0.046875
0 0.76484375 0.22890625 0.0453125 0.0515625
0 0.646875 0.18046875 0.04375 0.0453125
0 0.784375 0.440625 0.0625 0.065625
0 0.928125 0.41484375 0.053125 0.0609375
0 0.62734375 0.41171875 0.0546875 0.0609375
0 1.03203125 0.3671875 0.0515625 0.05625
0 1.13515625 0.32421875 0.0421875 0.0484375
0 1.3734375 0.45078125 0.040625 0.0453125
0 1.3046875 0.49609375 0.046875 0.0484375
0 1.19375 0.54140625 0.0625 0.0609375
0 1.1125 0.6109375 0.0625 0.065625
0 0.9125 0.70078125 0.071875 0.0765625
0 0.73671875 0.71796875 0.0703125 0.0890625
0 0.56171875 0.62265625 0.0609375 0.0640625
0 0.41171875 0.3296875 0.0453125 0.05
0 0.51640625 0.3734375 0.0515625 0.053125
0 0.39765625 0.5390625 0.0578125 0.0625
0 0.29921875 0.4828125 0.0515625 0.053125
0 0.2328125 0.4296875 0.04375 0.05
