0 0.1546875 0.128125 0.08125 0.1
0 0.23046875 0.1484375 0.0640625 0.08125
0 0.334375 0.21875 0.059375 0.084375
0 0.3859375 0.1859375 0.05625 0.075
0 0.47109375 0.24453125 0.0546875 0.0734375
0 0.59140625 0.19765625 0.0671875 0.0921875
0 0.5015625 0.14921875 0.059375 0.0703125
0 0.64609375 0.11640625 0.0609375 0.0765625
0 0.8703125 0.12890625 0.071875 0.0859375
0 0.84375 0.17890625 0.059375 0.0703125
0 0.75625 0.13046875 0.053125 0.0734375
0 1.0296875 0.1234375 0.075 0.096875
0 1.12109375 0.15 0.0546875 0.071875
0 1.18046875 0.14609375 0.0671875 0.0890625
0 1.11484375 0.2671875 0.0703125 0.096875
0 1.21640625 0.2859375 0.0828125 0.10625
0 1.3171875 0.1921875 0.078125 0.103125
0 1.45546875 0.1671875 0.0703125 0.084375
0 1.4265625 0.28515625 0.0875 0.1109375
