0 0.2015625 0.10546875 0.10625 0.1359375
0 0.1234375 0.196875 0.1 0.1
0 0.41484375 0.12890625 0.1140625 0.1390625
0 0.94296875 0.1421875 0.0609375 0.078125
0 0.965625 0.0890625 0.034375 0.046875
0 1.0234375 0.1078125 0.025 0.03125
0 0.84375 0.09921875 0.046875 0.0390625
0 0.50234375 0.378125 0.0234375 0.034375
0 0.509375 0.3328125 0.0125 0.01875
0 0.5125 0.28828125 0.015625 0.0203125
0 0.47734375 0.29453125 0.0171875 0.0234375
0 0.4140625 0.28125 0.015625 0.021875
0 0.32421875 0.3390625 0.0296875 0.034375
0 0.3359375 0.2796875 0.009375 0.0125
0 0.290625 0.32890625 0.025 0.0296875
0 0.29453125 0.36875 0.0296875 0.034375
0 0.29296875 0.4234375 0.0234375 0.025
0 0.33515625 0.46796875 0.0390625 0.0359375
0 0.3359375 0.4171875 0.0125 0.0125
0 0.378125 0.41796875 0.021875 0.0265625
0 0.41796875 0.41875 0.0109375 0.015625
0 0.4671875 0.41015625 0.01875 0.0296875
0 0.50234375 0.415625 0.0203125 0.025
0 0.50625 0.4609375 0.025 0.03125
0 0.46015625 0.4671875 0.0140625 0.01875
0 0.43203125 0.46640625 0.0171875 0.0265625
0 0.3734375 0.4625 0.03125 0.0375
0 0.46328125 0.37265625 0.0265625 0.0296875
0 0.46640625 0.334375 0.0109375 0.0125
0 0.421875 0.3671875 0.021875 0.034375
0 0.38125 0.37734375 0.025 0.0328125
0 0.328125 0.3796875 0.025 0.034375
0 0.3296875 0.5078125 0.025 0.0375
0 0.3671875 0.50078125 0.028125 0.0390625
0 0.4640625 0.50625 0.01875 0.034375
0 0.50390625 0.50234375 0.0296875 0.0515625
0 0.55078125 0.3609375 0.0234375 0.034375
0 0.5890625 0.35546875 0.015625 0.0203125
0 0.62578125 0.3421875 0.0265625 0.034375
0 0.64375 0.33125 0.03125 0.0375
0 1.1921875 0.33671875 0.071875 0.0890625
0 0.69296875 0.340625 0.0234375 0.03125
0 0.71171875 0.3453125 0.0171875 0.025
0 0.78515625 0.33671875 0.0296875 0.0359375
0 1.0484375 0.38984375 0.0125 0.0171875
0 0.978125 0.3546875 0.0125 0.015625
0 1.0015625 0.3734375 0.0125 0.015625
0 1.0046875 0.33671875 0.009375 0.0109375
0 0.99921875 0.3515625 0.0109375 0.0125
0 0.82265625 0.32890625 0.0078125 0.0109375
0 1.16015625 0.6484375 0.2203125 0.28125
0 0.7296875 0.66015625 0.134375 0.2265625
0 0.5890625 0.6765625 0.103125 0.15625
0 0.2109375 0.684375 0.053125 0.071875
0 0.1078125 0.7359375 0.040625 0.0625
0 0.41015625 0.92109375 0.1546875 0.1578125
0 0.14921875 0.9328125 0.2265625 0.2625
0 0.72109375 0.92421875 0.1546875 0.1578125
0 1.03203125 0.90703125 0.0171875 0.0171875
0 1.00546875 0.93359375 0.0140625 0.0140625
0 0.975 0.9375 0.009375 0.0125
0 0.94609375 0.9515625 0.0109375 0.0125
0 0.9078125 0.9515625 0.0125 0.0125
0 0.87734375 0.946875 0.0078125 0.0125
0 0.846875 0.9421875 0.0125 0.015625
0 0.82421875 0.91796875 0.0109375 0.0171875
0 0.91328125 0.58203125 0.0203125 0.0296875
0 1.44296875 0.546875 0.0140625 0.015625
0 1.4609375 0.54765625 0.009375 0.0109375
0 1.4765625 0.5609375 0.009375 0.0125
0 1.48828125 0.5640625 0.0078125 0.0125
0 1.52421875 0.56171875 0.0140625 0.0140625
0 1.5359375 0.5703125 0.0125 0.0125
0 1.54375 0.59140625 0.0125 0.0140625
0 1.55546875 0.6046875 0.0140625 0.0125
0 1.57890625 0.63984375 0.0140625 0.0140625
0 1.58203125 0.65390625 0.0109375 0.0140625
0 1.578125 0.6734375 0.009375 0.0125
0 1.57421875 0.68828125 0.0078125 0.0109375
0 1.4140625 0.565625 0.009375 0.009375
0 1.4046875 0.56875 0.009375 0.009375
0 1.39375 0.571875 0.009375 0.009375
0 1.384375 0.58203125 0.0125 0.0109375
0 1.371875 0.6078125 0.0125 0.009375
0 1.36484375 0.61796875 0.0140625 0.0109375
0 1.35 0.634375 0.0125 0.009375
0 1.34921875 0.6515625 0.0203125 0.01875
0 1.35625 0.70078125 0.015625 0.0140625
0 1.3609375 0.715625 0.0125 0.0125
0 1.36796875 0.7328125 0.0171875 0.0125
0 1.3796875 0.74765625 0.015625 0.0171875
0 1.4234375 0.771875 0.015625 0.0125
0 1.43828125 0.775 0.0140625 0.0125
0 1.45625 0.784375 0.0125 0.015625
0 1.475 0.78359375 0.01875 0.0171875
0 1.51484375 0.76640625 0.0171875 0.0140625
0 1.52890625 0.75859375 0.0140625 0.0140625
0 1.54921875 0.74765625 0.0140625 0.0140625
0 1.55859375 0.7359375 0.0171875 0.015625
0 1.234375 0.88359375 0.065625 0.0796875
0 1.26875 0.815625 0.04375 0.028125
0 1.16875 0.91015625 0.0625 0.0765625
0 0.371875 1.0796875 0.028125 0.03125
0 0.4671875 1.09296875 0.01875 0.0234375
0 0.42109375 1.09296875 0.0234375 0.0203125
0 0.51328125 1.0953125 0.0203125 0.01875
0 0.5046875 1.1296875 0.01875 0.034375
0 0.42109375 1.11953125 0.0265625 0.0328125
0 0.3390625 1.13515625 0.028125 0.0328125
0 0.28984375 1.12734375 0.0390625 0.0515625
0 0.33828125 1.17578125 0.0140625 0.0203125
0 0.3796875 1.17421875 0.025 0.0328125
0 0.465625 1.17421875 0.025 0.0265625
0 0.5109375 1.17734375 0.03125 0.0265625
0 0.51171875 1.21796875 0.0171875 0.0234375
0 0.2046875 1.1484375 0.021875 0.028125
0 0.4671875 1.21484375 0.021875 0.0296875
0 0.4203125 1.21796875 0.025 0.0390625
0 0.33203125 1.2203125 0.0234375 0.03125
0 0.2890625 1.2109375 0.03125 0.046875
0 0.2953125 1.2625 0.021875 0.03125
0 0.3796875 1.26015625 0.03125 0.0359375
0 0.421875 1.25703125 0.025 0.0328125
0 0.5109375 1.2546875 0.01875 0.028125
0 0.3375 1.3015625 0.025 0.03125
0 0.41796875 1.30390625 0.0265625 0.0390625
0 0.509375 1.3109375 0.0375 0.05
0 0.29140625 1.30546875 0.0359375 0.0390625
0 0.4796875 1.30234375 0.0125 0.0203125
0 0.2421875 1.11875 0.021875 0.021875
0 0.259375 1.13515625 0.015625 0.0296875
0 0.16328125 1.1265625 0.0203125 0.025
0 0.15078125 1.10078125 0.0171875 0.0203125
0 0.14375 1.13359375 0.015625 0.0140625
0 0.11640625 1.13671875 0.0203125 0.0171875
0 0.1078125 1.1140625 0.01875 0.01875
0 0.0921875 1.1390625 0.021875 0.025
0 0.05859375 1.13515625 0.0203125 0.0234375
0 0.659375 1.48359375 0.096875 0.1171875
0 1.11953125 1.428125 0.0515625 0.059375
0 1.2078125 1.40078125 0.04375 0.0640625
0 1.559375 1.178125 0.040625 0.0375
0 0.29140625 0.290625 0.0265625 0.03125
0 0.20859375 1.11640625 0.0203125 0.0234375
