0 1.5234375 0.52890625 0.05625 0.0609375
0 1.4140625 0.5375 0.05625 0.065625
0 1.3171875 0.5375 0.059375 0.065625
0 1.2859375 0.471875 0.046875 0.053125
0 1.196875 0.4140625 0.04375 0.05
0 1.1796875 0.58046875 0.05625 0.0671875
0 1.02890625 0.52109375 0.0609375 0.0703125
0 1.125 0.428125 0.05 0.05625
0 0.8671875 0.39765625 0.053125 0.0578125
0 0.9265625 0.4453125 0.04375 0.05625
0 0.98125 0.440625 0.046875 0.05625
0 1.00703125 0.40859375 0.0390625 0.0484375
0 0.875 0.5328125 0.0625 0.06875
0 0.52734375 0.45859375 0.0453125 0.0515625
0 0.59765625 0.56953125 0.0578125 0.0703125
0 0.73046875 0.553125 0.0640625 0.065625
0 0.65625 0.425 0.05625 0.059375
0 0.28203125 0.634375 0.0609375 0.071875
0 0.44765625 0.53671875 0.0609375 0.0734375
0 0.19296875 0.5546875 0.0609375 0.06875
0 0.35625 0.4875 0.053125 0.059375
0 0.79765625 0.5078125 0.0453125 0.06875
0 1.40703125 0.21328125 0.0109375 0.0140625
