0 1.45390625 0.403125 0.0578125 0.059375
0 1.3765625 0.45234375 0.053125 0.0671875
0 1.278125 0.428125 0.05 0.05625
0 1.1484375 0.42109375 0.05 0.0546875
0 1.20859375 0.50078125 0.0515625 0.0578125
0 1.0546875 0.52890625 0.046875 0.0578125
0 1.00859375 0.428125 0.0453125 0.05
0 0.92265625 0.4140625 0.0453125 0.053125
0 0.8984375 0.5359375 0.053125 0.05625
0 0.78984375 0.40234375 0.0453125 0.0578125
0 0.7265625 0.48125 0.059375 0.059375
0 0.625 0.4125 0.046875 0.05
0 0.54140625 0.46796875 0.0546875 0.0671875
0 0.4765625 0.4078125 0.05 0.05625
0 0.37109375 0.46015625 0.0546875 0.0609375
0 0.32734375 0.3953125 0.0484375 0.059375
0 0.190625 0.3625 0.05 0.053125
0 0.2 0.471875 0.053125 0.05625
