0 1.278125 0.45 0.046875 0.05
0 1.21015625 0.471875 0.0390625 0.05
0 1.1296875 0.47578125 0.046875 0.0453125
0 1.09453125 0.48671875 0.0453125 0.0515625
0 1.01171875 0.46015625 0.0421875 0.0453125
0 0.97421875 0.44453125 0.0390625 0.0453125
0 0.94140625 0.48671875 0.0390625 0.0453125
0 0.88984375 0.44140625 0.0359375 0.0484375
0 0.84140625 0.4734375 0.0390625 0.053125
0 0.834375 0.67109375 0.0375 0.0515625
0 1.03203125 0.67890625 0.0453125 0.0515625
0 0.790625 0.4625 0.034375 0.040625
0 0.74609375 0.4953125 0.0390625 0.05
0 0.6921875 0.4578125 0.0375 0.04375
0 0.61875 0.4625 0.034375 0.04375
0 0.54296875 0.4828125 0.0328125 0.04375
0 0.42109375 0.490625 0.0328125 0.04375
0 0.47890625 0.4953125 0.0359375 0.04375
0 0.35546875 0.48203125 0.0390625 0.0453125
0 0.28984375 0.49375 0.0421875 0.053125
0 0.2359375 0.4921875 0.0375 0.04375
0 0.18828125 0.4984375 0.0453125 0.053125
0 0.15390625 0.47421875 0.0390625 0.0515625
0 0.50390625 0.65 0.0390625 0.046875
0 0.64296875 0.66796875 0.0390625 0.0453125
