0 0.01328125 0.4640625 0.0265625 0.084375
0 0.0515625 0.40625 0.040625 0.071875
0 0.21953125 0.3828125 0.0765625 0.10625
0 0.3328125 0.4 0.065625 0.10625
0 0.40625 0.421875 0.096875 0.128125
0 0.8265625 0.36796875 0.059375 0.0921875
0 0.828125 0.4734375 0.0375 0.059375
0 0.91015625 0.45 0.0515625 0.0625
0 0.98359375 0.46328125 0.0578125 0.0921875
0 0.98671875 0.41328125 0.0359375 0.0515625
0 0.96328125 0.4140625 0.0296875 0.04375
0 1.12109375 0.47421875 0.0390625 0.0359375
0 1.2109375 0.46640625 0.071875 0.0953125
0 1.22734375 0.4 0.0640625 0.075
0 1.31640625 0.38203125 0.0671875 0.0953125
0 1.4125 0.36640625 0.05 0.0890625
0 1.57578125 0.37578125 0.0484375 0.0765625
