0 0.475 1.32734375 0.040625 0.0421875
0 0.58984375 1.31328125 0.0390625 0.0421875
0 0.3421875 1.31171875 0.040625 0.0421875
0 0.2578125 1.30546875 0.05 0.0515625
0 0.36640625 1.2296875 0.0453125 0.05625
0 0.509375 1.23046875 0.04375 0.0546875
0 0.65625 1.24296875 0.040625 0.0453125
0 0.39921875 1.46328125 0.0484375 0.0515625
0 0.5953125 1.47421875 0.05 0.0578125
0 0.7828125 1.46171875 0.04375 0.0609375
0 0.89765625 1.2703125 0.0390625 0.05
0 0.9609375 1.328125 0.0375 0.05
0 0.83203125 1.3375 0.0453125 0.04375
0 0.78828125 1.23203125 0.0359375 0.0453125
0 0.6953125 1.3171875 0.040625 0.046875
0 1.36015625 1.284375 0.0484375 0.065625
0 1.1703125 1.46328125 0.053125 0.0671875
0 0.98203125 1.44765625 0.0484375 0.0609375
0 1.209375 1.3 0.040625 0.046875
0 1.28828125 1.25 0.0421875 0.046875
0 1.14296875 1.2625 0.0390625 0.04375
0 1.078125 1.315625 0.04375 0.053125
0 1.0125 1.27265625 0.0375 0.0421875
0 1.03828125 1.2078125 0.0359375 0.0375
0 1.30390625 1.11640625 0.0390625 0.0484375
0 1.2359375 1.0125 0.0375 0.04375
0 1.1625 0.98046875 0.0375 0.0390625
0 1.103125 1.046875 0.040625 0.05
0 1.228125 1.1109375 0.034375 0.04375
0 1.15390625 1.13984375 0.0421875 0.0515625
0 1.0203125 1.00390625 0.034375 0.0453125
0 1.025 1.13515625 0.034375 0.0453125
0 0.95859375 1.09375 0.0390625 0.04375
0 0.88828125 0.9953125 0.0390625 0.04375
0 0.815625 1.0359375 0.0375 0.046875
0 0.77890625 1.15078125 0.0453125 0.0546875
0 0.7171875 1.01953125 0.034375 0.0421875
0 0.70625 1.1984375 0.040625 0.046875
0 0.896875 1.13046875 0.040625 0.0484375
0 0.60390625 0.9984375 0.0390625 0.040625
0 0.5796875 1.07421875 0.040625 0.0421875
0 0.64765625 1.14140625 0.0359375 0.0390625
0 0.43671875 0.9671875 0.0359375 0.040625
0 0.4859375 1.10390625 0.0375 0.0421875
0 0.3421875 1.11328125 0.04375 0.0453125
0 0.3296875 1.0171875 0.0375 0.046875
0 0.58203125 1.1640625 0.0390625 0.046875
0 0.4203125 1.16796875 0.0375 0.0484375
0 0.478125 1.02890625 0.0375 0.0484375
