0 0.09140625 1.6875 0.0515625 0.071875
0 0.38515625 1.69453125 0.0390625 0.0515625
0 0.54765625 1.9078125 0.0640625 0.059375
0 0.25859375 2.10625 0.0484375 0.084375
0 0.3515625 1.28984375 0.040625 0.0484375
0 0.18828125 1.13515625 0.0203125 0.0328125
0 0.2484375 1.125 0.025 0.03125
0 0.52578125 1.1078125 0.0296875 0.034375
0 0.4390625 1.09140625 0.01875 0.0203125
0 0.565625 1.34375 0.03125 0.04375
0 0.59765625 1.2828125 0.0328125 0.04375
0 0.47109375 1.53125 0.0578125 0.0625
0 0.61171875 1.5515625 0.0328125 0.071875
0 0.571875 1.71640625 0.040625 0.0703125
0 0.93671875 1.415625 0.0421875 0.046875
0 0.72265625 1.3234375 0.0359375 0.046875
0 0.878125 1.35078125 0.03125 0.0421875
0 1.090625 1.278125 0.01875 0.0375
0 0.78125 1.23125 0.025 0.028125
0 0.6828125 1.23203125 0.03125 0.0390625
0 0.6484375 1.11171875 0.028125 0.0359375
0 0.68046875 1.13046875 0.0265625 0.0421875
0 0.88984375 1.1578125 0.0328125 0.0375
0 0.91484375 1.21328125 0.0265625 0.0359375
0 0.9046875 1.12578125 0.01875 0.0359375
0 1.0375 1.2109375 0.034375 0.040625
0 1.00234375 1.1015625 0.0203125 0.03125
0 1.33203125 1.1453125 0.0296875 0.03125
0 1.4671875 1.125 0.03125 0.040625
0 1.5265625 1.22109375 0.046875 0.0484375
0 1.21171875 1.4671875 0.0484375 0.059375
0 1.434375 1.5328125 0.05625 0.065625
0 0.23203125 1.375 0.0265625 0.05
