0 0.034375 0.52265625 0.06875 0.1015625
0 0.09921875 0.5046875 0.0703125 0.10625
0 0.09765625 0.44296875 0.0671875 0.0953125
0 0.140625 0.4796875 0.046875 0.05625
0 0.19140625 0.4578125 0.0546875 0.0625
0 0.24765625 0.465625 0.0484375 0.059375
0 0.3171875 0.4640625 0.0625 0.0875
0 0.61875 0.27890625 0.11875 0.1609375
0 1.17578125 0.5140625 0.0390625 0.04375
0 1.3203125 0.56015625 0.03125 0.0421875
0 1.375 0.5421875 0.03125 0.034375
0 1.44140625 0.5125 0.0390625 0.04375
0 1.39140625 0.53515625 0.0171875 0.0265625
0 1.04375 0.12578125 0.021875 0.0328125
0 1.28515625 0.17578125 0.0171875 0.0234375
