0 0.05546875 0.0671875 0.0109375 0.015625
0 0.08203125 0.06875 0.0140625 0.015625
0 0.1703125 0.07578125 0.01875 0.0234375
0 0.23359375 0.0703125 0.0171875 0.01875
0 0.32890625 0.0890625 0.0109375 0.0125
0 0.28125 0.10859375 0.009375 0.0109375
0 0.38125 0.08984375 0.0125 0.0171875
0 0.4171875 0.08828125 0.0125 0.0203125
0 0.4296875 0.0921875 0.009375 0.015625
0 0.4796875 0.0921875 0.0125 0.015625
0 0.5359375 0.1109375 0.015625 0.01875
0 0.5921875 0.09765625 0.0125 0.0171875
0 0.4515625 0.19375 0.0125 0.01875
0 0.5265625 0.19921875 0.01875 0.0234375
0 0.58125 0.1984375 0.01875 0.021875
0 0.62734375 0.12109375 0.0140625 0.0171875
0 0.653125 0.10546875 0.009375 0.0109375
0 0.71328125 0.115625 0.0109375 0.0125
0 0.7671875 0.12265625 0.015625 0.0171875
0 0.81875 0.13046875 0.0125 0.0171875
0 0.87890625 0.13046875 0.0140625 0.0203125
0 0.96328125 0.2296875 0.0140625 0.021875
0 0.8921875 0.23125 0.015625 0.021875
0 0.7984375 0.21796875 0.01875 0.0234375
0 1.1296875 0.1953125 0.0125 0.01875
0 1.190625 0.175 0.015625 0.01875
0 1.2765625 0.2609375 0.046875 0.071875
0 1.5 0.64375 0.046875 0.0625
0 1.5265625 0.57109375 0.021875 0.0203125
0 1.5921875 0.58828125 0.015625 0.0390625
0 1.184375 0.6375 0.046875 0.06875
0 1.22109375 0.61171875 0.0296875 0.0359375
0 1.24375 0.58984375 0.028125 0.0390625
0 1.2328125 0.55546875 0.021875 0.0296875
0 1.1296875 0.60703125 0.025 0.0546875
0 1.15703125 0.58046875 0.0203125 0.0296875
0 1.0765625 0.48671875 0.015625 0.0234375
0 1.0359375 0.621875 0.05 0.075
0 0.97734375 0.571875 0.0265625 0.040625
0 1.05078125 0.56953125 0.0328125 0.0453125
0 1.01171875 0.4734375 0.0171875 0.021875
0 0.909375 0.51015625 0.01875 0.0234375
0 0.96953125 0.475 0.0140625 0.015625
0 0.84375 0.47265625 0.015625 0.0234375
0 0.8984375 0.47265625 0.015625 0.0203125
0 0.94140625 0.69375 0.0515625 0.071875
0 0.90625 0.6390625 0.040625 0.046875
0 0.86328125 0.6625 0.0453125 0.0625
0 0.83828125 0.60390625 0.0421875 0.0515625
0 0.81328125 0.63359375 0.0390625 0.0578125
0 0.8578125 0.58515625 0.034375 0.0453125
0 0.89296875 0.603125 0.0296875 0.040625
0 0.6359375 0.47265625 0.015625 0.0203125
0 0.75 0.5640625 0.025 0.0375
0 0.75625 0.50078125 0.0125 0.0234375
0 0.77109375 0.68828125 0.0609375 0.0765625
0 0.71015625 0.60703125 0.0359375 0.0515625
0 0.7578125 0.590625 0.034375 0.05625
0 0.63671875 0.4421875 0.0109375 0.015625
0 0.66640625 0.4390625 0.0078125 0.0125
0 0.74453125 0.45234375 0.0078125 0.0171875
0 0.696875 0.45234375 0.009375 0.0109375
0 0.68984375 0.4796875 0.0140625 0.01875
0 0.5921875 0.46328125 0.015625 0.0234375
0 0.60234375 0.559375 0.0328125 0.034375
0 0.63359375 0.61875 0.0328125 0.04375
0 0.675 0.696875 0.046875 0.071875
0 0.61484375 0.66796875 0.0421875 0.0609375
0 0.5609375 0.64921875 0.046875 0.0671875
0 0.53125 0.709375 0.05 0.075
0 0.503125 0.65390625 0.046875 0.0703125
0 0.428125 0.66796875 0.04375 0.0609375
0 0.45859375 0.546875 0.0296875 0.040625
0 0.54140625 0.628125 0.0421875 0.065625
0 0.490625 0.48828125 0.01875 0.0234375
0 0.5328125 0.4890625 0.015625 0.01875
0 0.415625 0.47265625 0.0125 0.0171875
0 0.5734375 0.48125 0.0125 0.01875
0 0.278125 0.4734375 0.015625 0.025
0 0.29765625 0.5671875 0.0296875 0.040625
0 0.334375 0.58828125 0.040625 0.0484375
0 0.4140625 0.61796875 0.04375 0.0609375
0 0.33828125 0.43828125 0.0109375 0.0171875
0 0.35 0.55 0.021875 0.0375
0 0.259375 0.56328125 0.025 0.0421875
0 0.21953125 0.58984375 0.0453125 0.0640625
0 0.284375 0.65625 0.0375 0.071875
0 0.3484375 0.6546875 0.05 0.06875
0 0.3765625 0.7234375 0.05625 0.09375
0 0.19140625 0.71484375 0.0609375 0.0640625
0 0.0546875 0.68125 0.065625 0.09375
0 0.12421875 0.64140625 0.0546875 0.0640625
0 0.01484375 0.58125 0.0234375 0.040625
0 0.15 0.58125 0.0375 0.0625
0 0.17734375 0.625 0.0359375 0.0625
0 0.06328125 0.48359375 0.0171875 0.0234375
0 0.08046875 0.428125 0.0109375 0.01875
0 0.2265625 0.4375 0.015625 0.021875
0 0.2234375 0.490625 0.021875 0.025
0 0.18828125 0.43203125 0.0109375 0.0203125
0 0.3796875 0.48984375 0.0125 0.0171875
0 0.7015625 0.10234375 0.015625 0.0171875
