0 0.0421875 0.50234375 0.015625 0.0421875
0 0.11484375 0.48359375 0.0390625 0.0421875
0 0.15625 0.503125 0.028125 0.034375
0 0.22109375 0.50078125 0.0421875 0.0390625
0 0.30234375 0.4828125 0.0484375 0.05625
0 0.41171875 0.47578125 0.0328125 0.0390625
0 0.49296875 0.4890625 0.0359375 0.05
0 0.42421875 0.4359375 0.0296875 0.034375
0 0.46328125 0.446875 0.0328125 0.03125
0 0.54140625 0.53125 0.0484375 0.059375
0 0.5671875 0.42421875 0.0375 0.0453125
0 0.5234375 0.440625 0.03125 0.0375
0 0.5515625 0.35625 0.034375 0.03125
0 0.728125 0.2015625 0.084375 0.11875
0 0.8828125 0.3375 0.028125 0.0375
0 0.953125 0.43359375 0.0375 0.0421875
0 1.05703125 0.4203125 0.0359375 0.046875
0 1.1078125 0.4203125 0.046875 0.059375
0 0.9953125 0.49375 0.059375 0.075
0 1.12265625 0.48828125 0.0546875 0.0640625
0 1.215625 0.5 0.0625 0.071875
0 1.21796875 0.41875 0.0515625 0.05625
0 1.26171875 0.490625 0.0453125 0.06875
0 1.4109375 0.471875 0.065625 0.078125
0 1.40703125 0.40234375 0.0578125 0.0578125
0 1.14765625 0.17265625 0.0328125 0.0390625
