0 0.0484375 0.240625 0.071875 0.10625
0 0.2375 0.2984375 0.065625 0.084375
0 0.115625 0.4953125 0.09375 0.121875
0 0.43515625 0.47578125 0.1046875 0.1609375
0 0.49140625 0.3421875 0.0703125 0.0875
0 0.6421875 0.29296875 0.078125 0.1171875
0 0.796875 0.5359375 0.1125 0.15
0 0.965625 0.24296875 0.0875 0.1078125
0 1.03828125 0.29453125 0.0546875 0.0765625
0 1.13125 0.33515625 0.040625 0.0640625
0 1.21328125 0.2703125 0.0640625 0.109375
0 1.4140625 0.27109375 0.075 0.0984375
0 1.425 0.525 0.13125 0.190625
