0 0.103125 0.4703125 0.01875 0.021875
0 0.3015625 0.4515625 0.01875 0.01875
0 0.3359375 0.4484375 0.015625 0.01875
0 0.35078125 0.43359375 0.0140625 0.0203125
0 0.32734375 0.4046875 0.0140625 0.01875
0 0.3140625 0.475 0.015625 0.021875
0 0.340625 0.465625 0.015625 0.01875
0 0.378125 0.5296875 0.01875 0.025
0 0.4171875 0.4765625 0.015625 0.01875
0 0.39609375 0.453125 0.0171875 0.01875
0 0.365625 0.46796875 0.015625 0.0203125
0 0.36484375 0.425 0.0140625 0.01875
0 0.36875 0.4109375 0.015625 0.021875
0 0.4078125 0.428125 0.015625 0.021875
0 0.4265625 0.45703125 0.01875 0.0203125
0 0.48203125 0.459375 0.0171875 0.021875
0 0.55625 0.47734375 0.015625 0.0203125
0 0.5109375 0.48359375 0.0125 0.0140625
0 0.55859375 0.44375 0.0140625 0.01875
0 0.62265625 0.43828125 0.0328125 0.0390625
0 0.596875 0.4296875 0.015625 0.01875
0 0.665625 0.43984375 0.0125 0.0140625
0 0.71484375 0.40234375 0.0140625 0.0171875
0 0.72421875 0.4375 0.0140625 0.0125
0 0.74296875 0.45390625 0.0140625 0.0140625
0 0.51640625 0.55390625 0.0140625 0.0171875
0 0.740625 0.53828125 0.015625 0.0203125
0 0.771875 0.43359375 0.0125 0.0140625
0 0.77578125 0.415625 0.0109375 0.015625
0 0.82890625 0.51484375 0.0109375 0.0140625
0 0.9046875 0.4765625 0.015625 0.021875
0 0.9203125 0.45859375 0.009375 0.0109375
0 0.94296875 0.42421875 0.0109375 0.0171875
0 0.896875 0.4484375 0.0125 0.015625
0 0.9640625 0.4453125 0.0125 0.015625
0 0.96640625 0.49765625 0.0140625 0.0203125
0 0.99375 0.47109375 0.015625 0.0203125
0 1.03125 0.4703125 0.015625 0.021875
0 1.02421875 0.459375 0.0140625 0.015625
0 1.0890625 0.43046875 0.015625 0.0203125
0 1.10703125 0.4390625 0.0109375 0.015625
0 1.13515625 0.4453125 0.0140625 0.015625
0 1.121875 0.42734375 0.0125 0.0140625
0 1.18828125 0.43046875 0.0203125 0.0265625
0 1.2125 0.42734375 0.015625 0.0171875
0 1.275 0.43203125 0.0125 0.0140625
0 1.284375 0.41484375 0.0125 0.0140625
0 1.3015625 0.45234375 0.01875 0.0265625
0 1.34140625 0.4515625 0.0171875 0.021875
0 1.3484375 0.4109375 0.0125 0.015625
0 1.33203125 0.39765625 0.0140625 0.0171875
0 1.36796875 0.396875 0.0140625 0.01875
0 1.3828125 0.52265625 0.021875 0.0296875
0 1.52109375 0.37421875 0.0140625 0.0203125
0 1.45703125 0.215625 0.0390625 0.059375
0 0.85390625 0.24296875 0.0453125 0.0640625
0 0.2703125 0.68671875 0.04375 0.0265625
0 0.89140625 1.20078125 0.1609375 0.2234375
0 0.1234375 0.46484375 0.015625 0.0203125
0 0.1328125 0.45234375 0.015625 0.0171875
0 0.18125 0.44921875 0.01875 0.0203125
0 0.17109375 0.42578125 0.0171875 0.0203125
0 0.13359375 0.409375 0.0171875 0.01875
0 0.140625 0.39296875 0.015625 0.0171875
0 0.15625 0.3796875 0.015625 0.01875
0 0.17109375 0.3671875 0.0140625 0.015625
0 0.1671875 0.346875 0.015625 0.015625
0 0.10390625 0.35703125 0.0171875 0.0171875
0 0.1 0.38046875 0.015625 0.0171875
0 0.0953125 0.4109375 0.01875 0.021875
0 0.06640625 0.42421875 0.0171875 0.0234375
0 0.16640625 0.4828125 0.0171875 0.01875
0 0.22265625 0.4765625 0.0203125 0.021875
0 0.246875 0.4578125 0.015625 0.021875
0 0.22578125 0.4296875 0.0171875 0.021875
0 0.246875 0.4140625 0.015625 0.015625
0 0.1828125 0.4078125 0.015625 0.015625
0 0.2296875 0.4 0.015625 0.015625
0 0.1953125 0.38203125 0.015625 0.0171875
0 0.2 0.3625 0.0125 0.015625
0 0.2328125 0.37109375 0.0125 0.0140625
0 0.2703125 0.4015625 0.015625 0.01875
0 0.27890625 0.3796875 0.0140625 0.0125
0 0.25 0.384375 0.015625 0.021875
0 0.3234375 0.38359375 0.015625 0.0171875
0 0.30234375 0.42578125 0.0140625 0.0171875
0 0.2671875 0.4359375 0.015625 0.01875
