0 0.45234375 0.27578125 0.0578125 0.0828125
0 0.58828125 0.28203125 0.0640625 0.0828125
0 0.4703125 0.43046875 0.075 0.0921875
0 0.4734375 0.56484375 0.071875 0.0984375
0 0.65 0.56171875 0.0625 0.0734375
0 0.8484375 0.66171875 0.06875 0.0921875
0 0.959375 0.6671875 0.065625 0.084375
0 0.76640625 0.21015625 0.0609375 0.0796875
0 0.86953125 0.25546875 0.0609375 0.0828125
0 0.96328125 0.21796875 0.0578125 0.0765625
0 1.11796875 0.559375 0.0578125 0.075
0 1.23515625 0.5296875 0.0546875 0.071875
0 1.35234375 0.54453125 0.0609375 0.0796875
0 1.16328125 0.76640625 0.0796875 0.1140625
0 1.09765625 0.215625 0.0546875 0.075
0 1.27265625 0.25 0.0546875 0.078125
0 0.05703125 0.321875 0.0109375 0.015625
