0 0.03671875 0.1421875 0.0515625 0.0625
0 0.1859375 0.21171875 0.040625 0.0546875
0 0.221875 0.2375 0.046875 0.059375
0 0.35390625 0.1875 0.0515625 0.06875
0 0.4296875 0.17421875 0.0625 0.0609375
0 0.47734375 0.2390625 0.0484375 0.065625
0 0.57109375 0.21953125 0.0453125 0.0640625
0 0.6453125 0.21875 0.05 0.065625
0 0.76484375 0.14375 0.0515625 0.059375
0 0.86796875 0.1875 0.0515625 0.06875
0 1.0609375 0.134375 0.053125 0.071875
0 0.94921875 0.27578125 0.0546875 0.0703125
0 1.14453125 0.20390625 0.0609375 0.0703125
0 1.22890625 0.21484375 0.0640625 0.0796875
0 1.34921875 0.30703125 0.0515625 0.0609375
0 1.48828125 0.32734375 0.0546875 0.0765625
