0 0.171875 0.36328125 0.021875 0.0328125
0 0.11171875 0.34453125 0.0234375 0.0328125
0 0.80703125 0.40703125 0.0265625 0.0328125
0 0.40859375 0.42265625 0.0203125 0.0328125
0 0.8421875 0.4515625 0.01875 0.021875
0 0.38125 0.1125 0.040625 0.109375
0 0.309375 0.11328125 0.053125 0.1046875
0 0.253125 0.10234375 0.046875 0.0984375
0 0.18203125 0.10859375 0.0515625 0.1078125
0 0.115625 0.1046875 0.053125 0.10625
0 1.2734375 0.43515625 0.021875 0.0296875
0 1.0546875 0.4015625 0.021875 0.028125
0 1.58125 0.42421875 0.021875 0.0296875
0 1.4796875 0.44609375 0.028125 0.0328125
0 0.71171875 0.5984375 0.0265625 0.034375
0 0.246875 0.55234375 0.021875 0.0296875
0 1.153125 0.52578125 0.01875 0.0265625
