0 1.45078125 1.7046875 0.0390625 0.04375
0 1.4546875 1.40859375 0.034375 0.0328125
0 0.434375 1.92109375 0.05 0.0484375
0 0.21484375 1.91953125 0.0390625 0.0484375
0 0.58984375 1.53125 0.0390625 0.04375
0 0.6875 1.27265625 0.03125 0.0390625
0 1.4125 1.2453125 0.03125 0.034375
0 1.47109375 1.08984375 0.0296875 0.0328125
0 1.49453125 0.95 0.0265625 0.03125
0 0.80234375 1.09609375 0.0328125 0.0359375
0 0.94765625 0.92734375 0.0234375 0.0296875
0 0.1203125 1.06328125 0.03125 0.0265625
0 0.2515625 0.94296875 0.025 0.0328125
0 0.3734375 0.92421875 0.025 0.0265625
0 0.009375 0.68046875 0.01875 0.0234375
0 0.11796875 0.596875 0.0234375 0.021875
0 0.10234375 0.49375 0.0171875 0.01875
0 0.203125 0.48828125 0.015625 0.0171875
0 0.02734375 0.59765625 0.0203125 0.0203125
0 0.43671875 0.790625 0.0265625 0.025
0 0.50390625 0.66640625 0.0265625 0.0234375
0 0.340625 0.690625 0.015625 0.025
0 0.44296875 0.65703125 0.0171875 0.0234375
0 0.528125 0.6765625 0.0125 0.0125
0 0.43671875 0.68984375 0.0140625 0.0203125
0 0.61640625 0.58828125 0.0203125 0.0234375
0 0.96328125 0.7828125 0.0234375 0.025
0 0.96015625 0.69609375 0.0234375 0.0234375
0 1.06328125 0.68984375 0.0234375 0.0203125
0 1.53828125 0.4953125 0.0203125 0.021875
0 1.52421875 0.42890625 0.0203125 0.0203125
0 1.46640625 0.36953125 0.0171875 0.0203125
0 1.3921875 0.37578125 0.01875 0.0203125
0 1.09296875 0.5859375 0.0203125 0.021875
0 1.128125 0.51875 0.01875 0.015625
0 1.03515625 0.52890625 0.0234375 0.0203125
0 1.1078125 0.446875 0.01875 0.01875
0 0.69609375 0.48671875 0.0203125 0.0203125
0 0.6 0.503125 0.0125 0.015625
0 0.62734375 0.4875 0.0109375 0.015625
0 0.68359375 0.44140625 0.0171875 0.0171875
0 0.603125 0.4484375 0.0125 0.0125
0 0.140625 0.43046875 0.015625 0.0140625
0 0.1921875 0.4390625 0.0125 0.0125
0 0.290625 0.35859375 0.0125 0.0140625
0 0.29609375 0.228125 0.0140625 0.015625
0 0.6609375 0.40234375 0.009375 0.0078125
0 0.59140625 0.40625 0.0109375 0.009375
0 0.603125 0.3609375 0.009375 0.0125
0 0.6390625 0.31875 0.009375 0.0125
0 0.51875 0.28046875 0.009375 0.0109375
0 1.2890625 0.2984375 0.0125 0.0125
0 1.2125 0.30859375 0.015625 0.0140625
0 1.14609375 0.26484375 0.0109375 0.0109375
0 1.0359375 0.403125 0.0125 0.0125
0 0.98984375 0.3328125 0.0140625 0.0125
0 0.921875 0.3453125 0.0125 0.015625
0 0.93046875 0.35 0.0078125 0.009375
0 1.078125 0.2265625 0.009375 0.009375
0 0.9578125 0.18359375 0.009375 0.0109375
0 0.91796875 0.18203125 0.0109375 0.0109375
0 0.8703125 0.27734375 0.009375 0.0109375
0 0.77109375 0.17109375 0.0078125 0.0078125
0 0.76328125 0.25078125 0.0109375 0.0109375
0 0.7125 0.21953125 0.009375 0.0109375
0 0.7140625 0.19375 0.009375 0.009375
0 0.69609375 0.196875 0.0109375 0.0125
0 0.58984375 0.20625 0.0109375 0.0125
0 0.534375 0.253125 0.009375 0.009375
0 0.5 0.16484375 0.00625 0.0078125
0 0.52734375 0.16484375 0.0078125 0.0109375
0 0.43515625 0.12734375 0.0078125 0.0078125
0 0.41640625 0.2109375 0.0109375 0.0125
0 0.434375 0.21484375 0.009375 0.0140625
0 0.38125 0.13046875 0.0125 0.0109375
0 0.27890625 0.06640625 0.0078125 0.0109375
0 0.15 0.06171875 0.00625 0.0078125
0 0.11796875 0.06796875 0.0078125 0.0078125
0 0.0796875 0.13671875 0.009375 0.0078125
0 0.03203125 0.134375 0.0046875 0.009375
0 0.646875 0.10390625 0.009375 0.0109375
