0 0.04375 0.95390625 0.015625 0.0171875
0 0.1515625 0.934375 0.015625 0.01875
0 0.27578125 0.90234375 0.0171875 0.0203125
0 0.28203125 0.85859375 0.0171875 0.0171875
0 0.353125 0.84453125 0.01875 0.0203125
0 0.38046875 0.76953125 0.0140625 0.0171875
0 0.3984375 0.76484375 0.0125 0.0109375
0 0.315625 0.78828125 0.0125 0.0109375
0 0.278125 0.76875 0.0125 0.015625
0 0.26796875 0.76484375 0.0140625 0.0171875
0 0.465625 0.7140625 0.0125 0.01875
0 0.05078125 0.73515625 0.0171875 0.0140625
0 0.02265625 0.73828125 0.0109375 0.0109375
0 0.44921875 0.62578125 0.0171875 0.0171875
0 0.453125 0.56328125 0.0125 0.0171875
0 0.38671875 0.49765625 0.0109375 0.0140625
0 0.3578125 0.69296875 0.0125 0.0140625
0 0.28125 0.7 0.0125 0.0125
0 0.27890625 0.59296875 0.0140625 0.0171875
0 0.36171875 0.596875 0.0109375 0.015625
0 0.1625 0.53359375 0.0125 0.0140625
0 0.0921875 0.5328125 0.0125 0.015625
0 0.24375 0.56484375 0.0125 0.0140625
0 0.20703125 0.50859375 0.0109375 0.0109375
0 0.21953125 0.50859375 0.0078125 0.0109375
0 0.27109375 0.50625 0.0109375 0.0125
0 0.28984375 0.45703125 0.0109375 0.0140625
0 0.3 0.45390625 0.009375 0.0109375
0 0.21796875 0.46015625 0.0109375 0.0109375
0 0.33515625 0.4140625 0.0109375 0.0125
0 0.0109375 0.4046875 0.009375 0.0125
0 0.0234375 0.36484375 0.009375 0.0109375
0 0.1453125 0.39609375 0.009375 0.0109375
0 0.2359375 0.4 0.009375 0.0125
0 0.178125 0.41171875 0.009375 0.0109375
0 0.2921875 0.33125 0.009375 0.0125
0 0.228125 0.36171875 0.009375 0.0140625
0 0.22734375 0.30625 0.0109375 0.0125
0 0.17265625 0.28046875 0.0078125 0.0078125
0 0.14765625 0.2515625 0.0078125 0.009375
0 0.1375 0.30703125 0.009375 0.0109375
0 0.090625 0.31171875 0.00625 0.0078125
0 0.13203125 0.3375 0.0078125 0.009375
0 0.0890625 0.215625 0.00625 0.009375
0 0.0953125 0.1921875 0.00625 0.009375
0 0.096875 0.184375 0.00625 0.009375
0 0.07734375 0.253125 0.0078125 0.009375
0 0.02734375 0.26171875 0.0078125 0.0109375
0 0.01015625 0.25625 0.0078125 0.00625
0 0.05078125 0.23125 0.0078125 0.009375
0 0.6234375 0.9046875 0.015625 0.0125
0 0.4453125 0.98046875 0.01875 0.0171875
0 0.52265625 0.9484375 0.0140625 0.01875
0 0.4484375 0.8734375 0.0125 0.015625
0 0.88359375 0.96328125 0.0109375 0.0140625
0 0.73984375 0.81953125 0.0171875 0.0171875
0 0.703125 0.8109375 0.015625 0.0125
0 0.78515625 0.79140625 0.0140625 0.0171875
0 0.60078125 0.72109375 0.0140625 0.0140625
0 0.66796875 0.71640625 0.0109375 0.0140625
0 0.68125 0.63984375 0.009375 0.0109375
0 0.73984375 0.6296875 0.0109375 0.0125
0 0.584375 0.53984375 0.009375 0.0109375
0 0.51640625 0.55 0.0140625 0.0125
0 0.51953125 0.4625 0.0109375 0.0125
0 0.546875 0.42890625 0.0125 0.0140625
0 0.5953125 0.4296875 0.009375 0.009375
0 0.5765625 0.39921875 0.009375 0.0109375
0 0.50703125 0.40625 0.0109375 0.0125
0 0.41171875 0.41640625 0.0078125 0.0109375
0 0.5078125 0.35390625 0.009375 0.0140625
0 0.40859375 0.3328125 0.0078125 0.009375
0 0.425 0.334375 0.00625 0.009375
0 0.375 0.33515625 0.00625 0.0078125
0 0.3609375 0.2375 0.00625 0.009375
0 0.41953125 0.2265625 0.0078125 0.009375
0 0.31796875 0.2109375 0.0078125 0.009375
0 0.32734375 0.2875 0.0078125 0.00625
0 0.28359375 0.28828125 0.0078125 0.0109375
0 0.221875 0.26015625 0.00625 0.0109375
0 0.440625 0.1921875 0.009375 0.00625
0 0.18828125 0.24140625 0.0078125 0.0078125
0 0.3734375 0.1625 0.00625 0.00625
0 0.36328125 0.1484375 0.0046875 0.00625
0 0.3390625 0.153125 0.00625 0.00625
0 0.33359375 0.16171875 0.0046875 0.0046875
0 0.34140625 0.19140625 0.0046875 0.0078125
0 0.3734375 0.2234375 0.00625 0.009375
0 0.20234375 0.1765625 0.0078125 0.00625
0 0.17109375 0.11796875 0.0046875 0.0046875
0 0.13671875 0.1703125 0.0046875 0.00625
0 1.240625 0.88046875 0.01875 0.0203125
0 1.1359375 0.8921875 0.015625 0.01875
0 1.13203125 0.7765625 0.0171875 0.015625
0 1.03046875 0.7796875 0.0171875 0.01875
0 1.19765625 0.7296875 0.0171875 0.01875
0 1.29375 0.69453125 0.0125 0.0171875
0 1.3515625 0.72265625 0.015625 0.0203125
0 1.3765625 0.69375 0.0125 0.0125
0 1.3609375 0.66796875 0.015625 0.0171875
0 1.19765625 0.6359375 0.0171875 0.01875
0 1.13203125 0.54140625 0.0140625 0.0171875
0 0.9515625 0.69765625 0.0125 0.0171875
0 1.03359375 0.67890625 0.0109375 0.0109375
0 0.99609375 0.68671875 0.0109375 0.0140625
0 0.85546875 0.59375 0.0140625 0.015625
0 0.9546875 0.5828125 0.009375 0.0125
0 0.79609375 0.51484375 0.0109375 0.0140625
0 0.8734375 0.515625 0.0125 0.015625
0 0.8828125 0.51484375 0.00625 0.0109375
0 0.78125 0.44375 0.009375 0.0125
0 0.71640625 0.446875 0.0109375 0.0125
0 0.8171875 0.384375 0.009375 0.0125
0 0.7609375 0.36171875 0.009375 0.0109375
0 0.68671875 0.43828125 0.0078125 0.0109375
0 0.67109375 0.2921875 0.0109375 0.0125
0 0.653125 0.28125 0.00625 0.00625
0 0.575 0.36796875 0.00625 0.0109375
0 0.62734375 0.3625 0.0078125 0.009375
0 0.640625 0.315625 0.009375 0.0125
0 0.45546875 0.284375 0.0078125 0.009375
0 0.43203125 0.28046875 0.0109375 0.0109375
0 1.56015625 0.96484375 0.0171875 0.0203125
0 1.53203125 0.6734375 0.0171875 0.021875
0 1.5546875 0.6484375 0.0125 0.0125
0 1.44375 0.6765625 0.015625 0.01875
0 1.4703125 0.55546875 0.0125 0.0171875
0 1.33828125 0.54765625 0.0109375 0.0140625
0 1.42734375 0.4140625 0.0109375 0.0125
0 1.39375 0.5125 0.0125 0.0125
0 1.45703125 0.50703125 0.0109375 0.0140625
0 1.421875 0.628125 0.0125 0.015625
0 1.2546875 0.565625 0.015625 0.015625
0 1.0640625 0.44765625 0.0125 0.0140625
0 1.14296875 0.5140625 0.0140625 0.015625
0 0.9453125 0.3125 0.009375 0.009375
0 0.96328125 0.40546875 0.0078125 0.0109375
0 0.9203125 0.4140625 0.009375 0.0125
0 0.875 0.36328125 0.009375 0.0109375
0 0.77265625 0.3359375 0.0078125 0.009375
0 1.4234375 0.3984375 0.009375 0.0125
0 1.3703125 0.403125 0.009375 0.0125
0 1.190625 0.42265625 0.009375 0.0109375
0 1.215625 0.41796875 0.009375 0.0109375
0 1.3359375 0.43203125 0.009375 0.0109375
0 1.1421875 0.3796875 0.0125 0.0125
0 1.11796875 0.30390625 0.0078125 0.0109375
0 1.334375 0.3109375 0.00625 0.0125
0 1.43359375 0.33359375 0.0078125 0.0078125
0 1.58046875 0.36015625 0.0109375 0.0109375
0 1.55703125 0.30625 0.0078125 0.00625
0 1.5390625 0.29140625 0.009375 0.0109375
0 1.51953125 0.29375 0.0078125 0.009375
0 1.5046875 0.28671875 0.009375 0.0109375
0 1.571875 0.26796875 0.009375 0.0109375
0 1.35 0.26171875 0.00625 0.0078125
0 1.22578125 0.27109375 0.0109375 0.0109375
0 1.2359375 0.26953125 0.009375 0.0109375
0 1.19375 0.2765625 0.009375 0.009375
0 1.2046875 0.290625 0.00625 0.00625
0 1.325 0.3515625 0.009375 0.009375
0 1.46484375 0.2875 0.0109375 0.009375
0 1.48203125 0.278125 0.0078125 0.009375
0 1.49921875 0.271875 0.0078125 0.009375
0 1.08984375 0.34375 0.0078125 0.009375
0 1.0359375 0.3515625 0.009375 0.009375
0 1.465625 0.240625 0.009375 0.009375
0 1.40546875 0.25234375 0.0078125 0.0109375
0 1.43828125 0.16328125 0.0046875 0.0046875
0 1.51875 0.16328125 0.00625 0.0078125
0 1.528125 0.17890625 0.00625 0.0078125
0 1.35703125 0.1890625 0.0078125 0.009375
0 1.3609375 0.18203125 0.00625 0.0078125
0 1.32109375 0.21171875 0.0078125 0.0078125
0 1.30859375 0.22109375 0.0078125 0.0078125
0 1.41328125 0.15703125 0.0046875 0.0046875
0 1.32578125 0.13671875 0.0046875 0.0078125
0 1.46796875 0.11328125 0.0046875 0.0078125
0 1.51328125 0.12421875 0.0046875 0.0046875
0 1.509375 0.10390625 0.00625 0.0078125
0 1.57421875 0.09375 0.0078125 0.009375
0 1.51171875 0.08984375 0.0078125 0.0078125
0 1.53125 0.0890625 0.00625 0.00625
0 0.93046875 0.28984375 0.0078125 0.0078125
0 0.89609375 0.30078125 0.0078125 0.0109375
0 0.83515625 0.27265625 0.0078125 0.0078125
0 0.84453125 0.22578125 0.0078125 0.0109375
0 0.7484375 0.2171875 0.00625 0.00625
0 0.77109375 0.21953125 0.0046875 0.0078125
0 0.72421875 0.221875 0.0078125 0.009375
0 0.7609375 0.2890625 0.00625 0.009375
0 0.5890625 0.221875 0.00625 0.00625
0 0.55234375 0.16640625 0.0078125 0.0109375
0 0.590625 0.24609375 0.00625 0.0078125
0 0.64453125 0.24375 0.0078125 0.009375
0 0.5125 0.21640625 0.009375 0.0078125
0 0.55625 0.20859375 0.00625 0.0109375
0 0.4421875 0.12109375 0.00625 0.0078125
0 0.4765625 0.19453125 0.00625 0.0078125
0 0.52109375 0.2109375 0.0046875 0.00625
0 0.51171875 0.11875 0.0046875 0.00625
0 0.4828125 0.125 0.00625 0.00625
0 0.36875 0.11015625 0.00625 0.0109375
0 0.38046875 0.10234375 0.0046875 0.0046875
0 0.45625 0.17421875 0.00625 0.0046875
0 0.41640625 0.17421875 0.0078125 0.0078125
0 0.20625 0.1046875 0.00625 0.00625
0 0.08671875 0.1046875 0.0078125 0.00625
0 0.1078125 0.09453125 0.003125 0.0046875
0 0.8 0.1875 0.00625 0.009375
0 0.71796875 0.1640625 0.0078125 0.00625
0 0.76640625 0.17734375 0.0078125 0.0078125
0 0.95078125 0.24296875 0.0078125 0.0078125
0 0.9359375 0.1953125 0.00625 0.00625
0 0.99375 0.19765625 0.00625 0.0078125
0 0.93828125 0.1734375 0.0046875 0.00625
0 1.16171875 0.29375 0.0078125 0.009375
0 1.01796875 0.26875 0.0078125 0.009375
0 1.06171875 0.21796875 0.0078125 0.0078125
0 1.0984375 0.240625 0.00625 0.009375
0 1.19453125 0.215625 0.0078125 0.009375
0 1.1296875 0.2328125 0.00625 0.009375
0 1.1875 0.2046875 0.00625 0.00625
0 1.20859375 0.21328125 0.0078125 0.0109375
0 1.03671875 0.171875 0.0046875 0.00625
0 1.1625 0.1328125 0.00625 0.00625
0 1.146875 0.1328125 0.00625 0.00625
0 1.196875 0.16640625 0.00625 0.0078125
0 1.14140625 0.07890625 0.0046875 0.0046875
0 1.05625 0.084375 0.003125 0.00625
0 1.02421875 0.071875 0.0046875 0.00625
0 1.04921875 0.0421875 0.0046875 0.00625
0 1.10859375 0.04609375 0.0046875 0.0046875
0 1.0828125 0.040625 0.003125 0.00625
0 1.06953125 0.0328125 0.0046875 0.003125
0 0.153125 0.07265625 0.00625 0.0046875
0 0.17578125 0.06640625 0.0046875 0.0046875
0 0.1078125 0.0828125 0.00625 0.00625
0 0.10703125 0.04375 0.0046875 0.00625
0 0.11328125 0.0359375 0.0046875 0.003125
0 0.11796875 0.04375 0.0046875 0.00625
0 0.1234375 0.03984375 0.003125 0.0046875
0 0.203125 0.03671875 0.003125 0.0046875
0 0.253125 0.0296875 0.00625 0.00625
0 0.18046875 0.04453125 0.0046875 0.0046875
0 0.08203125 0.05546875 0.0046875 0.0046875
0 0.44921875 0.09140625 0.0046875 0.0078125
0 0.38515625 0.07265625 0.0078125 0.0078125
0 0.340625 0.0625 0.00625 0.00625
0 0.4625 0.0484375 0.00625 0.00625
0 0.478125 0.03515625 0.00625 0.0078125
0 0.9640625 0.0359375 0.00625 0.00625
0 0.93828125 0.03828125 0.0046875 0.0046875
0 0.9828125 0.0375 0.00625 0.00625
0 0.9765625 0.03359375 0.00625 0.0078125
0 1.00546875 0.046875 0.0046875 0.00625
0 1.140625 0.21328125 0.009375 0.0140625
0 0.86171875 0.14296875 0.0078125 0.0109375
0 0.7828125 0.1375 0.009375 0.009375
0 0.8953125 0.58046875 0.0125 0.0171875
