0 0.08125 0.90390625 0.0125 0.0140625
0 0.0265625 0.34453125 0.009375 0.0109375
0 0.08359375 0.3234375 0.0109375 0.0125
0 0.17109375 0.38046875 0.0078125 0.0109375
0 0.19296875 0.3828125 0.0078125 0.009375
0 0.2046875 0.390625 0.009375 0.0125
0 0.2328125 0.39765625 0.009375 0.0109375
0 0.246875 0.396875 0.009375 0.009375
0 0.259375 0.3609375 0.009375 0.009375
0 0.00390625 0.51484375 0.0078125 0.0140625
0 0.04609375 0.50625 0.0109375 0.0125
0 0.2515625 0.31796875 0.00625 0.0078125
0 0.35 0.24609375 0.00625 0.0078125
0 0.35546875 0.246875 0.0046875 0.00625
0 0.20703125 0.3734375 0.0046875 0.00625
0 0.2765625 0.37578125 0.00625 0.0078125
0 0.16953125 0.25546875 0.0046875 0.0078125
0 0.16015625 0.2453125 0.0046875 0.00625
0 0.3828125 0.23984375 0.00625 0.0078125
0 0.371875 0.22890625 0.009375 0.0078125
0 0.47578125 0.25859375 0.0078125 0.0109375
0 0.4484375 0.17890625 0.00625 0.0078125
0 0.43515625 0.17265625 0.0078125 0.0078125
0 0.48671875 0.18359375 0.0046875 0.0078125
0 0.49296875 0.18125 0.0046875 0.00625
0 0.47890625 0.17890625 0.0046875 0.0078125
0 0.48515625 0.159375 0.0046875 0.00625
0 0.49609375 0.15625 0.0046875 0.00625
0 0.41796875 0.13828125 0.0078125 0.0078125
0 0.384375 0.15546875 0.00625 0.0078125
0 0.815625 0.32734375 0.003125 0.0046875
0 0.74765625 0.2921875 0.0078125 0.009375
0 0.71796875 0.2953125 0.0078125 0.009375
0 0.76875 0.3296875 0.009375 0.009375
0 0.76171875 0.4921875 0.0109375 0.015625
0 0.81953125 0.47734375 0.0078125 0.0109375
0 0.70546875 0.44296875 0.0078125 0.0109375
0 0.5296875 0.5171875 0.009375 0.009375
0 0.51171875 0.52890625 0.0078125 0.0078125
0 0.44609375 0.5140625 0.0078125 0.009375
0 0.55 0.51171875 0.00625 0.0109375
0 0.815625 1.10625 0.01875 0.01875
0 0.884375 1.00703125 0.015625 0.0140625
0 0.7 1.01953125 0.0125 0.0171875
0 0.7515625 1.0046875 0.0125 0.015625
0 0.6671875 1.0140625 0.0125 0.009375
0 1.071875 1.06171875 0.015625 0.0171875
0 1.1078125 1.1734375 0.015625 0.01875
0 1.1640625 1.15625 0.01875 0.015625
0 1.10078125 1.025 0.0140625 0.015625
0 1.05390625 1.01484375 0.0140625 0.0171875
0 1.13046875 0.99765625 0.0109375 0.0140625
0 1.16171875 0.93203125 0.0140625 0.0140625
0 1.1046875 0.90859375 0.0125 0.0140625
0 1.13828125 0.88125 0.0140625 0.0125
0 1.47578125 1.15703125 0.0109375 0.0140625
0 1.5078125 1.13671875 0.009375 0.0171875
0 1.44375 1.12734375 0.009375 0.0140625
0 1.4421875 1.10234375 0.009375 0.0109375
0 1.25859375 1.16953125 0.0140625 0.0171875
0 1.31640625 1.07265625 0.0171875 0.0171875
0 1.44765625 1.06171875 0.0109375 0.0109375
0 1.434375 1.015625 0.015625 0.01875
0 1.50078125 0.93203125 0.0109375 0.0140625
0 1.53203125 0.98125 0.0109375 0.009375
0 1.5671875 0.98046875 0.00625 0.0109375
0 1.46953125 0.96796875 0.0078125 0.0109375
0 1.3734375 0.92109375 0.009375 0.0140625
0 1.43046875 0.88515625 0.0109375 0.0171875
0 1.4453125 0.82421875 0.00625 0.0109375
0 1.36328125 0.8484375 0.0140625 0.015625
0 1.16953125 0.85 0.0140625 0.015625
0 1.19453125 0.8546875 0.0078125 0.0125
0 1.1421875 0.8484375 0.015625 0.0125
0 1.190625 0.80625 0.0125 0.015625
0 1.20234375 0.81171875 0.0140625 0.0109375
0 1.26875 0.7984375 0.0125 0.015625
0 0.87890625 0.76328125 0.0109375 0.0140625
0 0.9890625 0.79921875 0.0125 0.0140625
0 1.01875 0.72890625 0.0125 0.0140625
0 0.86796875 0.734375 0.0140625 0.015625
0 1.078125 0.6890625 0.009375 0.0125
0 0.9578125 0.65390625 0.009375 0.0109375
0 0.89921875 0.6609375 0.0078125 0.0125
0 1.053125 0.61328125 0.009375 0.0109375
0 1.09296875 0.61953125 0.0078125 0.0109375
0 1.08125 0.65625 0.0125 0.015625
0 1.19375 0.70234375 0.0125 0.0109375
0 1.3625 0.6578125 0.00625 0.009375
0 1.35546875 0.69375 0.0078125 0.0125
0 1.19765625 0.63515625 0.0109375 0.0109375
0 1.24375 0.621875 0.0125 0.015625
0 1.43671875 0.60625 0.0109375 0.0125
0 1.4328125 0.59609375 0.009375 0.0109375
0 1.509375 0.6296875 0.009375 0.009375
0 1.36875 0.58671875 0.009375 0.0109375
0 1.33359375 0.60078125 0.0109375 0.0109375
0 1.25546875 0.55625 0.0109375 0.0125
0 1.2453125 0.54609375 0.009375 0.0109375
0 1.19375 0.54453125 0.0125 0.0140625
0 1.303125 0.60078125 0.009375 0.0109375
0 1.35703125 0.55703125 0.0109375 0.0109375
0 1.33828125 0.56484375 0.0109375 0.0109375
0 1.3734375 0.48671875 0.00625 0.0078125
0 1.15234375 0.46796875 0.0078125 0.0109375
0 1.27578125 0.44296875 0.0109375 0.0140625
0 1.34921875 0.46015625 0.0109375 0.0140625
0 1.41015625 0.48203125 0.0109375 0.0140625
0 1.36640625 0.4046875 0.0109375 0.0125
0 1.26640625 0.42890625 0.0078125 0.0109375
0 1.2640625 0.4125 0.009375 0.009375
0 1.21328125 0.3984375 0.0109375 0.009375
0 1.23515625 0.38828125 0.0109375 0.0109375
0 1.184375 0.47578125 0.00625 0.0078125
0 1.22265625 0.47421875 0.0078125 0.0109375
0 1.1875 0.33203125 0.009375 0.0109375
0 1.2109375 0.32890625 0.009375 0.0109375
0 1.253125 0.3703125 0.009375 0.0125
0 1.25 0.353125 0.009375 0.009375
0 1.309375 0.39921875 0.00625 0.0078125
0 1.34296875 0.3734375 0.0078125 0.009375
0 1.32890625 0.36796875 0.0078125 0.0078125
0 1.31796875 0.3734375 0.0078125 0.009375
0 1.36875 0.3203125 0.009375 0.009375
0 1.38125 0.35 0.009375 0.0125
0 1.3765625 0.328125 0.00625 0.009375
0 1.33359375 0.3296875 0.0046875 0.009375
0 1.3125 0.31640625 0.009375 0.0109375
0 1.3578125 0.30078125 0.009375 0.0109375
0 1.3734375 0.303125 0.00625 0.009375
0 1.33125 0.296875 0.00625 0.009375
0 1.44140625 0.378125 0.0078125 0.009375
0 1.48828125 0.384375 0.0078125 0.009375
0 1.51171875 0.37734375 0.0078125 0.0109375
0 1.42578125 0.35390625 0.0078125 0.0109375
0 1.41484375 0.334375 0.0078125 0.009375
0 1.43125 0.3296875 0.00625 0.009375
0 1.490625 0.32734375 0.00625 0.0078125
0 1.5234375 0.33515625 0.00625 0.0078125
0 1.56171875 0.36484375 0.0078125 0.0078125
0 1.5671875 0.41796875 0.009375 0.0078125
0 1.525 0.31875 0.00625 0.00625
0 1.41953125 0.51328125 0.0078125 0.0078125
0 1.49140625 0.5 0.0078125 0.009375
0 1.340625 0.23984375 0.00625 0.0078125
0 1.30703125 0.2375 0.0078125 0.009375
0 1.31640625 0.22734375 0.0078125 0.0109375
0 1.38515625 0.19765625 0.0046875 0.0078125
0 1.2046875 0.09140625 0.00625 0.0078125
0 1.2140625 0.0625 0.00625 0.00625
0 1.3015625 0.14609375 0.00625 0.0078125
0 1.3296875 0.1140625 0.00625 0.00625
0 1.33203125 0.1046875 0.0046875 0.00625
0 1.32578125 0.128125 0.0046875 0.00625
0 0.60078125 0.128125 0.0046875 0.00625
0 0.64609375 0.14453125 0.0078125 0.0109375
0 0.62890625 0.1390625 0.0046875 0.00625
0 0.63984375 0.13203125 0.0046875 0.0078125
0 0.5796875 0.1765625 0.00625 0.00625
0 0.61953125 0.1015625 0.0046875 0.00625
0 0.60625 0.13046875 0.003125 0.0046875
0 0.74609375 0.08828125 0.0046875 0.0078125
0 0.7328125 0.0984375 0.00625 0.00625
0 0.71875 0.11328125 0.003125 0.0046875
0 0.67265625 0.10546875 0.0046875 0.0046875
0 0.53984375 0.09609375 0.0046875 0.0078125
0 0.93515625 0.26484375 0.0078125 0.0109375
0 0.8828125 0.253125 0.00625 0.009375
0 0.31171875 0.36640625 0.0078125 0.0140625
0 0.29140625 0.36875 0.0078125 0.009375
0 1.421875 0.29453125 0.009375 0.0109375
