0 0.60078125 2.28125 0.0234375 0.021875
0 0.4390625 2.2734375 0.021875 0.028125
0 0.49453125 2.2609375 0.0140625 0.01875
0 1.25 1.9265625 0.0375 0.046875
0 1.59609375 1.8015625 0.0078125 0.015625
0 0.78046875 1.771875 0.0265625 0.03125
0 0.3390625 1.95546875 0.03125 0.0359375
0 0.1328125 1.73046875 0.025 0.0328125
0 0.575 1.5375 0.021875 0.021875
0 0.81484375 1.421875 0.0203125 0.021875
0 1.2296875 1.5375 0.01875 0.025
0 1.08515625 1.54609375 0.0328125 0.0328125
0 1.1234375 1.525 0.009375 0.009375
0 1.4640625 1.4578125 0.01875 0.021875
0 1.32109375 1.46484375 0.0171875 0.0203125
0 1.39765625 1.4484375 0.0078125 0.009375
0 0.32109375 1.3171875 0.0171875 0.015625
0 0.93125 1.32890625 0.021875 0.0234375
0 0.8296875 1.3140625 0.015625 0.025
0 0.946875 1.23671875 0.01875 0.0171875
0 1.0796875 1.15078125 0.0125 0.0171875
0 0.521875 1.19765625 0.01875 0.0171875
0 1.528125 1.334375 0.028125 0.028125
0 1.53125 1.20859375 0.01875 0.0234375
0 1.55 1.1203125 0.01875 0.01875
0 1.5390625 1.065625 0.015625 0.015625
0 1.45078125 1.07265625 0.0140625 0.0140625
0 1.46953125 1.071875 0.0078125 0.0125
0 1.55 1.01484375 0.015625 0.0171875
0 1.46796875 1.0234375 0.0171875 0.0125
0 1.45 1.0109375 0.009375 0.0125
0 1.04375 1.05625 0.0125 0.015625
0 0.96640625 1.05625 0.0109375 0.0125
0 1.09140625 0.98828125 0.0109375 0.0140625
0 1.0828125 0.890625 0.015625 0.015625
0 1.00546875 0.803125 0.0109375 0.0125
0 1.1171875 0.8640625 0.015625 0.015625
0 0.9375 0.80546875 0.009375 0.0109375
0 0.675 1.03671875 0.0125 0.0140625
0 0.57890625 1.05234375 0.0171875 0.0171875
0 0.6890625 0.915625 0.015625 0.015625
0 0.66484375 0.83046875 0.0140625 0.0140625
0 0.57890625 0.84453125 0.0140625 0.0171875
0 0.5953125 0.71171875 0.015625 0.0171875
0 0.51640625 0.7140625 0.0109375 0.0125
0 0.5796875 0.71640625 0.009375 0.0109375
0 0.31640625 0.8671875 0.0140625 0.0125
0 0.971875 0.7546875 0.0125 0.0125
0 0.896875 0.75625 0.0125 0.0125
0 0.91796875 0.753125 0.0078125 0.009375
0 0.88046875 0.7171875 0.0109375 0.0125
0 0.84453125 0.646875 0.0140625 0.0125
0 0.81640625 0.6484375 0.0078125 0.009375
0 0.82890625 0.64375 0.0078125 0.009375
0 0.76796875 0.65 0.0109375 0.0125
0 0.7953125 0.60703125 0.009375 0.0109375
0 0.75546875 0.6 0.0078125 0.009375
0 0.7296875 0.596875 0.009375 0.009375
0 0.73515625 0.6125 0.0078125 0.009375
0 0.78984375 0.5984375 0.0046875 0.00625
0 1.46171875 0.884375 0.0140625 0.01875
0 1.39296875 0.89296875 0.0140625 0.0203125
0 1.371875 0.74765625 0.0125 0.0140625
0 1.49765625 0.61328125 0.0109375 0.0140625
0 1.51015625 0.61171875 0.0078125 0.0078125
0 1.403125 0.56328125 0.009375 0.0109375
0 1.3875 0.55546875 0.009375 0.0109375
0 1.2234375 0.6515625 0.0125 0.0125
0 1.16484375 0.65703125 0.0140625 0.0140625
0 1.1109375 0.5984375 0.0125 0.0125
0 1.065625 0.60390625 0.0125 0.0140625
0 1.0328125 0.546875 0.00625 0.00625
0 1.0453125 0.54609375 0.009375 0.0140625
0 0.97890625 0.55703125 0.0109375 0.0140625
0 1.24453125 0.49375 0.0078125 0.009375
0 1.10546875 0.4328125 0.0109375 0.0125
0 0.89453125 0.4890625 0.0109375 0.0125
0 0.83203125 0.49140625 0.0109375 0.0109375
0 0.78125 0.4203125 0.009375 0.0125
0 0.68984375 0.528125 0.0109375 0.0125
0 0.6265625 0.540625 0.009375 0.015625
0 0.60390625 0.47109375 0.0109375 0.0140625
0 0.65625 0.39375 0.009375 0.0125
0 0.36640625 0.6203125 0.0140625 0.015625
0 0.3875 0.59296875 0.009375 0.0109375
0 0.29609375 0.62265625 0.0109375 0.0171875
0 0.365625 0.53984375 0.0125 0.0140625
0 0.29140625 0.54296875 0.0109375 0.0078125
0 0.13828125 0.47109375 0.0078125 0.0078125
0 0.13125 0.46484375 0.009375 0.0078125
0 0.0640625 0.46484375 0.009375 0.0078125
0 0.4671875 0.41328125 0.0125 0.0140625
0 0.3953125 0.38203125 0.009375 0.0109375
0 0.29296875 0.3359375 0.0078125 0.009375
0 0.15859375 0.2921875 0.0109375 0.0125
0 0.909375 0.33984375 0.009375 0.0109375
0 0.88203125 0.3484375 0.0078125 0.009375
0 0.79609375 0.3140625 0.0109375 0.0125
0 0.709375 0.28828125 0.009375 0.0109375
0 0.665625 0.29453125 0.009375 0.0140625
0 0.5984375 0.36015625 0.00625 0.0078125
0 0.59453125 0.23515625 0.0109375 0.0109375
0 0.5484375 0.2359375 0.0125 0.0125
0 0.5109375 0.27265625 0.00625 0.0078125
0 0.3453125 0.24296875 0.009375 0.0109375
0 0.29375 0.25 0.009375 0.009375
0 0.32421875 0.19921875 0.0078125 0.0078125
0 0.21875 0.20546875 0.009375 0.0109375
0 0.246875 0.16015625 0.00625 0.0078125
0 0.18359375 0.1625 0.0078125 0.009375
0 0.10390625 0.1515625 0.0078125 0.00625
0 0.11328125 0.15625 0.0078125 0.00625
0 0.103125 0.18984375 0.009375 0.0078125
0 0.0296875 0.2625 0.009375 0.00625
