0 1.48203125 0.6546875 0.1734375 0.215625
0 1.39296875 0.41875 0.1953125 0.240625
0 1.2203125 0.309375 0.203125 0.2625
0 1.05859375 0.2453125 0.1890625 0.253125
0 0.79921875 0.16015625 0.0453125 0.0828125
0 0.9390625 0.3859375 0.153125 0.215625
0 1.01171875 0.69609375 0.0265625 0.0296875
0 0.9515625 0.703125 0.0125 0.015625
0 0.79765625 0.92265625 0.0390625 0.0703125
0 0.50234375 0.70234375 0.0390625 0.0359375
0 0.8921875 0.78046875 0.0125 0.0140625
0 0.93046875 0.78359375 0.0140625 0.0140625
0 0.92421875 0.76171875 0.0078125 0.0109375
0 0.97578125 0.72890625 0.0140625 0.0171875
0 1.18984375 0.68359375 0.0203125 0.0234375
0 1.109375 0.56640625 0.05 0.0453125
0 1.21640625 0.56484375 0.0390625 0.0390625
0 1.01875 0.5484375 0.040625 0.046875
