0 0.378125 0.93515625 0.01875 0.0234375
0 0.41484375 0.896875 0.0203125 0.021875
0 0.45859375 0.84765625 0.0140625 0.0171875
0 0.30546875 0.846875 0.0171875 0.015625
0 0.31640625 0.815625 0.0140625 0.01875
0 0.06015625 0.94453125 0.0140625 0.0171875
0 0.171875 0.91171875 0.015625 0.0203125
0 0.359375 0.65234375 0.009375 0.0140625
0 0.46171875 0.68671875 0.0140625 0.0140625
0 0.22109375 0.659375 0.0109375 0.0125
0 0.22578125 0.6296875 0.0078125 0.0125
0 0.07734375 0.58359375 0.0109375 0.0140625
0 0.11015625 0.57734375 0.0078125 0.0109375
0 0.103125 0.590625 0.009375 0.009375
0 0.29453125 0.65390625 0.0078125 0.0109375
0 0.25234375 0.446875 0.0078125 0.009375
0 0.30234375 0.503125 0.0078125 0.009375
0 0.37734375 0.49921875 0.0078125 0.0109375
0 0.45390625 0.5046875 0.0109375 0.0125
0 0.7640625 0.55703125 0.009375 0.0109375
0 0.74140625 0.553125 0.0078125 0.0125
0 0.75703125 0.51328125 0.0046875 0.0078125
0 0.77109375 0.4875 0.0078125 0.00625
0 0.428125 0.1140625 0.021875 0.028125
0 0.18203125 0.7546875 0.0140625 0.015625
0 0.89609375 0.7703125 0.0171875 0.01875
0 1.5140625 0.45390625 0.00625 0.0078125
0 1.55859375 0.44375 0.0078125 0.009375
0 1.43515625 0.39453125 0.0078125 0.0078125
0 0.16015625 0.81796875 0.0140625 0.0171875
0 0.07265625 0.74140625 0.0109375 0.0171875
