0 0.00859375 1.04609375 0.0109375 0.0140625
0 0.02734375 1.05234375 0.0140625 0.0140625
0 0.0640625 0.95 0.0125 0.01875
0 0.0515625 0.88984375 0.009375 0.0140625
0 0.01328125 0.8453125 0.0109375 0.015625
0 0.24765625 0.828125 0.0109375 0.0125
0 0.8125 0.9734375 0.015625 0.01875
0 0.9984375 0.8515625 0.015625 0.015625
0 0.76015625 0.6453125 0.0140625 0.015625
0 0.51484375 0.81953125 0.0140625 0.0171875
0 0.46875 0.72265625 0.009375 0.0109375
0 0.42265625 0.728125 0.0109375 0.0125
0 0.41953125 0.64140625 0.0078125 0.0078125
0 0.37109375 0.6453125 0.0078125 0.009375
0 0.18984375 0.66953125 0.0109375 0.0140625
0 0.0515625 0.67265625 0.0125 0.0140625
0 0.2046875 0.51484375 0.009375 0.0078125
0 0.065625 0.53984375 0.009375 0.0109375
0 0.0328125 0.4921875 0.00625 0.00625
0 0.02265625 0.53515625 0.0046875 0.0078125
0 0.00859375 0.5 0.0046875 0.009375
0 0.41875 0.5828125 0.009375 0.009375
0 0.3703125 0.4765625 0.009375 0.009375
0 0.525 0.4578125 0.00625 0.00625
0 0.53359375 0.43125 0.0046875 0.00625
0 0.49609375 0.409375 0.0046875 0.00625
0 0.52578125 0.40625 0.0046875 0.00625
0 0.16640625 0.42265625 0.0078125 0.0078125
0 0.10078125 0.43203125 0.0046875 0.0078125
0 0.6109375 0.33828125 0.009375 0.0109375
0 0.78515625 0.125 0.0109375 0.0125
0 0.9125 0.32578125 0.003125 0.0046875
0 0.921875 0.33125 0.003125 0.00625
0 0.9453125 0.33515625 0.003125 0.0046875
0 0.96875 0.33203125 0.003125 0.0046875
0 0.9234375 0.32578125 0.003125 0.0046875
0 1.2171875 0.1234375 0.040625 0.04375
0 1.07734375 0.334375 0.0046875 0.00625
0 0.04375 0.8703125 0.0125 0.015625
0 0.48515625 0.4265625 0.0078125 0.009375
