0 0.21171875 1.00390625 0.0140625 0.0140625
0 0.1 1.0046875 0.015625 0.0125
0 0.0859375 0.99375 0.015625 0.015625
0 0.05234375 0.9875 0.0140625 0.015625
0 0.115625 0.9796875 0.01875 0.01875
0 0.1640625 0.9328125 0.015625 0.01875
0 0.14375 0.940625 0.0125 0.015625
0 0.09609375 0.88984375 0.0140625 0.0171875
0 0.41875 0.96875 0.0125 0.015625
0 0.2046875 0.775 0.009375 0.0125
0 0.1375 0.7484375 0.009375 0.0125
0 0.09453125 0.7625 0.0140625 0.01875
0 0.378125 0.9 0.009375 0.009375
0 0.40078125 0.80546875 0.0109375 0.0140625
0 0.321875 0.81171875 0.009375 0.0109375
0 0.3921875 0.84921875 0.009375 0.0109375
0 0.21328125 0.68359375 0.0109375 0.0171875
0 0.2984375 0.60625 0.0125 0.0125
0 0.3203125 0.5703125 0.009375 0.0125
0 0.24453125 0.63828125 0.0109375 0.0109375
0 0.51640625 0.753125 0.0109375 0.015625
0 0.49453125 0.66640625 0.0109375 0.0109375
0 0.31875 0.51640625 0.009375 0.0109375
0 0.159375 0.50859375 0.009375 0.0109375
0 0.209375 0.4984375 0.00625 0.009375
0 0.23125 0.49609375 0.00625 0.0078125
0 0.4703125 0.4953125 0.00625 0.009375
0 0.44765625 0.49453125 0.0046875 0.0078125
0 0.42421875 0.46875 0.0046875 0.00625
0 0.42421875 0.4859375 0.0078125 0.0125
0 0.409375 0.47109375 0.00625 0.0078125
0 0.49765625 0.49609375 0.0046875 0.0078125
0 0.5140625 0.47890625 0.00625 0.0078125
0 0.3296875 0.45625 0.00625 0.00625
0 0.35546875 0.4828125 0.0078125 0.009375
0 0.3328125 0.475 0.00625 0.00625
0 0.265625 0.49140625 0.00625 0.0078125
0 0.2421875 0.4828125 0.00625 0.00625
0 0.25078125 0.5234375 0.0109375 0.0125
0 0.2890625 0.44140625 0.009375 0.0109375
0 0.334375 0.41875 0.00625 0.00625
0 0.36875 0.4515625 0.009375 0.0125
0 0.37109375 0.42734375 0.0078125 0.0078125
0 0.26875 0.40390625 0.009375 0.0109375
0 0.2359375 0.40546875 0.00625 0.0078125
0 0.803125 0.953125 0.015625 0.021875
0 0.7765625 0.95390625 0.0125 0.0171875
0 0.77734375 0.8765625 0.0109375 0.015625
0 0.9828125 0.99921875 0.009375 0.0109375
0 0.93203125 0.8703125 0.0140625 0.015625
0 0.81171875 0.7890625 0.0140625 0.015625
0 0.66796875 0.7546875 0.0109375 0.015625
0 0.57421875 0.37109375 0.0078125 0.0078125
0 0.6046875 0.38828125 0.00625 0.0078125
0 0.6109375 0.35234375 0.00625 0.0078125
0 0.56640625 0.33359375 0.0046875 0.0046875
0 0.53515625 0.3890625 0.0046875 0.00625
0 0.53828125 0.33359375 0.0078125 0.0078125
0 0.49296875 0.3671875 0.0046875 0.00625
0 0.45703125 0.37890625 0.0078125 0.0078125
0 0.4671875 0.33359375 0.00625 0.0078125
0 0.2953125 0.32734375 0.00625 0.0078125
0 0.30703125 0.32265625 0.0078125 0.0109375
0 0.27890625 0.3125 0.0078125 0.0125
0 0.23515625 0.34921875 0.0078125 0.0109375
0 0.2609375 0.29921875 0.00625 0.0078125
0 0.29296875 0.29453125 0.0078125 0.0109375
0 1.05078125 0.92734375 0.0109375 0.0140625
0 0.8625 0.878125 0.009375 0.0125
0 1.315625 0.86171875 0.0125 0.0171875
0 1.24140625 0.86015625 0.0109375 0.0109375
0 1.41953125 0.75078125 0.0109375 0.0140625
