0 1.4140625 0.953125 0.046875 0.0625
0 1.32578125 0.95546875 0.0421875 0.0546875
0 1.2734375 0.9515625 0.040625 0.053125
0 1.25 0.9625 0.046875 0.0625
0 1.19765625 0.92421875 0.0328125 0.0484375
0 1.00546875 0.9203125 0.0296875 0.040625
0 1.5625 0.86484375 0.028125 0.0390625
0 1.51484375 0.88828125 0.0171875 0.0328125
0 1.49296875 0.88828125 0.0234375 0.0359375
0 0.88203125 0.93203125 0.0953125 0.1171875
0 0.76171875 0.89140625 0.0265625 0.0421875
0 0.7078125 0.915625 0.021875 0.03125
0 0.6078125 0.8859375 0.01875 0.03125
0 0.56328125 0.903125 0.0171875 0.025
0 0.553125 0.86953125 0.01875 0.0265625
0 0.56484375 0.83671875 0.0109375 0.0140625
0 0.60859375 0.82109375 0.0109375 0.0140625
0 0.67578125 0.83046875 0.0109375 0.0140625
0 0.59140625 0.81640625 0.0078125 0.0109375
0 0.57265625 0.809375 0.0078125 0.009375
0 0.36875 0.8765625 0.015625 0.021875
0 0.2390625 0.85625 0.015625 0.021875
0 0.20546875 0.87109375 0.0140625 0.0203125
0 0.16171875 0.8359375 0.0140625 0.01875
0 0.3234375 0.84609375 0.0125 0.0203125
0 0.3859375 0.81796875 0.00625 0.0078125
0 0.48203125 0.9109375 0.0421875 0.0625
0 0.11640625 0.88828125 0.0421875 0.0609375
0 0.98203125 0.8609375 0.0171875 0.025
