0 1.36015625 0.88984375 0.0171875 0.0203125
0 1.0875 1.11953125 0.015625 0.0203125
0 0.4359375 1.16640625 0.021875 0.0140625
0 1.06875 0.521875 0.015625 0.01875
0 0.93125 0.62578125 0.0125 0.0171875
0 0.46015625 0.328125 0.0109375 0.015625
0 0.60625 0.32109375 0.015625 0.0203125
0 0.31171875 0.40390625 0.0140625 0.0171875
0 1.13125 0.36640625 0.0125 0.0171875
0 0.775 0.3421875 0.015625 0.01875
0 1.2234375 0.234375 0.009375 0.015625
0 1.328125 0.3234375 0.0125 0.01875
0 1.29375 0.3078125 0.0125 0.015625
0 1.27578125 0.21015625 0.0109375 0.0140625
0 1.359375 0.24296875 0.009375 0.0140625
0 1.36484375 0.07265625 0.0109375 0.0140625
0 1.403125 0.04453125 0.009375 0.0140625
0 0.80625 0.0484375 0.0125 0.015625
0 0.9078125 0.07578125 0.009375 0.0140625
0 0.93046875 0.2703125 0.0140625 0.015625
