0 0.15546875 0.9453125 0.0203125 0.028125
0 0.353125 0.9296875 0.01875 0.021875
0 0.25703125 1.2015625 0.0359375 0.034375
0 0.01015625 0.9421875 0.0203125 0.034375
0 0.5828125 0.9359375 0.028125 0.028125
0 0.38984375 0.69375 0.0203125 0.025
0 0.40703125 0.64609375 0.0140625 0.0265625
0 0.203125 0.5046875 0.01875 0.021875
0 0.4828125 0.4953125 0.01875 0.025
0 0.63359375 0.5125 0.0140625 0.021875
0 0.56640625 0.521875 0.0140625 0.01875
0 0.8125 1.1515625 0.028125 0.040625
0 1.24140625 1.13671875 0.0234375 0.0328125
0 0.84375 0.86484375 0.01875 0.0265625
0 1.14140625 0.77265625 0.0234375 0.0265625
0 1.084375 0.76640625 0.015625 0.0234375
0 0.84453125 0.78359375 0.0171875 0.0265625
0 0.9 0.696875 0.015625 0.021875
0 0.846875 0.6359375 0.0125 0.021875
0 0.85703125 0.56796875 0.0140625 0.0203125
0 1.053125 0.57109375 0.015625 0.0203125
0 1.1109375 0.71328125 0.01875 0.0203125
0 1.0546875 0.61875 0.0125 0.025
0 0.325 0.5015625 0.01875 0.021875
0 1.34609375 1.15234375 0.0234375 0.0328125
0 1.53984375 0.94609375 0.0265625 0.0359375
0 1.49296875 0.82578125 0.0234375 0.0265625
0 1.21875 0.71328125 0.015625 0.0234375
0 1.24765625 0.64453125 0.0140625 0.0203125
0 1.32890625 0.5328125 0.0171875 0.01875
0 1.271875 0.54453125 0.015625 0.0203125
0 1.56875 0.53671875 0.015625 0.0171875
0 1.59140625 0.64921875 0.0171875 0.0234375
0 1.3109375 0.32421875 0.015625 0.0171875
0 1.25 0.32109375 0.015625 0.0171875
0 1.17578125 0.31484375 0.0140625 0.0171875
0 0.89921875 0.46640625 0.0140625 0.0171875
0 0.70390625 0.33046875 0.0140625 0.0171875
0 0.38203125 0.309375 0.0109375 0.015625
0 0.29375 0.31328125 0.0125 0.0140625
0 0.01015625 0.4 0.0203125 0.021875
0 0.00546875 0.446875 0.0109375 0.025
0 0.1546875 0.21171875 0.009375 0.0171875
0 0.06484375 0.1640625 0.0140625 0.0125
0 0.053125 0.17578125 0.009375 0.0140625
0 1.0140625 0.215625 0.0125 0.015625
0 1.09296875 0.2234375 0.0109375 0.015625
0 1.06796875 0.18203125 0.0109375 0.0140625
0 0.99921875 0.2328125 0.0109375 0.015625
0 1.09453125 0.14609375 0.0109375 0.0140625
0 1.134375 0.14921875 0.009375 0.0109375
0 0.07578125 0.08046875 0.0109375 0.0109375
0 0.18203125 0.03046875 0.0109375 0.0140625
0 0.209375 0.009375 0.009375 0.0125
0 0.2 0.0203125 0.009375 0.0125
0 0.23828125 0.08828125 0.0109375 0.0140625
0 1.3765625 0.1421875 0.009375 0.0125
0 1.33359375 0.14296875 0.0078125 0.0109375
0 1.2921875 0.1421875 0.0125 0.0125
0 0.45078125 0.13671875 0.0109375 0.0140625
0 0.40078125 0.140625 0.0109375 0.0125
0 0.3546875 0.0859375 0.009375 0.0125
0 0.53125 0.0171875 0.009375 0.0125
0 0.38125 0.03828125 0.00625 0.0109375
0 0.6234375 0.015625 0.009375 0.0125
0 0.67734375 0.01484375 0.0109375 0.0140625
0 0.5859375 0.05625 0.009375 0.0125
0 0.8140625 0.0796875 0.009375 0.0125
0 0.66171875 0.134375 0.0078125 0.0125
0 0.5765625 0.13828125 0.009375 0.0109375
0 0.7875 0.159375 0.009375 0.0125
0 0.79375 0.05234375 0.009375 0.0109375
0 0.52578125 0.19375 0.0109375 0.015625
0 1.546875 0.3140625 0.0125 0.01875
0 1.4796875 0.328125 0.015625 0.01875
0 1.440625 0.3265625 0.0125 0.015625
0 0.35625 0.37578125 0.0125 0.0171875
0 1.5046875 0.090625 0.0125 0.015625
0 1.52578125 0.11015625 0.0109375 0.0171875
0 1.47890625 0.165625 0.0140625 0.015625
0 1.08125 0.01640625 0.0125 0.0140625
0 1.0390625 0.01875 0.0125 0.015625
0 1.28515625 0.01875 0.0109375 0.0125
0 1.2125 0.021875 0.009375 0.0125
0 0.79921875 0.278125 0.0140625 0.01875
0 1.01015625 0.2640625 0.0140625 0.015625
0 1.015625 0.0875 0.009375 0.0125
0 0.54921875 0.315625 0.0109375 0.015625
0 0.60703125 0.321875 0.0140625 0.015625
0 1.18828125 0.13671875 0.0109375 0.0109375
