0 0.0421875 1.0265625 0.053125 0.084375
0 0.4515625 0.778125 0.0375 0.046875
0 0.40390625 0.70546875 0.0328125 0.0453125
0 0.45390625 0.69609375 0.0359375 0.0421875
0 0.5109375 0.65859375 0.03125 0.0515625
0 0.29296875 0.56875 0.0265625 0.028125
0 0.3 0.55078125 0.015625 0.0234375
0 0.5953125 0.60625 0.025 0.028125
0 0.6296875 0.59375 0.028125 0.028125
0 1.00625 0.77421875 0.040625 0.0484375
0 0.85546875 0.70625 0.0328125 0.040625
0 0.9609375 0.61953125 0.028125 0.0328125
0 0.9765625 0.58359375 0.028125 0.0328125
0 1.51484375 0.96015625 0.0484375 0.0671875
0 1.375 0.70703125 0.03125 0.0484375
0 1.559375 0.60078125 0.028125 0.0296875
0 1.31875 0.5890625 0.03125 0.0375
0 0.73984375 0.3328125 0.0265625 0.034375
0 0.953125 0.33125 0.009375 0.0125
0 1.4578125 0.29140625 0.01875 0.0234375
