0 1.1890625 0.41953125 0.203125 0.2609375
0 0.4515625 0.175 0.075 0.078125
0 0.0859375 0.275 0.0375 0.0375
0 0.2796875 0.25078125 0.0375 0.0453125
0 0.82578125 0.2125 0.0484375 0.075
0 0.8734375 0.2203125 0.03125 0.04375
0 1.17109375 0.2140625 0.0390625 0.04375
0 1.39765625 0.1609375 0.0546875 0.071875
0 0.8296875 0.6796875 0.0125 0.015625
0 0.8515625 0.66640625 0.009375 0.0140625
0 1.01796875 0.3984375 0.0078125 0.009375
0 1.02890625 0.4078125 0.0078125 0.009375
0 1.5625 0.19609375 0.04375 0.0578125
