0 0.38046875 0.690625 0.0265625 0.040625
0 0.4421875 0.721875 0.034375 0.040625
0 0.59140625 0.7703125 0.0328125 0.0375
0 1.2515625 0.653125 0.028125 0.0375
0 1.1140625 0.62578125 0.025 0.0328125
0 0.36875 0.459375 0.015625 0.01875
0 0.31875 0.44609375 0.01875 0.0234375
0 0.81640625 0.40078125 0.0140625 0.0171875
0 0.86171875 0.4109375 0.0140625 0.01875
0 0.93125 0.46328125 0.01875 0.0328125
0 1.0484375 0.4984375 0.021875 0.028125
0 1.140625 0.51484375 0.021875 0.0234375
0 1.20703125 0.45 0.0203125 0.025
0 1.55625 0.4953125 0.021875 0.03125
