0 0.62578125 0.903125 0.0515625 0.059375
0 0.81015625 0.87890625 0.0390625 0.0546875
0 0.54609375 0.5234375 0.0171875 0.021875
0 0.496875 0.5125 0.015625 0.025
0 0.49453125 0.4390625 0.0140625 0.021875
0 0.32421875 0.85859375 0.0078125 0.0140625
0 0.10234375 0.8578125 0.0109375 0.015625
0 1.18125 0.48125 0.015625 0.03125
0 1.159375 0.4703125 0.01875 0.028125
0 0.48359375 0.85078125 0.0140625 0.0203125
0 1.4125 0.86015625 0.025 0.0234375
0 0.5390625 0.13203125 0.01875 0.0265625
0 0.48515625 0.096875 0.0109375 0.015625
