0 0.15625 0.49453125 0.05625 0.0640625
0 0.2203125 0.47421875 0.040625 0.0484375
0 0.3109375 0.50546875 0.040625 0.0484375
0 0.3390625 0.47734375 0.03125 0.0421875
0 0.40234375 0.503125 0.0390625 0.040625
0 0.43828125 0.49609375 0.0328125 0.0421875
0 0.4953125 0.46484375 0.03125 0.0421875
0 0.50703125 0.521875 0.0359375 0.05
0 0.56796875 0.47890625 0.0359375 0.0453125
0 0.64921875 0.49375 0.0359375 0.05
0 0.66484375 0.4671875 0.0296875 0.0375
0 0.71015625 0.4984375 0.0296875 0.0375
0 0.7765625 0.496875 0.028125 0.0375
0 0.83671875 0.48125 0.0296875 0.034375
0 0.84140625 0.5265625 0.0296875 0.040625
0 0.8828125 0.5109375 0.028125 0.040625
0 0.88828125 0.61328125 0.0328125 0.0421875
0 0.76640625 0.61015625 0.0359375 0.0453125
0 0.64140625 0.62421875 0.0359375 0.0453125
0 0.48359375 0.60625 0.0359375 0.046875
0 0.50390625 0.671875 0.0296875 0.034375
0 0.3453125 0.60234375 0.040625 0.0546875
0 0.16640625 0.646875 0.0421875 0.053125
0 1.48359375 0.6421875 0.0359375 0.05
0 1.396875 0.51015625 0.0375 0.0453125
0 1.3625 0.4828125 0.03125 0.040625
0 1.2578125 0.50625 0.03125 0.0375
0 1.29453125 0.525 0.0359375 0.04375
0 1.31953125 0.628125 0.0359375 0.05
0 1.1390625 0.475 0.03125 0.040625
0 1.20546875 0.54296875 0.0296875 0.0328125
0 1.1421875 0.525 0.03125 0.040625
0 1.20390625 0.6296875 0.0359375 0.0375
0 1.075 0.6359375 0.03125 0.0375
0 1.0671875 0.5359375 0.03125 0.046875
0 1.0734375 0.4984375 0.028125 0.034375
0 1.0328125 0.50625 0.025 0.040625
0 1.0046875 0.48984375 0.028125 0.0390625
0 0.9765625 0.51796875 0.025 0.0359375
0 0.921875 0.49609375 0.03125 0.0328125
0 0.965625 0.6203125 0.03125 0.040625
