0 0.14609375 0.4125 0.0515625 0.065625
0 0.275 0.3796875 0.040625 0.053125
0 0.3765625 0.359375 0.0375 0.05625
0 0.4375 0.396875 0.0375 0.053125
0 0.5484375 0.37734375 0.0375 0.0484375
0 0.6578125 0.3703125 0.034375 0.0375
0 0.70625 0.38046875 0.034375 0.0484375
0 0.81484375 0.3734375 0.0359375 0.040625
0 0.9 0.37890625 0.03125 0.0515625
0 0.94453125 0.38046875 0.0359375 0.0609375
0 0.996875 0.371875 0.034375 0.053125
0 0.31640625 0.56796875 0.0453125 0.0578125
0 1.0546875 0.396875 0.0375 0.053125
0 0.95 0.53671875 0.040625 0.0578125
0 0.796875 0.51953125 0.04375 0.0671875
0 0.6578125 0.540625 0.04375 0.059375
0 0.4734375 0.528125 0.046875 0.059375
0 1.0828125 0.365625 0.034375 0.0375
0 1.12265625 0.39453125 0.0359375 0.0484375
0 1.1703125 0.39375 0.0375 0.05625
0 1.225 0.375 0.034375 0.046875
0 1.28359375 0.39375 0.0390625 0.0625
0 1.38203125 0.3953125 0.0390625 0.053125
0 1.4078125 0.5515625 0.04375 0.071875
0 1.290625 0.578125 0.04375 0.05625
0 1.1078125 0.5375 0.04375 0.05625
