0 0.203125 0.75546875 0.03125 0.0703125
0 0.26171875 0.7109375 0.0390625 0.059375
0 0.41015625 0.70078125 0.0484375 0.0515625
0 0.06875 0.66875 0.0375 0.04375
0 0.3375 0.653125 0.034375 0.05
0 0.6015625 0.71171875 0.05 0.0578125
0 0.89453125 0.75703125 0.0734375 0.0953125
0 0.6703125 0.8296875 0.05625 0.09375
0 0.703125 0.74609375 0.075 0.0828125
0 0.7484375 0.6890625 0.028125 0.0375
0 0.684375 0.67890625 0.034375 0.0421875
0 0.83203125 0.6453125 0.0296875 0.05
0 0.97421875 0.6625 0.0265625 0.0375
0 0.0984375 0.79296875 0.05 0.0921875
0 0.13125 0.7171875 0.0375 0.05625
0 1.31015625 0.70078125 0.0328125 0.0421875
0 1.39765625 0.740625 0.0703125 0.078125
0 1.09609375 0.6375 0.0234375 0.034375
0 1.05546875 0.64375 0.0296875 0.03125
0 1.35859375 0.6234375 0.0265625 0.0375
0 1.56015625 0.66171875 0.0234375 0.0421875
0 1.5890625 0.68203125 0.021875 0.0609375
0 1.42734375 0.61640625 0.0265625 0.0328125
0 1.2921875 0.6328125 0.028125 0.04375
0 1.21796875 0.61171875 0.0359375 0.0546875
0 0.7390625 0.6546875 0.034375 0.046875
0 0.77265625 0.4859375 0.0203125 0.028125
