0 0.02578125 1.0 0.0171875 0.025
0 0.07421875 0.9953125 0.0140625 0.01875
0 0.0875 0.9953125 0.015625 0.01875
0 0.196875 0.971875 0.0125 0.01875
0 0.25390625 0.9875 0.0140625 0.015625
0 0.31875 0.9515625 0.015625 0.015625
0 0.3765625 0.9546875 0.0125 0.0125
0 0.53515625 0.90234375 0.0140625 0.0171875
0 0.68046875 0.98359375 0.0140625 0.0234375
0 0.70625 1.00390625 0.021875 0.0265625
0 0.77578125 0.98125 0.0203125 0.028125
0 0.7515625 0.96484375 0.015625 0.0203125
0 0.88984375 0.97890625 0.0140625 0.0234375
0 0.88359375 0.978125 0.0140625 0.025
0 0.9671875 0.915625 0.0125 0.015625
0 0.95703125 0.9171875 0.0078125 0.0125
0 0.99765625 0.92578125 0.0109375 0.0140625
0 1.028125 0.909375 0.0125 0.015625
0 1.028125 0.88671875 0.009375 0.0140625
0 1.0515625 0.8765625 0.0125 0.01875
0 1.08046875 0.83203125 0.0109375 0.0109375
0 1.11171875 0.8140625 0.0109375 0.0125
0 1.14609375 0.84609375 0.0078125 0.0140625
0 1.1765625 0.84921875 0.009375 0.0109375
0 1.16796875 0.84296875 0.0109375 0.0140625
0 1.159375 0.88828125 0.0125 0.0109375
0 1.1953125 0.84375 0.009375 0.015625
0 0.74296875 0.859375 0.0078125 0.0125
0 0.725 0.8703125 0.00625 0.009375
0 0.77734375 0.86796875 0.0078125 0.0140625
0 0.7828125 0.8625 0.00625 0.009375
0 0.815625 0.8625 0.009375 0.009375
0 0.834375 0.8625 0.00625 0.009375
0 0.84140625 0.85546875 0.0078125 0.0140625
0 0.70390625 0.88671875 0.0078125 0.0109375
0 0.69140625 0.8578125 0.0078125 0.015625
0 0.70546875 0.85703125 0.0109375 0.0140625
0 0.69921875 0.840625 0.0078125 0.0125
0 0.725 0.83515625 0.00625 0.0078125
0 0.7359375 0.8359375 0.00625 0.009375
0 0.75234375 0.90703125 0.0078125 0.0109375
0 1.4703125 0.97265625 0.015625 0.0203125
0 1.3921875 0.50390625 0.0125 0.0171875
0 1.32734375 0.4875 0.0109375 0.015625
0 1.30859375 0.48359375 0.0109375 0.0140625
0 1.32421875 0.65078125 0.0109375 0.0140625
0 1.31015625 0.6515625 0.0109375 0.015625
0 0.625 0.97890625 0.021875 0.0265625
0 0.49765625 0.971875 0.0171875 0.021875
0 0.56328125 0.8890625 0.0109375 0.015625
0 0.94921875 0.95 0.0171875 0.021875
0 0.9546875 0.8765625 0.0125 0.015625
0 1.01171875 0.9046875 0.0109375 0.0125
