0 0.33828125 0.3953125 0.0984375 0.15
0 0.7203125 0.25703125 0.1 0.1546875
0 0.925 0.39453125 0.11875 0.1734375
0 1.1609375 0.1859375 0.0625 0.071875
0 1.1953125 0.1 0.053125 0.06875
0 1.23125 0.12421875 0.046875 0.0671875
0 1.3078125 0.04453125 0.046875 0.0453125
0 0.81953125 0.125 0.0546875 0.071875
0 0.70390625 0.0953125 0.0578125 0.090625
0 0.47734375 0.13125 0.0546875 0.071875
0 0.334375 0.17578125 0.065625 0.0765625
0 0.5046875 0.05546875 0.046875 0.0703125
0 1.53046875 0.10625 0.0546875 0.06875
0 0.52890625 0.03046875 0.0359375 0.0484375
