0 1.10390625 0.74921875 0.0703125 0.0765625
0 1.3890625 0.240625 0.025 0.03125
0 1.44453125 0.2328125 0.0203125 0.025
0 1.32734375 0.1703125 0.0171875 0.028125
0 1.22421875 0.2203125 0.0203125 0.03125
0 1.2015625 0.2265625 0.01875 0.025
0 1.18125 0.17890625 0.015625 0.0265625
0 1.25625 0.16796875 0.01875 0.0203125
0 1.2265625 0.034375 0.0125 0.015625
0 1.33125 0.06171875 0.015625 0.0234375
0 1.40859375 0.07578125 0.0171875 0.0234375
0 1.5046875 0.20390625 0.021875 0.0296875
0 0.80859375 0.23828125 0.0265625 0.0296875
0 1.02734375 0.05390625 0.0140625 0.0203125
0 0.74453125 0.06640625 0.0109375 0.0171875
0 0.69140625 0.0640625 0.0140625 0.015625
0 0.64921875 0.02265625 0.0109375 0.0171875
0 0.45625 0.12890625 0.01875 0.0265625
0 0.3875 0.10703125 0.0125 0.0171875
0 0.26484375 0.13359375 0.0171875 0.0203125
0 0.209375 0.1140625 0.0125 0.01875
0 0.06953125 0.16015625 0.0171875 0.0265625
0 0.1421875 0.075 0.015625 0.01875
0 0.1984375 0.01640625 0.0125 0.0171875
0 0.44609375 0.109375 0.0109375 0.01875
0 0.27265625 0.071875 0.0109375 0.021875
0 0.090625 0.01796875 0.015625 0.0234375
0 0.2953125 0.065625 0.0125 0.01875
0 0.17421875 0.0703125 0.0171875 0.021875
0 0.6046875 0.4671875 0.015625 0.040625
