0 0.3 0.68125 0.01875 0.03125
0 0.35390625 0.6859375 0.0171875 0.028125
0 0.42109375 0.68125 0.0171875 0.025
0 0.4890625 0.66796875 0.021875 0.0265625
0 0.5609375 0.665625 0.01875 0.025
0 0.6296875 0.67421875 0.021875 0.0296875
0 0.74375 0.68515625 0.0125 0.0296875
0 0.79765625 0.67265625 0.0234375 0.0328125
0 0.8203125 0.6828125 0.01875 0.028125
0 0.9953125 0.6734375 0.01875 0.034375
0 1.0765625 0.66328125 0.01875 0.0296875
0 1.134375 0.6609375 0.021875 0.03125
0 1.2015625 0.6734375 0.01875 0.034375
0 1.27734375 0.67734375 0.0203125 0.0296875
0 1.34921875 0.67890625 0.0234375 0.0234375
0 1.42265625 0.67734375 0.0234375 0.0296875
0 0.2328125 0.8046875 0.015625 0.025
0 1.37265625 0.79453125 0.0171875 0.0234375
0 1.45625 0.78671875 0.025 0.0359375
