0 0.0484375 0.2671875 0.059375 0.09375
0 0.13203125 0.3546875 0.0671875 0.084375
0 0.5265625 0.2625 0.153125 0.203125
0 0.14453125 0.5875 0.1109375 0.1375
0 0.840625 0.60234375 0.109375 0.1328125
0 1.0125 0.4484375 0.14375 0.1875
0 0.684375 0.19375 0.06875 0.134375
0 0.76015625 0.21796875 0.0765625 0.0984375
0 0.85234375 0.1375 0.0890625 0.14375
0 1.05234375 0.12578125 0.0890625 0.1296875
0 1.25234375 0.2171875 0.0828125 0.125
0 1.38984375 0.2109375 0.0953125 0.140625
0 1.4640625 0.32734375 0.0875 0.1078125
0 1.559375 0.21484375 0.08125 0.1453125
0 0.040625 0.4015625 0.053125 0.078125
