0 1.05390625 0.621875 0.0328125 0.04375
0 1.371875 0.690625 0.03125 0.04375
0 0.59296875 0.60234375 0.0203125 0.0296875
0 0.8640625 0.52734375 0.01875 0.0234375
0 0.90546875 0.534375 0.0203125 0.021875
0 0.915625 0.60859375 0.01875 0.0296875
0 0.44765625 0.6578125 0.0234375 0.028125
0 0.17578125 0.65078125 0.0234375 0.0359375
0 0.6625 0.6125 0.021875 0.03125
0 1.3359375 0.6078125 0.021875 0.03125
0 0.86640625 0.59375 0.0203125 0.03125
0 0.6453125 0.6515625 0.021875 0.028125
0 0.1703125 0.59609375 0.021875 0.0328125
0 0.084375 0.65078125 0.01875 0.0265625
0 1.5015625 0.65078125 0.01875 0.0296875
0 0.7828125 0.6296875 0.01875 0.028125
0 0.95625 0.5921875 0.015625 0.025
0 0.00703125 0.634375 0.0109375 0.028125
0 0.053125 0.62421875 0.01875 0.0234375
0 0.20078125 0.63984375 0.0203125 0.0328125
0 0.61875 0.60859375 0.015625 0.0265625
0 0.6359375 0.61171875 0.015625 0.0234375
0 0.775 0.5953125 0.021875 0.025
0 1.26484375 0.64375 0.0171875 0.028125
0 0.0875 0.62265625 0.01875 0.0171875
0 0.1125 0.63828125 0.021875 0.0171875
0 1.58046875 0.5921875 0.0140625 0.021875
0 1.3109375 0.61484375 0.009375 0.0234375
0 0.3875 0.64921875 0.015625 0.0234375
0 1.5640625 0.67734375 0.009375 0.0296875
0 0.3734375 0.57734375 0.0125 0.0203125
0 1.20546875 0.6109375 0.0140625 0.021875
0 0.68515625 0.6 0.0109375 0.03125
0 0.82578125 0.615625 0.0171875 0.025
0 1.484375 0.64140625 0.01875 0.0265625
0 1.54921875 0.59609375 0.0140625 0.0203125
0 1.21796875 0.64921875 0.0171875 0.0265625
0 1.17109375 0.628125 0.0203125 0.028125
0 1.14921875 0.628125 0.0203125 0.03125
0 1.40234375 0.60078125 0.0140625 0.0203125
0 1.471875 0.5953125 0.015625 0.01875
0 1.08828125 0.61171875 0.0171875 0.0265625
0 0.73984375 0.58671875 0.0203125 0.0234375
0 0.71796875 0.609375 0.0234375 0.034375
0 0.74921875 0.62578125 0.0203125 0.0265625
0 0.8171875 0.64921875 0.01875 0.0234375
0 0.74375 0.71171875 0.03125 0.0359375
0 0.52421875 0.59765625 0.0234375 0.0328125
0 0.54296875 0.59453125 0.0171875 0.0203125
0 0.42578125 0.61953125 0.0203125 0.0265625
0 0.45 0.590625 0.01875 0.021875
0 0.46796875 0.60859375 0.0203125 0.0234375
0 0.3546875 0.62578125 0.021875 0.0265625
0 0.32109375 0.65078125 0.0203125 0.0234375
0 0.2953125 0.609375 0.01875 0.028125
0 0.31015625 0.6046875 0.0171875 0.025
0 0.3328125 0.5890625 0.01875 0.025
0 0.26015625 0.5859375 0.0171875 0.025
