0 0.56484375 3.521875 0.0421875 0.065625
0 0.265625 3.671875 0.046875 0.053125
0 0.26640625 3.74140625 0.0421875 0.0578125
0 0.1875 3.6859375 0.05 0.0625
0 0.875 3.54609375 0.040625 0.0578125
0 0.86640625 3.60546875 0.0421875 0.0640625
0 0.88359375 3.68359375 0.0453125 0.0671875
0 0.9375 3.6671875 0.04375 0.071875
0 0.98203125 3.69921875 0.0515625 0.0734375
0 0.978125 3.62421875 0.034375 0.0515625
0 1.0171875 3.62265625 0.053125 0.0703125
0 1.0671875 3.6453125 0.053125 0.075
0 1.10859375 3.6171875 0.0453125 0.05
0 1.1546875 3.528125 0.0375 0.0625
0 1.1953125 3.6140625 0.05625 0.071875
0 1.25859375 3.5953125 0.0390625 0.059375
0 1.21015625 3.69765625 0.0734375 0.1046875
0 1.115625 3.70078125 0.0625 0.0828125
0 1.41640625 3.52578125 0.0484375 0.0640625
0 1.33984375 3.6140625 0.0453125 0.06875
0 1.36484375 3.596875 0.0453125 0.075
0 1.38671875 3.6609375 0.0515625 0.071875
0 1.315625 3.753125 0.065625 0.109375
0 1.4328125 3.75390625 0.0625 0.0890625
0 1.51484375 3.70078125 0.0703125 0.0921875
0 1.47265625 3.834375 0.0578125 0.121875
0 1.5859375 3.621875 0.028125 0.071875
0 0.04765625 3.71875 0.0671875 0.078125
