0 0.14765625 0.23515625 0.0078125 0.0109375
0 0.2515625 0.221875 0.00625 0.009375
0 0.39296875 0.290625 0.0078125 0.0125
0 0.190625 0.715625 0.021875 0.040625
0 0.20703125 0.67734375 0.0234375 0.0359375
0 0.271875 0.69921875 0.021875 0.0265625
0 0.28828125 0.696875 0.0171875 0.025
0 0.32578125 0.7 0.0140625 0.021875
0 0.31796875 0.72265625 0.0140625 0.0171875
0 0.34296875 0.73359375 0.0109375 0.0140625
0 0.36328125 0.73203125 0.0140625 0.0171875
0 0.36953125 0.7 0.0140625 0.01875
0 0.3796875 0.71171875 0.0125 0.0171875
0 0.37890625 0.69609375 0.0078125 0.0140625
0 0.3875 0.6984375 0.009375 0.015625
0 0.4015625 0.7046875 0.0125 0.015625
0 0.41484375 0.703125 0.0109375 0.015625
0 0.42578125 0.72109375 0.0109375 0.0140625
0 0.31328125 0.6734375 0.0109375 0.0125
0 1.2328125 0.515625 0.009375 0.0125
0 1.34609375 0.5203125 0.0109375 0.0125
0 1.38671875 0.51328125 0.0078125 0.0078125
0 1.2640625 0.7546875 0.0125 0.015625
0 1.24453125 0.71328125 0.0140625 0.0171875
0 1.225 0.70625 0.0125 0.0125
0 1.25234375 0.7421875 0.0109375 0.0125
0 1.2734375 0.71171875 0.0125 0.0140625
0 1.284375 0.72578125 0.0125 0.0140625
0 1.30703125 0.71875 0.0140625 0.01875
0 1.33125 0.72265625 0.015625 0.0203125
0 1.35390625 0.7109375 0.0140625 0.01875
0 1.3640625 0.71328125 0.015625 0.0203125
0 1.38125 0.70703125 0.015625 0.0203125
0 1.3015625 0.703125 0.0125 0.015625
0 1.31953125 0.6859375 0.0109375 0.015625
0 1.3328125 0.68515625 0.0125 0.0140625
0 1.34765625 0.6765625 0.0140625 0.015625
0 1.36328125 0.67265625 0.0109375 0.0171875
0 1.37578125 0.671875 0.0140625 0.01875
0 1.4109375 0.68984375 0.0125 0.0171875
0 1.46796875 0.7109375 0.0296875 0.040625
0 1.4484375 0.67421875 0.025 0.0328125
0 1.2890625 0.6953125 0.0125 0.015625
0 1.5921875 0.7890625 0.015625 0.025
0 1.39921875 0.671875 0.0171875 0.01875
0 0.48203125 0.69375 0.0234375 0.034375
0 0.41953125 0.0765625 0.0109375 0.015625
0 1.121875 0.11015625 0.00625 0.0078125
0 0.29296875 0.6625 0.0109375 0.0125
0 0.26484375 0.65859375 0.0109375 0.0140625
0 0.27421875 0.65703125 0.0140625 0.0171875
0 0.35546875 0.65078125 0.0109375 0.0140625
0 0.3421875 0.6875 0.009375 0.015625
0 0.26796875 0.6359375 0.0109375 0.0125
0 0.321875 0.6625 0.009375 0.0125
0 0.3140625 0.65859375 0.00625 0.0109375
0 0.31796875 0.64296875 0.0109375 0.0171875
0 0.32890625 0.73828125 0.0109375 0.0171875
0 0.52734375 0.69375 0.0171875 0.034375
0 0.53203125 0.69140625 0.0203125 0.0328125
0 0.540625 0.7265625 0.009375 0.0125
0 0.76484375 0.7296875 0.0109375 0.015625
0 0.87734375 0.72578125 0.0109375 0.0140625
0 0.93359375 0.7296875 0.0078125 0.009375
0 1.03515625 0.67578125 0.0234375 0.0296875
0 1.06875 0.678125 0.025 0.03125
0 1.096875 0.70234375 0.025 0.0359375
0 1.19609375 0.6921875 0.0265625 0.03125
0 0.81328125 0.13203125 0.0265625 0.0359375
0 0.76328125 0.26875 0.0109375 0.0125
0 0.83046875 0.26171875 0.0109375 0.0140625
0 1.34140625 0.2484375 0.0078125 0.009375
0 1.47109375 0.2484375 0.0078125 0.009375
0 1.53984375 0.24453125 0.0078125 0.0109375
0 1.1875 0.5171875 0.0125 0.0125
0 1.20625 0.51015625 0.0125 0.0140625
0 1.215625 0.53359375 0.009375 0.0109375
0 0.34453125 0.66875 0.0109375 0.0125
