0 1.06015625 0.51171875 0.0578125 0.0703125
0 0.30546875 0.353125 0.0328125 0.059375
0 1.41328125 0.16171875 0.0359375 0.0484375
0 1.509375 0.1421875 0.034375 0.04375
0 1.228125 0.1390625 0.034375 0.046875
0 1.31015625 0.06875 0.0359375 0.05
0 1.4640625 0.075 0.034375 0.05
0 1.415625 0.0484375 0.034375 0.046875
0 1.56015625 0.05546875 0.0328125 0.0453125
0 1.21015625 0.11796875 0.0265625 0.0359375
0 1.19375 0.08828125 0.03125 0.0453125
0 1.1453125 0.07890625 0.040625 0.0390625
0 1.49375 0.02421875 0.028125 0.0359375
0 1.346875 0.02265625 0.040625 0.0421875
0 1.1734375 0.01953125 0.0375 0.0265625
0 1.06328125 0.08671875 0.0359375 0.0515625
0 1.02578125 0.0765625 0.0359375 0.05
0 0.97734375 0.13828125 0.0390625 0.0390625
0 0.915625 0.06875 0.034375 0.0375
0 0.80625 0.0953125 0.03125 0.046875
0 0.75859375 0.03125 0.0359375 0.04375
0 0.73984375 0.08046875 0.0296875 0.0328125
0 0.69765625 0.0515625 0.0359375 0.046875
0 0.63984375 0.11875 0.0390625 0.04375
0 0.61171875 0.01953125 0.0359375 0.0390625
0 0.565625 0.12109375 0.0375 0.0484375
0 0.48359375 0.0890625 0.0359375 0.046875
0 0.421875 0.05546875 0.034375 0.0453125
0 0.553125 0.0140625 0.034375 0.028125
0 0.3578125 0.1390625 0.034375 0.0375
0 0.2796875 0.09296875 0.034375 0.0390625
0 0.30390625 0.034375 0.0328125 0.04375
0 0.23515625 0.04375 0.0390625 0.05
0 0.16796875 0.0859375 0.0328125 0.04375
0 0.1359375 0.1171875 0.0375 0.04375
0 0.06171875 0.0625 0.0359375 0.046875
0 0.13828125 0.0234375 0.0390625 0.025
0 1.59296875 0.18515625 0.0140625 0.0421875
0 0.175 0.009375 0.028125 0.01875
