0 0.59765625 0.76875 0.0296875 0.0375
0 0.51796875 0.6703125 0.0265625 0.03125
0 0.8359375 0.69921875 0.025 0.0328125
0 0.41015625 0.68515625 0.0265625 0.0296875
0 0.94375 0.6671875 0.025 0.03125
0 1.09765625 0.7265625 0.0296875 0.0375
0 1.078125 0.64921875 0.025 0.0359375
0 1.23203125 0.63828125 0.0265625 0.0390625
0 1.2875 0.5703125 0.028125 0.0375
0 1.18984375 0.57265625 0.0265625 0.0328125
0 0.26875 0.63046875 0.025 0.0328125
0 0.38515625 0.6328125 0.0234375 0.034375
0 0.49296875 0.63671875 0.0265625 0.0359375
0 0.7984375 0.628125 0.025 0.034375
0 0.765625 0.61328125 0.021875 0.0328125
0 1.0671875 0.57890625 0.025 0.0296875
0 0.9015625 0.61015625 0.021875 0.0296875
0 0.23515625 0.56875 0.0234375 0.034375
0 0.36015625 0.55546875 0.0234375 0.0328125
0 0.4453125 0.584375 0.021875 0.034375
0 0.54296875 0.57421875 0.0234375 0.0328125
0 0.7046875 0.56015625 0.025 0.0359375
0 0.81171875 0.56484375 0.0265625 0.0359375
0 0.95078125 0.58125 0.0296875 0.034375
0 0.584375 0.55390625 0.021875 0.0328125
0 0.16640625 0.5015625 0.0140625 0.025
0 0.28125 0.48359375 0.01875 0.0328125
0 0.39453125 0.4609375 0.0203125 0.03125
0 0.303125 0.53984375 0.021875 0.0296875
0 0.484375 0.4578125 0.021875 0.03125
0 0.753125 0.51875 0.021875 0.0375
0 0.82890625 0.5171875 0.0234375 0.034375
0 0.89140625 0.534375 0.0234375 0.034375
0 0.98359375 0.509375 0.0265625 0.034375
0 1.1375 0.52578125 0.025 0.0328125
0 1.20625 0.509375 0.025 0.03125
0 1.50625 0.46640625 0.021875 0.0265625
0 1.02578125 0.58125 0.0265625 0.03125
0 1.02109375 0.53828125 0.0234375 0.0328125
0 1.09765625 0.503125 0.0234375 0.03125
0 1.1640625 0.490625 0.025 0.028125
0 1.259375 0.434375 0.01875 0.03125
0 1.13359375 0.4234375 0.0234375 0.034375
0 1.003125 0.384375 0.01875 0.028125
0 0.36484375 0.409375 0.0171875 0.03125
0 0.5265625 0.4265625 0.015625 0.028125
0 0.478125 0.39453125 0.025 0.0328125
0 0.540625 0.446875 0.015625 0.03125
0 0.640625 0.3859375 0.021875 0.03125
0 0.7546875 0.490625 0.021875 0.021875
0 0.759375 0.328125 0.025 0.03125
0 0.871875 0.29296875 0.01875 0.0296875
0 0.9859375 0.2765625 0.021875 0.028125
0 1.0328125 0.3671875 0.01875 0.025
0 1.16484375 0.31015625 0.0203125 0.0296875
0 1.22734375 0.3390625 0.0171875 0.03125
0 1.2359375 0.24375 0.021875 0.03125
0 1.34140625 0.265625 0.0203125 0.028125
0 1.48828125 0.259375 0.0203125 0.025
0 1.32421875 0.1875 0.0203125 0.025
0 1.37109375 0.1890625 0.0171875 0.028125
0 1.4125 0.1875 0.021875 0.025
0 1.49609375 0.22265625 0.0203125 0.0265625
0 1.5015625 0.17734375 0.021875 0.0296875
0 1.48203125 0.18828125 0.0171875 0.0265625
0 1.0625 0.55390625 0.021875 0.0265625
0 1.0046875 0.47109375 0.025 0.0296875
0 0.77578125 0.44453125 0.0203125 0.0296875
0 0.66171875 0.43984375 0.0234375 0.0265625
0 0.678125 0.35859375 0.01875 0.0265625
0 0.7828125 0.37109375 0.021875 0.0296875
0 0.78046875 0.315625 0.0171875 0.025
0 0.92265625 0.35 0.0203125 0.021875
