0 0.9859375 0.2890625 0.06875 0.11875
0 1.15546875 0.2796875 0.0953125 0.134375
0 1.33828125 0.17890625 0.0765625 0.1328125
0 1.05859375 0.72265625 0.0921875 0.1328125
0 1.375 0.81953125 0.06875 0.1234375
0 0.5125 0.66953125 0.015625 0.0234375
0 0.5859375 0.6484375 0.01875 0.028125
0 0.67421875 0.6734375 0.0171875 0.025
0 0.31171875 0.6703125 0.0171875 0.021875
0 0.74609375 0.85625 0.0609375 0.13125
0 0.86953125 1.05078125 0.0796875 0.1015625
0 0.915625 1.0703125 0.040625 0.06875
0 1.2109375 1.00859375 0.046875 0.0640625
0 1.3109375 1.0375 0.078125 0.090625
0 1.3 0.95078125 0.046875 0.0484375
0 0.984375 1.41015625 0.1 0.1296875
0 1.21953125 1.30234375 0.1046875 0.1390625
0 1.4421875 1.4140625 0.071875 0.090625
0 0.34296875 1.19921875 0.0359375 0.0484375
0 0.3375 1.21171875 0.01875 0.0359375
0 0.6484375 1.2125 0.028125 0.0375
0 1.5890625 1.490625 0.021875 0.075
0 1.34140625 0.96640625 0.0296875 0.0453125
