0 0.13125 0.07890625 0.01875 0.0234375
0 0.0921875 0.06171875 0.009375 0.0109375
0 0.16640625 0.0640625 0.0140625 0.015625
0 0.1859375 0.06328125 0.0125 0.0171875
0 0.203125 0.06640625 0.0125 0.0171875
0 0.23515625 0.07109375 0.0171875 0.0203125
0 0.2703125 0.08671875 0.015625 0.0171875
0 0.26796875 0.05859375 0.0109375 0.0171875
0 0.315625 0.06328125 0.015625 0.0203125
0 0.35625 0.07421875 0.01875 0.0234375
0 0.38125 0.02734375 0.015625 0.0171875
0 0.39375 0.02890625 0.0125 0.0140625
0 0.1984375 0.0296875 0.009375 0.009375
0 0.125 0.0484375 0.00625 0.009375
0 0.11015625 0.059375 0.0109375 0.0125
0 0.03515625 0.25546875 0.0140625 0.0171875
0 0.08203125 0.24921875 0.0109375 0.0140625
0 0.0953125 0.246875 0.009375 0.0125
0 0.11640625 0.24296875 0.0109375 0.0109375
0 0.13046875 0.253125 0.0109375 0.0125
0 0.15 0.24453125 0.009375 0.0109375
0 0.17734375 0.24765625 0.0109375 0.0109375
0 0.20546875 0.24453125 0.0109375 0.0140625
0 0.23125 0.2515625 0.009375 0.0125
0 0.2515625 0.25078125 0.009375 0.0109375
0 0.30546875 0.25703125 0.0140625 0.0171875
0 0.3453125 0.2671875 0.0125 0.0125
0 0.4984375 0.09609375 0.0375 0.0546875
0 0.56484375 0.078125 0.0296875 0.025
0 0.61640625 0.08359375 0.0359375 0.0546875
0 0.6015625 0.0921875 0.025 0.034375
0 0.7046875 0.10859375 0.015625 0.0234375
0 0.96953125 0.1234375 0.0234375 0.034375
0 1.028125 0.11796875 0.015625 0.0234375
0 1.034375 0.12734375 0.021875 0.0265625
0 0.8765625 0.14453125 0.0125 0.0140625
0 0.8953125 0.1375 0.009375 0.0125
0 0.9390625 0.11484375 0.015625 0.0203125
0 1.425 0.02578125 0.01875 0.0140625
0 1.3921875 0.05 0.0125 0.015625
0 1.3125 0.14609375 0.021875 0.0171875
0 1.38984375 0.18984375 0.0140625 0.0140625
0 1.42421875 0.16484375 0.0171875 0.0234375
0 1.48671875 0.1765625 0.0203125 0.028125
0 1.5703125 0.1921875 0.00625 0.009375
0 1.5703125 0.16953125 0.00625 0.0078125
0 1.54375 0.171875 0.00625 0.009375
0 1.52109375 0.16875 0.0078125 0.009375
0 1.5359375 0.1859375 0.009375 0.009375
0 1.515625 0.18515625 0.00625 0.0078125
0 1.45625 0.1875 0.009375 0.0125
0 1.25859375 0.29921875 0.0171875 0.0203125
0 1.36640625 0.3125 0.0234375 0.028125
0 1.41875 0.47421875 0.021875 0.0296875
0 1.4109375 0.46015625 0.015625 0.0203125
0 1.290625 0.45 0.01875 0.021875
0 1.25078125 0.4609375 0.0109375 0.015625
0 1.19921875 0.4734375 0.0078125 0.0125
0 1.34765625 0.46796875 0.0078125 0.0109375
0 1.46171875 0.475 0.0078125 0.009375
0 1.375 0.47890625 0.00625 0.0109375
0 1.3421875 0.45546875 0.009375 0.0109375
0 1.2625 0.453125 0.00625 0.009375
0 1.56953125 0.33359375 0.0078125 0.0109375
0 1.54921875 0.32890625 0.0078125 0.0109375
0 1.53671875 0.3234375 0.0078125 0.009375
0 1.484375 0.32421875 0.00625 0.0078125
0 1.5078125 0.3234375 0.00625 0.009375
0 1.5203125 0.3328125 0.00625 0.009375
0 1.4484375 0.32890625 0.00625 0.0078125
0 1.4375 0.32109375 0.00625 0.0078125
0 1.2078125 0.3296875 0.009375 0.009375
0 1.2296875 0.3265625 0.00625 0.009375
0 0.44921875 0.54921875 0.0171875 0.0203125
0 0.5 0.54609375 0.015625 0.0203125
0 0.5171875 0.49609375 0.0125 0.0171875
0 0.54140625 0.48203125 0.0109375 0.0140625
0 0.5546875 0.5015625 0.0125 0.015625
0 0.58203125 0.4859375 0.0140625 0.015625
0 0.5921875 0.49921875 0.0125 0.0171875
0 0.55 0.55234375 0.0125 0.0171875
0 0.53359375 0.60859375 0.0171875 0.0203125
0 0.59765625 0.5515625 0.0140625 0.01875
0 0.59921875 0.6078125 0.0140625 0.01875
0 0.65390625 0.596875 0.0171875 0.021875
0 0.64140625 0.55234375 0.0140625 0.0203125
0 0.6359375 0.4953125 0.015625 0.01875
0 0.61796875 0.48203125 0.0140625 0.0203125
0 0.6515625 0.48828125 0.0125 0.0140625
0 0.6984375 0.48203125 0.0125 0.0171875
0 0.68359375 0.5 0.0140625 0.01875
0 0.6859375 0.5546875 0.0125 0.015625
0 0.71796875 0.60390625 0.0171875 0.0234375
0 0.734375 0.55390625 0.015625 0.0203125
0 0.72265625 0.49453125 0.0109375 0.0203125
0 0.73203125 0.47734375 0.0140625 0.0203125
0 0.7734375 0.4828125 0.0125 0.01875
0 0.7640625 0.50703125 0.015625 0.0203125
0 0.815625 0.4953125 0.0125 0.015625
0 0.8109375 0.515625 0.0125 0.01875
0 0.78203125 0.55703125 0.0140625 0.0203125
0 0.83046875 0.55546875 0.0140625 0.0203125
0 0.82890625 0.6015625 0.0171875 0.01875
0 0.846875 0.51640625 0.0125 0.0171875
0 0.88125 0.4984375 0.0125 0.01875
0 0.88984375 0.51171875 0.0140625 0.0171875
0 0.915625 0.50390625 0.0125 0.0171875
0 0.94765625 0.50625 0.0140625 0.01875
0 0.98203125 0.51015625 0.0140625 0.0171875
0 1.01796875 0.50703125 0.0140625 0.0171875
0 0.9625 0.52109375 0.0125 0.0171875
0 0.99375 0.52421875 0.0125 0.0171875
0 1.02578125 0.53046875 0.0140625 0.0171875
0 0.92734375 0.5296875 0.0140625 0.01875
0 0.8796875 0.55703125 0.015625 0.0203125
0 0.9234375 0.55703125 0.015625 0.0203125
0 0.971875 0.56328125 0.015625 0.0171875
0 1.02578125 0.55859375 0.0140625 0.0171875
0 1.0765625 0.55625 0.015625 0.01875
0 1.09921875 0.525 0.0140625 0.01875
0 1.1359375 0.5578125 0.015625 0.01875
0 0.88203125 0.6171875 0.0171875 0.01875
0 0.93046875 0.6078125 0.0140625 0.021875
0 0.97578125 0.61484375 0.0140625 0.0203125
0 1.01953125 0.61796875 0.0140625 0.0171875
0 1.05859375 0.634375 0.0171875 0.01875
0 1.240625 0.6265625 0.01875 0.028125
0 1.43203125 0.56796875 0.0234375 0.0296875
0 1.46484375 0.715625 0.0546875 0.065625
0 0.15078125 0.425 0.0265625 0.0375
0 0.2125 0.46015625 0.015625 0.0171875
0 0.30390625 0.4640625 0.0140625 0.01875
0 0.32578125 0.47265625 0.0109375 0.0140625
0 0.33671875 0.47734375 0.0109375 0.0140625
0 0.37890625 0.47578125 0.0109375 0.0171875
0 0.3921875 0.471875 0.009375 0.0125
0 0.10234375 0.5953125 0.0078125 0.009375
0 0.16328125 0.59296875 0.0078125 0.0109375
0 0.22578125 0.59765625 0.0078125 0.0109375
0 0.28203125 0.59375 0.0078125 0.009375
0 0.38828125 0.59140625 0.0140625 0.0171875
0 0.32421875 0.59375 0.0078125 0.0125
0 1.465625 0.61484375 0.015625 0.0171875
0 0.41953125 0.94140625 0.0140625 0.0140625
0 0.44765625 0.94140625 0.0109375 0.0140625
0 0.4078125 0.9 0.009375 0.015625
0 0.465625 0.91484375 0.009375 0.0109375
0 0.44453125 0.909375 0.0046875 0.009375
0 0.5125 0.90625 0.025 0.03125
0 0.62578125 0.8953125 0.0171875 0.028125
0 0.61953125 0.90859375 0.0171875 0.0234375
0 0.63984375 0.9828125 0.0390625 0.034375
0 0.6890625 0.98125 0.03125 0.040625
0 0.665625 0.89921875 0.009375 0.0109375
0 0.5390625 0.93515625 0.009375 0.0109375
0 0.528125 0.903125 0.00625 0.009375
0 0.6515625 0.90546875 0.00625 0.0078125
0 0.70625 0.9109375 0.00625 0.009375
0 0.721875 0.9140625 0.00625 0.009375
0 0.7890625 0.91328125 0.009375 0.0109375
0 0.8125 0.87265625 0.021875 0.0296875
0 0.87890625 0.875 0.0265625 0.0375
0 0.8390625 0.884375 0.015625 0.0125
0 0.91328125 0.9109375 0.0109375 0.015625
0 0.90703125 0.86796875 0.0140625 0.0171875
0 1.0484375 0.9875 0.05625 0.04375
0 1.084375 0.865625 0.0125 0.01875
0 1.0640625 0.87421875 0.009375 0.0109375
0 1.13671875 0.8796875 0.0078125 0.0125
0 1.16015625 0.88515625 0.0109375 0.0140625
0 1.09140625 1.01875 0.0453125 0.040625
0 1.0125 0.8640625 0.025 0.015625
0 1.21015625 1.01796875 0.0296875 0.0390625
0 1.321875 0.95078125 0.021875 0.0203125
0 1.3578125 0.8921875 0.015625 0.01875
0 1.44140625 0.896875 0.0140625 0.015625
0 1.54765625 1.01640625 0.0328125 0.0421875
0 1.4859375 0.8484375 0.01875 0.01875
0 1.5609375 0.85859375 0.0125 0.0140625
0 0.12734375 1.03359375 0.0203125 0.0296875
0 0.25078125 1.034375 0.0203125 0.028125
0 0.01875 1.0078125 0.009375 0.021875
0 0.034375 0.99375 0.0125 0.015625
0 0.06171875 1.00859375 0.0140625 0.0171875
0 0.07578125 0.996875 0.0109375 0.015625
0 0.0546875 0.984375 0.0125 0.0125
0 0.02890625 0.97421875 0.0109375 0.0140625
0 0.021875 0.96484375 0.009375 0.0109375
0 0.07421875 0.97265625 0.0109375 0.0140625
0 0.0828125 0.96484375 0.009375 0.0140625
0 0.11015625 0.9671875 0.0109375 0.0125
0 0.0953125 0.984375 0.009375 0.0125
0 0.1125 0.984375 0.009375 0.009375
0 0.13359375 0.9734375 0.0109375 0.015625
0 0.14140625 0.96015625 0.0078125 0.0109375
0 0.16953125 0.96484375 0.0078125 0.0078125
0 0.14921875 1.00078125 0.0109375 0.0140625
0 0.11953125 1.00859375 0.0140625 0.0109375
0 0.1640625 0.98671875 0.009375 0.0109375
0 0.19609375 0.96796875 0.0109375 0.0109375
0 0.19765625 0.99609375 0.0109375 0.0140625
0 0.23046875 1.00625 0.0140625 0.01875
0 0.22265625 0.9796875 0.0109375 0.0125
0 0.2234375 0.96328125 0.00625 0.0078125
0 0.1375 0.80703125 0.01875 0.0359375
0 0.18515625 0.78125 0.0171875 0.021875
0 0.2078125 0.78046875 0.021875 0.0296875
0 0.3296875 0.82734375 0.034375 0.0453125
0 0.3875 0.80078125 0.00625 0.0078125
0 0.02734375 0.59296875 0.0078125 0.0109375
0 0.26796875 0.98984375 0.0109375 0.0109375
0 0.3515625 0.9921875 0.009375 0.009375
0 0.37578125 0.98203125 0.0078125 0.0078125
0 0.1359375 1.0078125 0.0125 0.015625
