0 0.6734375 0.51796875 0.00625 0.0078125
0 0.6796875 0.51171875 0.00625 0.0078125
0 0.6578125 0.50859375 0.00625 0.0078125
0 0.66015625 0.521875 0.0046875 0.00625
0 0.65703125 0.51484375 0.0046875 0.0078125
0 0.51953125 0.70234375 0.0171875 0.0234375
0 0.56015625 0.67734375 0.0140625 0.0203125
0 0.58125 0.68125 0.015625 0.021875
0 0.64140625 0.6859375 0.0140625 0.01875
0 0.61640625 0.66875 0.0140625 0.01875
0 0.5421875 0.6203125 0.015625 0.021875
0 0.54375 0.57421875 0.0125 0.0171875
0 0.575 0.60703125 0.01875 0.0140625
0 0.5609375 0.57421875 0.009375 0.0171875
0 0.571875 0.58125 0.009375 0.015625
0 0.58203125 0.5859375 0.0078125 0.0125
0 0.59375 0.584375 0.0125 0.01875
0 0.60234375 0.59140625 0.0109375 0.0140625
0 0.61640625 0.58359375 0.0140625 0.0203125
0 0.55234375 0.54609375 0.0078125 0.0109375
0 0.63046875 0.54453125 0.0078125 0.0109375
0 0.59921875 0.54140625 0.0109375 0.0140625
0 0.60703125 0.5265625 0.0078125 0.009375
0 0.6 0.51015625 0.00625 0.0078125
0 0.634375 0.52734375 0.00625 0.0078125
0 0.6359375 0.51875 0.00625 0.009375
0 0.6328125 0.51015625 0.00625 0.0078125
0 0.76015625 0.66796875 0.0078125 0.0109375
0 0.784375 0.66796875 0.009375 0.0140625
0 0.66796875 0.65703125 0.0078125 0.0109375
0 0.8 0.6828125 0.009375 0.015625
0 0.8015625 0.66640625 0.009375 0.0140625
0 0.76953125 0.68125 0.0078125 0.0125
0 0.75625 0.68515625 0.00625 0.0109375
0 0.896875 0.54140625 0.00625 0.0078125
0 0.903125 0.6015625 0.009375 0.009375
0 0.9125 0.6171875 0.009375 0.0125
0 0.9203125 0.61875 0.009375 0.0125
0 0.93984375 0.64765625 0.0109375 0.0140625
0 0.97578125 0.590625 0.0140625 0.015625
0 0.9421875 0.57734375 0.00625 0.0078125
0 0.90625 0.5640625 0.00625 0.009375
0 0.909375 0.5546875 0.00625 0.009375
0 1.003125 0.575 0.00625 0.009375
0 1.0109375 0.5921875 0.00625 0.009375
0 0.99375 0.61328125 0.00625 0.0109375
0 1.01015625 0.6171875 0.0078125 0.009375
0 1.01875 0.6140625 0.00625 0.009375
0 1.01640625 0.63046875 0.0078125 0.0109375
0 1.025 0.6375 0.00625 0.009375
0 1.03828125 0.63671875 0.0078125 0.0109375
0 1.0421875 0.62578125 0.00625 0.0109375
0 1.0390625 0.61484375 0.00625 0.0078125
0 1.03359375 0.62578125 0.0078125 0.0109375
0 0.90390625 0.68671875 0.0109375 0.0140625
0 0.915625 0.69140625 0.009375 0.0140625
0 0.925 0.6921875 0.009375 0.0125
0 0.934375 0.70234375 0.009375 0.0109375
0 0.93359375 0.68046875 0.0078125 0.0109375
0 0.9390625 0.69140625 0.009375 0.0109375
0 0.946875 0.68046875 0.009375 0.0109375
0 0.9546875 0.69140625 0.009375 0.0109375
0 0.90390625 0.66640625 0.0078125 0.0109375
0 0.97734375 0.69140625 0.0078125 0.0109375
0 0.9796875 0.6796875 0.00625 0.009375
0 0.99765625 0.69140625 0.0078125 0.0109375
0 1.00078125 0.675 0.0078125 0.009375
0 1.01328125 0.6875 0.0078125 0.009375
0 1.009375 0.675 0.00625 0.009375
0 1.02109375 0.6828125 0.0078125 0.009375
0 1.0328125 0.68515625 0.009375 0.0109375
0 1.01484375 0.665625 0.0046875 0.00625
0 1.021875 0.66484375 0.00625 0.0078125
0 0.93125 0.60859375 0.009375 0.0078125
0 0.91796875 0.60390625 0.0078125 0.0078125
0 0.93203125 0.61796875 0.0078125 0.0078125
0 0.9375 0.63046875 0.009375 0.0109375
0 1.059375 0.62421875 0.009375 0.0140625
0 1.053125 0.62109375 0.009375 0.0109375
0 1.171875 0.66953125 0.00625 0.0078125
0 1.1796875 0.671875 0.00625 0.009375
0 1.18125 0.61875 0.00625 0.009375
0 1.17734375 0.6859375 0.0078125 0.00625
0 1.153125 0.6734375 0.00625 0.009375
0 1.278125 0.571875 0.015625 0.05625
0 0.6375 0.4953125 0.00625 0.009375
0 0.65 0.49375 0.00625 0.009375
0 0.66015625 0.496875 0.0078125 0.009375
0 0.60390625 0.46484375 0.0078125 0.0109375
0 0.5953125 0.44140625 0.00625 0.0078125
0 0.60859375 0.5171875 0.0078125 0.009375
0 0.7296875 0.515625 0.015625 0.025
0 0.5453125 0.52421875 0.00625 0.0078125
0 0.54609375 0.52890625 0.0078125 0.0078125
0 1.06640625 0.59921875 0.0109375 0.0140625
0 1.178125 0.27734375 0.00625 0.0078125
0 1.2140625 0.553125 0.01875 0.025
0 0.94921875 0.62109375 0.0078125 0.0109375
0 0.978125 0.57578125 0.00625 0.0078125
0 0.5 0.54921875 0.009375 0.0109375
0 0.21953125 0.5171875 0.0296875 0.03125
0 0.33203125 0.5546875 0.0234375 0.028125
0 0.43203125 0.53203125 0.0171875 0.0265625
0 0.48984375 0.56796875 0.0203125 0.0265625
0 0.446875 0.565625 0.0125 0.021875
0 0.51640625 0.59609375 0.0140625 0.0203125
0 0.5203125 0.57890625 0.01875 0.0234375
0 0.38984375 0.553125 0.0109375 0.015625
0 0.71796875 0.52734375 0.0234375 0.0296875
0 0.8296875 0.53828125 0.021875 0.0328125
0 0.75859375 0.58828125 0.0109375 0.0171875
0 0.7671875 0.61875 0.009375 0.0125
0 0.78203125 0.58984375 0.0109375 0.0171875
0 0.7984375 0.59765625 0.0125 0.0171875
0 0.77578125 0.5609375 0.0078125 0.009375
0 0.7859375 0.56328125 0.00625 0.0078125
0 0.79375 0.55703125 0.00625 0.0078125
0 0.8140625 0.55546875 0.00625 0.0078125
0 0.8203125 0.56015625 0.00625 0.0078125
0 0.8171875 0.57421875 0.00625 0.0078125
0 0.80234375 0.590625 0.0109375 0.0125
0 0.80859375 0.56328125 0.0078125 0.0078125
