0 0.2203125 1.040625 0.021875 0.028125
0 0.12109375 0.94296875 0.0265625 0.0328125
0 0.52578125 0.98515625 0.0203125 0.0296875
0 0.2703125 0.98125 0.028125 0.028125
0 0.3515625 0.94375 0.021875 0.028125
0 0.640625 0.93125 0.028125 0.028125
0 0.51640625 0.8 0.0171875 0.01875
0 0.62734375 0.8765625 0.0171875 0.01875
0 0.71015625 0.84765625 0.0203125 0.0171875
0 0.54921875 0.7734375 0.0171875 0.021875
0 0.58203125 0.73984375 0.0171875 0.0203125
0 0.62578125 0.71328125 0.0171875 0.0171875
0 0.86953125 0.8515625 0.0171875 0.025
0 0.85859375 0.82265625 0.0140625 0.0171875
0 0.6421875 1.13984375 0.0375 0.0359375
0 0.965625 1.13515625 0.0375 0.0328125
0 1.42421875 1.1515625 0.0296875 0.028125
0 1.1671875 1.0328125 0.028125 0.021875
0 0.39140625 0.64375 0.0140625 0.01875
0 0.321875 0.68671875 0.0125 0.0171875
0 0.2984375 0.63046875 0.0125 0.0140625
0 0.36796875 0.61484375 0.0140625 0.0171875
0 0.26953125 0.71484375 0.0171875 0.0203125
0 0.25 0.64609375 0.015625 0.0171875
0 0.0890625 0.75234375 0.021875 0.0171875
0 0.03515625 0.6671875 0.0171875 0.01875
0 0.09453125 0.71328125 0.0171875 0.0234375
0 0.1640625 0.62421875 0.015625 0.0171875
0 0.0796875 0.5328125 0.0125 0.015625
0 0.0375 0.55546875 0.015625 0.0140625
0 0.16484375 0.58828125 0.0140625 0.0171875
0 0.24140625 0.59140625 0.0109375 0.0140625
0 0.27109375 0.57109375 0.0109375 0.0140625
0 0.31796875 0.56640625 0.0109375 0.0140625
0 0.1953125 0.5640625 0.0125 0.015625
0 0.13125 0.5296875 0.009375 0.0125
0 0.17109375 0.51875 0.0109375 0.0125
0 0.21328125 0.5078125 0.0109375 0.0125
0 1.4765625 0.875 0.01875 0.01875
0 1.51484375 0.859375 0.0171875 0.0125
0 0.0234375 0.85234375 0.028125 0.0265625
0 0.26171875 0.84375 0.0234375 0.028125
0 0.22734375 0.74453125 0.0171875 0.0203125
0 0.54140625 0.5359375 0.0109375 0.01875
0 0.603125 0.521875 0.015625 0.01875
0 0.66484375 0.52421875 0.0109375 0.0140625
0 0.7390625 0.50625 0.009375 0.015625
0 0.7015625 0.540625 0.00625 0.015625
0 0.68671875 0.57265625 0.0140625 0.0203125
0 0.7234375 0.5671875 0.0125 0.01875
0 0.7609375 0.61640625 0.015625 0.0171875
0 0.790625 0.5875 0.015625 0.01875
0 0.778125 0.54296875 0.015625 0.0203125
0 0.82109375 0.5375 0.0109375 0.01875
0 0.92734375 0.56796875 0.0140625 0.0140625
0 0.9734375 0.5703125 0.0125 0.015625
0 0.9265625 0.603125 0.0125 0.01875
0 0.85390625 0.590625 0.0109375 0.01875
0 0.96875 0.66171875 0.0125 0.0171875
0 1.009375 0.65078125 0.0125 0.0171875
0 1.0453125 0.640625 0.0125 0.015625
0 0.99921875 0.6859375 0.0140625 0.01875
0 0.90859375 0.6671875 0.0140625 0.015625
0 0.871875 0.640625 0.0125 0.015625
0 0.88125 0.57890625 0.01875 0.0171875
0 1.09453125 0.63125 0.0109375 0.015625
0 1.0671875 0.59375 0.0125 0.015625
0 1.13359375 0.58125 0.0140625 0.015625
0 1.16015625 0.603125 0.0140625 0.0125
0 1.1796875 0.65546875 0.0125 0.0140625
0 1.11328125 0.70703125 0.0234375 0.0234375
0 1.2265625 0.69296875 0.0125 0.0171875
0 1.1953125 0.56796875 0.009375 0.0140625
0 1.1515625 0.534375 0.0125 0.0125
0 1.10078125 0.55703125 0.0109375 0.0171875
0 1.2328125 0.55390625 0.015625 0.0140625
0 1.21640625 0.640625 0.0140625 0.015625
0 1.2390625 0.59765625 0.0125 0.0140625
0 1.39453125 0.6125 0.0140625 0.01875
0 1.36328125 0.61171875 0.0140625 0.0171875
0 1.41953125 0.5921875 0.0140625 0.015625
0 1.4140625 0.64296875 0.015625 0.0203125
0 1.36875 0.71328125 0.0125 0.0171875
0 1.31484375 0.66875 0.0140625 0.01875
0 1.3171875 0.8296875 0.015625 0.021875
0 1.38203125 0.82734375 0.0171875 0.0171875
0 1.20703125 0.78046875 0.0140625 0.0171875
0 1.2453125 0.7640625 0.015625 0.01875
0 1.16015625 0.66875 0.0140625 0.015625
0 1.31875 0.75078125 0.01875 0.0203125
0 1.51953125 0.74375 0.0171875 0.021875
0 1.478125 0.75859375 0.015625 0.0203125
0 1.41171875 0.7046875 0.0109375 0.015625
0 1.4484375 0.68984375 0.015625 0.0203125
0 1.4671875 0.68125 0.015625 0.015625
0 1.54765625 0.72734375 0.0171875 0.0171875
0 1.58828125 0.81015625 0.0140625 0.0203125
0 1.5578125 0.82265625 0.021875 0.0203125
0 1.56796875 0.65234375 0.0140625 0.0171875
0 1.5515625 0.60859375 0.0125 0.0203125
0 1.4453125 0.63125 0.01875 0.0125
0 1.34375 0.72109375 0.0125 0.0171875
0 1.24921875 0.69296875 0.0109375 0.0140625
0 1.34375 0.66875 0.0125 0.015625
0 1.4171875 0.7875 0.015625 0.021875
0 0.40390625 0.8859375 0.0234375 0.028125
0 0.37421875 0.6546875 0.0140625 0.01875
0 0.07578125 0.50390625 0.0109375 0.0140625
0 0.1015625 0.45546875 0.0125 0.0140625
0 0.05546875 0.4625 0.0109375 0.015625
0 0.46484375 1.09609375 0.0234375 0.0328125
