0 1.17734375 0.60859375 0.0640625 0.0734375
0 0.8796875 0.7265625 0.05625 0.059375
0 1.21640625 0.515625 0.0390625 0.05
0 1.03515625 0.52421875 0.0328125 0.0421875
0 1.4875 0.49296875 0.034375 0.0453125
0 1.546875 0.5296875 0.028125 0.0375
0 1.3609375 0.5296875 0.025 0.034375
0 1.2671875 0.5203125 0.028125 0.040625
0 1.390625 0.55078125 0.025 0.0328125
0 1.2921875 0.52734375 0.021875 0.0359375
0 1.1 0.54375 0.034375 0.028125
0 1.125 0.53671875 0.021875 0.0203125
0 0.9953125 0.51015625 0.034375 0.0453125
0 0.91796875 0.48359375 0.0515625 0.0421875
0 0.84765625 0.41796875 0.0578125 0.0828125
0 0.5734375 0.51875 0.05625 0.059375
0 0.74296875 0.459375 0.0546875 0.05625
0 0.4015625 0.4609375 0.05625 0.065625
0 0.77578125 0.46015625 0.0234375 0.0453125
0 0.2671875 0.50390625 0.028125 0.0390625
0 0.1640625 0.51484375 0.03125 0.0515625
0 0.08828125 0.5578125 0.0265625 0.040625
0 0.09296875 0.51796875 0.0265625 0.0234375
0 0.121875 0.55703125 0.028125 0.0296875
