0 1.56953125 0.4859375 0.0234375 0.028125
0 1.54453125 0.4875 0.0171875 0.01875
0 1.53125 0.4859375 0.015625 0.021875
0 0.565625 0.5203125 0.05 0.08125
0 0.75390625 0.51796875 0.0421875 0.0734375
0 1.00078125 0.4234375 0.0421875 0.05625
0 1.0703125 0.52578125 0.05 0.0703125
0 1.33515625 0.56015625 0.0390625 0.0578125
0 1.21171875 0.50234375 0.0453125 0.0703125
0 1.4765625 0.484375 0.01875 0.021875
0 0.80234375 0.4375 0.0484375 0.071875
0 0.86640625 0.45 0.0421875 0.05625
0 0.921875 0.52734375 0.046875 0.0671875
0 1.4375 0.54296875 0.04375 0.0578125
