0 0.2296875 0.3203125 0.028125 0.040625
0 0.32734375 0.3359375 0.0265625 0.03125
0 0.37109375 0.33359375 0.0234375 0.0390625
0 0.4796875 0.290625 0.021875 0.03125
0 0.5296875 0.28984375 0.021875 0.0328125
0 0.59921875 0.2953125 0.0203125 0.028125
0 0.60546875 0.37734375 0.0296875 0.0359375
0 0.49765625 0.4140625 0.0421875 0.0625
0 0.40390625 0.446875 0.0359375 0.046875
0 0.30546875 0.528125 0.0515625 0.065625
0 0.6515625 0.425 0.040625 0.046875
0 0.56640625 0.5109375 0.0484375 0.065625
0 0.43125 0.5296875 0.04375 0.05
0 0.67265625 0.28671875 0.0234375 0.0265625
0 0.721875 0.2859375 0.025 0.028125
0 0.81171875 0.26796875 0.0234375 0.0296875
0 0.86875 0.2796875 0.021875 0.03125
0 0.9171875 0.26875 0.021875 0.028125
0 1.02890625 0.26875 0.0234375 0.03125
0 0.95234375 0.4125 0.0390625 0.053125
0 0.928125 0.37109375 0.034375 0.0390625
0 1.00625 0.39453125 0.03125 0.0390625
0 1.02578125 0.46484375 0.0515625 0.0796875
0 1.07734375 0.40703125 0.0359375 0.0515625
0 1.109375 0.38125 0.021875 0.0375
0 1.178125 0.303125 0.028125 0.04375
0 1.1984375 0.325 0.015625 0.03125
0 1.28203125 0.31171875 0.0359375 0.0515625
0 1.184375 0.42890625 0.028125 0.0421875
0 1.3078125 0.59609375 0.065625 0.0765625
0 1.19375 0.5078125 0.0375 0.04375
0 1.27109375 0.5078125 0.0421875 0.05
0 1.4671875 0.5671875 0.04375 0.059375
0 0.23125 0.659375 0.059375 0.08125
0 0.40390625 0.62578125 0.0609375 0.1140625
0 1.35546875 0.2359375 0.0171875 0.021875
0 1.3890625 0.240625 0.015625 0.021875
0 1.409375 0.23359375 0.015625 0.0171875
