0 1.39765625 1.03828125 0.0328125 0.0578125
0 1.5890625 0.92578125 0.021875 0.0515625
0 1.1515625 0.7890625 0.015625 0.03125
0 1.1875 0.6515625 0.01875 0.028125
0 0.86171875 0.82265625 0.0171875 0.0296875
0 0.715625 0.796875 0.021875 0.034375
0 0.721875 0.63671875 0.021875 0.0265625
0 0.85 0.65078125 0.0125 0.0234375
0 0.86015625 0.74609375 0.0171875 0.0203125
0 1.015625 0.7203125 0.009375 0.015625
0 0.53046875 0.84296875 0.0171875 0.0265625
0 0.3046875 0.83515625 0.025 0.0390625
0 0.39375 0.62890625 0.015625 0.0234375
0 0.0578125 1.00078125 0.046875 0.0765625
0 0.28984375 0.89453125 0.0265625 0.0359375
0 0.1484375 0.64609375 0.053125 0.0640625
0 0.1015625 0.675 0.040625 0.0375
0 0.28515625 0.6453125 0.0109375 0.015625
0 0.315625 0.64765625 0.009375 0.0109375
0 0.36796875 0.728125 0.0109375 0.021875
0 1.29453125 0.659375 0.0140625 0.015625
0 1.30625 0.85 0.021875 0.025
0 1.34453125 0.8234375 0.0234375 0.03125
0 1.31953125 0.91484375 0.0203125 0.0390625
0 1.30859375 0.8796875 0.0203125 0.028125
0 0.9640625 0.78203125 0.0125 0.0171875
0 0.99140625 0.7609375 0.0140625 0.015625
