0 1.55703125 0.7921875 0.0859375 0.13125
0 1.55703125 0.5390625 0.0859375 0.1
0 1.58046875 0.48359375 0.0390625 0.0515625
0 1.46171875 0.48984375 0.0703125 0.0796875
0 1.43125 0.690625 0.1 0.1
0 1.40546875 0.56328125 0.0609375 0.0890625
0 1.40625 0.43984375 0.053125 0.0578125
0 1.43984375 0.4109375 0.0359375 0.046875
0 1.48515625 0.34609375 0.0359375 0.0328125
0 1.53203125 0.37109375 0.0328125 0.0359375
0 1.5640625 0.30234375 0.028125 0.0390625
0 1.4203125 0.3421875 0.021875 0.03125
0 1.3625 0.37265625 0.040625 0.0453125
0 1.325 0.49609375 0.065625 0.0703125
0 1.24609375 0.440625 0.0515625 0.05625
0 1.31015625 0.35234375 0.0265625 0.0328125
0 1.36875 0.3359375 0.021875 0.034375
0 1.25078125 0.6703125 0.0765625 0.1125
0 1.31484375 0.41796875 0.0328125 0.0515625
0 1.2046875 0.4 0.03125 0.046875
0 1.17734375 0.62734375 0.0984375 0.1234375
0 1.14921875 0.4875 0.0453125 0.059375
0 1.11328125 0.4859375 0.0421875 0.053125
0 1.08359375 0.453125 0.0390625 0.05
0 1.0796875 0.3921875 0.034375 0.034375
0 1.10625 0.3515625 0.025 0.034375
0 1.03671875 0.675 0.1171875 0.153125
0 1.0296875 0.40390625 0.025 0.0359375
0 1.02421875 0.36484375 0.0171875 0.0265625
0 1.43203125 0.2859375 0.0171875 0.021875
0 1.46171875 0.27734375 0.0171875 0.0203125
0 1.37578125 0.28203125 0.0140625 0.0171875
0 1.353125 0.27890625 0.015625 0.0171875
0 0.9859375 0.3890625 0.025 0.025
0 1.015625 0.4703125 0.028125 0.04375
0 1.03515625 0.4484375 0.0265625 0.046875
0 1.06875 0.91953125 0.1375 0.2015625
0 0.88515625 0.92578125 0.1390625 0.1796875
0 0.66328125 0.92109375 0.1046875 0.1546875
0 0.634375 0.7140625 0.10625 0.13125
0 1.2703125 1.00078125 0.096875 0.1203125
0 0.83203125 0.5328125 0.0984375 0.11875
0 0.74375 0.5859375 0.06875 0.090625
0 0.9734375 0.553125 0.05625 0.071875
0 0.9640625 0.4984375 0.046875 0.05
0 0.9421875 0.453125 0.0375 0.059375
0 0.9546875 0.39453125 0.01875 0.0265625
0 0.86328125 0.40703125 0.0296875 0.0359375
0 0.7921875 0.46171875 0.03125 0.0421875
0 0.72890625 0.4875 0.0484375 0.05
0 0.67734375 0.3734375 0.0234375 0.034375
0 0.79375 0.38515625 0.025 0.0359375
0 0.80859375 0.37421875 0.0171875 0.0296875
0 0.8375 0.34921875 0.015625 0.0203125
0 0.884375 0.3546875 0.015625 0.025
0 0.7265625 0.40625 0.028125 0.03125
0 0.78671875 0.42578125 0.0296875 0.0359375
0 0.91796875 0.4546875 0.0265625 0.040625
0 0.58828125 0.41171875 0.0234375 0.0328125
0 0.54921875 0.47890625 0.0328125 0.0453125
0 0.49375 0.6890625 0.071875 0.10625
0 0.46015625 0.584375 0.0671875 0.0875
0 0.434375 0.47421875 0.034375 0.0515625
0 0.39375 0.4625 0.034375 0.053125
0 0.32890625 0.48203125 0.0328125 0.0578125
0 0.3609375 0.59296875 0.065625 0.0859375
0 0.2671875 0.57734375 0.0625 0.0671875
0 0.3765625 0.76015625 0.1125 0.1578125
0 0.5 0.95859375 0.14375 0.2078125
0 0.4453125 0.9625 0.115625 0.175
0 0.28828125 0.421875 0.0390625 0.040625
0 0.25859375 0.425 0.0296875 0.04375
0 0.34765625 0.38125 0.0203125 0.034375
0 0.321875 0.38359375 0.021875 0.0296875
0 0.3765625 0.37421875 0.01875 0.0265625
0 0.57734375 0.3859375 0.0171875 0.021875
0 0.84921875 0.4515625 0.0328125 0.040625
0 0.83828125 0.39296875 0.0171875 0.0234375
0 0.9109375 0.3875 0.021875 0.0375
0 0.76953125 0.34296875 0.0140625 0.0171875
0 0.72265625 0.353125 0.0109375 0.01875
0 0.2140625 0.6796875 0.090625 0.121875
0 0.1859375 0.6140625 0.06875 0.075
0 0.13359375 0.53359375 0.0546875 0.0671875
0 0.15390625 0.4984375 0.0453125 0.0625
0 0.18671875 0.4609375 0.0328125 0.053125
0 0.2109375 0.4484375 0.0375 0.04375
0 0.034375 0.88671875 0.06875 0.1671875
0 0.025 0.6140625 0.046875 0.08125
0 0.12109375 0.45390625 0.0328125 0.0328125
0 0.09921875 0.4359375 0.0296875 0.034375
0 0.08671875 0.4015625 0.0234375 0.028125
0 0.03828125 0.409375 0.0203125 0.028125
0 0.0125 0.46484375 0.021875 0.0390625
0 0.04765625 0.4859375 0.0265625 0.028125
0 0.14296875 0.4109375 0.0234375 0.040625
0 0.19453125 0.3953125 0.0140625 0.021875
0 0.2984375 0.371875 0.015625 0.01875
0 0.00859375 0.43046875 0.0171875 0.0265625
0 0.43984375 0.35625 0.0140625 0.01875
0 0.4390625 0.4015625 0.01875 0.01875
0 0.20859375 0.4015625 0.0171875 0.021875
0 1.46328125 1.02421875 0.2046875 0.0765625
0 1.3421875 0.71328125 0.075 0.0953125
0 1.2359375 0.89765625 0.06875 0.0921875
0 1.11640625 0.5734375 0.0578125 0.06875
0 1.1625 0.3734375 0.021875 0.025
0 1.22734375 0.29296875 0.0140625 0.0171875
