0 0.9796875 0.71171875 0.01875 0.0234375
0 0.8078125 0.703125 0.021875 0.025
0 0.621875 0.71015625 0.01875 0.0234375
0 0.7046875 0.8796875 0.025 0.04375
0 0.38515625 1.0453125 0.0453125 0.096875
0 1.34375 1.01875 0.059375 0.0875
0 1.47109375 0.81484375 0.0171875 0.0203125
0 0.64296875 0.85078125 0.0140625 0.0234375
0 0.734375 0.8015625 0.009375 0.0125
0 0.35546875 0.8703125 0.0234375 0.025
0 0.60234375 0.8046875 0.0140625 0.015625
0 1.42421875 0.8125 0.0109375 0.015625
0 1.28671875 0.8 0.0078125 0.009375
