0 1.24609375 0.403125 0.0828125 0.115625
0 0.9109375 0.42421875 0.065625 0.1203125
0 0.91875 0.19765625 0.059375 0.0859375
0 0.73359375 0.34140625 0.0703125 0.0953125
0 0.7875 0.521875 0.078125 0.103125
0 1.58046875 0.05 0.0390625 0.090625
0 1.1515625 0.0453125 0.065625 0.090625
0 0.76328125 0.02578125 0.0640625 0.0515625
0 0.41484375 0.27890625 0.0640625 0.0859375
0 0.41015625 0.03125 0.0734375 0.0625
0 0.36640625 0.58671875 0.0734375 0.1234375
0 0.1859375 0.41171875 0.071875 0.0890625
0 0.0859375 0.28828125 0.065625 0.0796875
0 0.03515625 0.05390625 0.0640625 0.0796875
