0 0.896875 1.1390625 0.01875 0.021875
0 0.8359375 1.13203125 0.021875 0.0265625
0 0.771875 1.121875 0.01875 0.01875
0 0.66015625 0.98203125 0.0234375 0.0328125
0 1.4359375 0.61328125 0.0375 0.0453125
0 1.390625 0.57109375 0.025 0.0265625
0 0.83515625 0.62421875 0.0359375 0.0453125
0 0.7890625 0.5859375 0.025 0.028125
0 0.27265625 0.63359375 0.0359375 0.0453125
0 0.23125 0.5953125 0.021875 0.028125
0 0.23984375 0.5359375 0.0140625 0.028125
0 0.79765625 0.52734375 0.0140625 0.0296875
0 1.3953125 0.51328125 0.01875 0.0390625
0 1.22265625 0.7625 0.0203125 0.025
