0 0.703125 0.58984375 0.03125 0.0359375
0 0.39375 0.54140625 0.04375 0.0546875
0 0.18359375 0.54921875 0.0296875 0.0484375
0 0.01640625 0.4703125 0.0078125 0.028125
0 0.92109375 0.48046875 0.0140625 0.0140625
0 0.9328125 0.4609375 0.0125 0.015625
0 0.959375 0.36640625 0.009375 0.0109375
0 0.603125 0.4375 0.0125 0.0125
0 0.6296875 0.42265625 0.0125 0.0109375
0 0.6578125 0.371875 0.009375 0.009375
0 0.89140625 0.47890625 0.0140625 0.0140625
0 0.76171875 0.4390625 0.0140625 0.01875
0 1.1578125 0.46875 0.0125 0.01875
0 0.96953125 0.4296875 0.0109375 0.015625
0 1.22890625 0.48984375 0.0140625 0.0203125
0 1.2671875 0.50078125 0.0125 0.0203125
0 1.20234375 0.3734375 0.0109375 0.0125
0 1.071875 0.3671875 0.00625 0.009375
