0 1.2171875 1.9578125 0.128125 0.190625
0 0.94375 2.03671875 0.140625 0.1796875
0 1.03515625 1.84375 0.0421875 0.053125
0 1.12265625 1.67265625 0.0234375 0.0328125
0 1.0859375 1.71015625 0.021875 0.0265625
0 1.02265625 1.740625 0.0234375 0.025
0 0.9640625 1.71484375 0.025 0.0359375
0 1.11171875 1.3890625 0.0734375 0.0875
0 0.96953125 1.2578125 0.0515625 0.06875
0 0.83046875 1.38359375 0.0671875 0.0953125
0 0.71171875 1.3359375 0.0484375 0.06875
0 0.80625 1.04609375 0.140625 0.1859375
0 0.675 0.95078125 0.146875 0.2109375
0 0.5078125 1.01171875 0.215625 0.3484375
0 0.1734375 1.15546875 0.215625 0.3484375
0 0.9828125 0.54765625 0.15625 0.1765625
0 0.28125 0.51640625 0.16875 0.2515625
