0 1.37578125 0.6203125 0.0484375 0.059375
0 1.21015625 0.6234375 0.0359375 0.06875
0 1.15625 0.60234375 0.040625 0.0546875
0 1.17265625 0.39296875 0.0359375 0.0546875
0 1.0328125 0.5703125 0.059375 0.071875
0 1.06875 0.43203125 0.04375 0.0484375
0 0.97734375 0.58828125 0.0453125 0.0546875
0 0.90390625 0.58046875 0.0546875 0.0671875
0 0.9328125 0.440625 0.040625 0.059375
0 0.87265625 0.31640625 0.0421875 0.0453125
0 0.83984375 0.4453125 0.0390625 0.04375
0 0.75859375 0.5546875 0.0515625 0.071875
0 0.71953125 0.4453125 0.0390625 0.053125
0 0.57734375 0.5359375 0.0515625 0.0625
0 0.528125 0.55 0.040625 0.04375
0 0.46328125 0.51640625 0.0546875 0.0609375
0 0.3828125 0.60390625 0.05 0.0734375
0 0.2078125 0.5390625 0.06875 0.090625
0 0.021875 0.4671875 0.04375 0.08125
