0 1.07265625 0.2296875 0.1078125 0.146875
0 0.88828125 0.31171875 0.1203125 0.1671875
0 0.759375 0.2296875 0.09375 0.1375
0 0.40703125 0.5046875 0.0390625 0.05
0 0.178125 0.42578125 0.0625 0.0703125
0 0.27265625 0.8671875 0.0609375 0.0625
0 0.16328125 0.51640625 0.0296875 0.0484375
0 0.0546875 0.52890625 0.046875 0.0578125
0 1.19453125 0.7203125 0.0140625 0.0125
0 1.17265625 0.715625 0.0109375 0.015625
0 1.15234375 0.71171875 0.0109375 0.0140625
0 1.1296875 0.6984375 0.015625 0.015625
0 1.1109375 0.6890625 0.015625 0.015625
0 1.15234375 0.79140625 0.0140625 0.0171875
0 1.1390625 0.82890625 0.015625 0.0171875
0 1.13125 0.78359375 0.0125 0.0140625
0 1.10234375 0.7796875 0.0140625 0.015625
0 1.07265625 0.76015625 0.0140625 0.0171875
0 1.03828125 0.73671875 0.0171875 0.0234375
0 0.9796875 0.94140625 0.0125 0.0109375
0 0.925 0.48828125 0.0125 0.0109375
0 0.89296875 0.48828125 0.0109375 0.0140625
0 0.8546875 0.484375 0.0125 0.0125
0 0.81796875 0.4796875 0.0109375 0.0125
0 0.78671875 0.475 0.0109375 0.0125
0 0.67890625 0.44921875 0.0390625 0.0578125
0 0.70390625 0.26640625 0.0265625 0.0234375
0 0.5375 0.37734375 0.03125 0.0265625
0 0.43125 0.13671875 0.01875 0.0265625
0 0.99375 1.05234375 0.009375 0.0140625
0 1.0 0.9609375 0.0125 0.0125
0 0.9265625 0.965625 0.015625 0.015625
0 0.9203125 0.9890625 0.0125 0.015625
0 1.02421875 1.00078125 0.0140625 0.0140625
0 1.0296875 1.04609375 0.009375 0.0109375
0 1.03984375 1.02734375 0.0078125 0.0078125
0 1.01953125 1.0671875 0.0109375 0.009375
0 1.05546875 1.00390625 0.0078125 0.0078125
