0 1.53046875 1.10859375 0.0515625 0.0671875
0 1.39140625 1.0859375 0.0515625 0.046875
0 1.40078125 1.02265625 0.0453125 0.0484375
0 1.40703125 0.93359375 0.0453125 0.0640625
0 1.48203125 0.88671875 0.0484375 0.0609375
0 1.56953125 1.05546875 0.0328125 0.0578125
0 1.33125 0.86953125 0.04375 0.0578125
0 1.25078125 0.821875 0.0484375 0.0625
0 1.1734375 0.8875 0.04375 0.053125
0 1.1328125 0.95234375 0.04375 0.0484375
0 1.07578125 1.0203125 0.0484375 0.0625
0 1.05234375 0.90546875 0.0421875 0.0515625
0 1.0734375 0.81328125 0.040625 0.0515625
0 1.50078125 0.81328125 0.0296875 0.0484375
0 1.28515625 0.91640625 0.0421875 0.0515625
0 1.121875 0.7734375 0.04375 0.040625
0 1.40703125 0.75 0.0390625 0.05
0 1.45625 0.68828125 0.04375 0.0609375
0 1.5265625 0.75390625 0.04375 0.0390625
0 1.57265625 0.69453125 0.0234375 0.0484375
0 1.5734375 0.6421875 0.025 0.04375
0 1.51015625 0.5484375 0.0359375 0.0375
0 1.540625 0.4859375 0.034375 0.046875
0 1.5640625 0.44765625 0.03125 0.0328125
0 1.47578125 0.6078125 0.0359375 0.040625
0 1.41796875 0.528125 0.0359375 0.046875
0 1.4 0.48671875 0.034375 0.0390625
0 1.3484375 0.59375 0.034375 0.040625
0 1.28984375 0.66875 0.0421875 0.053125
0 1.23203125 0.74375 0.0359375 0.05
0 1.203125 0.625 0.040625 0.05
0 1.26015625 0.546875 0.0296875 0.034375
0 1.21953125 0.5875 0.0328125 0.034375
0 1.340625 0.4453125 0.0375 0.040625
0 1.45078125 0.44453125 0.0359375 0.0390625
0 1.1578125 0.6796875 0.040625 0.059375
0 1.10390625 0.60234375 0.0390625 0.0484375
0 1.1515625 0.528125 0.040625 0.059375
0 1.13125 0.4875 0.034375 0.046875
0 1.2828125 0.484375 0.034375 0.028125
0 1.04296875 0.70390625 0.0390625 0.0390625
0 1.05390625 0.496875 0.0359375 0.04375
0 1.534375 0.31171875 0.034375 0.0421875
0 1.4984375 0.365625 0.034375 0.04375
0 1.4609375 0.26328125 0.034375 0.0390625
0 1.5125 0.18515625 0.028125 0.0265625
0 1.39375 0.41171875 0.025 0.0359375
0 1.3578125 0.38203125 0.034375 0.0453125
0 1.32265625 0.321875 0.0328125 0.04375
0 1.4203125 0.30078125 0.03125 0.0359375
0 1.571875 0.24453125 0.021875 0.0390625
0 1.57578125 0.2015625 0.0203125 0.0375
0 1.45234375 0.2296875 0.0328125 0.034375
0 1.37265625 0.2453125 0.0265625 0.034375
0 1.425 0.24921875 0.028125 0.0265625
0 1.3265625 0.28359375 0.025 0.0296875
0 1.26640625 0.3703125 0.0328125 0.034375
0 1.27421875 0.23359375 0.0296875 0.0328125
0 1.25546875 0.3046875 0.0296875 0.034375
0 1.00625 1.09921875 0.05 0.0671875
0 0.94296875 1.0203125 0.0421875 0.053125
0 0.98671875 0.93046875 0.0484375 0.0515625
0 0.70234375 0.93125 0.0515625 0.05625
0 0.72890625 0.88359375 0.0421875 0.0484375
0 0.7109375 1.10078125 0.05 0.0609375
0 1.5421875 0.16796875 0.028125 0.0359375
0 1.56328125 0.11015625 0.0296875 0.0421875
0 1.5 0.0921875 0.028125 0.03125
0 1.45703125 0.15546875 0.0265625 0.0328125
0 1.4625 0.1 0.03125 0.034375
0 1.3953125 0.17421875 0.03125 0.0328125
0 1.33984375 0.15078125 0.0265625 0.0328125
0 1.30546875 0.1359375 0.0296875 0.03125
0 1.28359375 0.0921875 0.0234375 0.03125
0 1.43046875 0.065625 0.0234375 0.025
0 1.37734375 0.05859375 0.0234375 0.0265625
0 1.50234375 0.0609375 0.0265625 0.021875
0 1.32421875 0.21328125 0.0296875 0.0265625
0 1.340625 0.08359375 0.028125 0.0265625
0 1.36953125 0.0921875 0.0234375 0.028125
0 1.39453125 0.12734375 0.0265625 0.0296875
0 1.25703125 0.15 0.0296875 0.034375
0 1.203125 0.13046875 0.028125 0.0265625
0 1.2296875 0.08984375 0.025 0.0296875
0 1.20078125 0.06171875 0.0265625 0.0296875
0 1.27890625 0.06328125 0.0265625 0.0234375
0 1.21796875 0.203125 0.0296875 0.034375
0 1.234375 0.265625 0.028125 0.03125
0 1.16328125 0.2828125 0.0328125 0.034375
0 1.10546875 0.25078125 0.0328125 0.0390625
0 1.1484375 0.2015625 0.025 0.03125
0 1.1609375 0.075 0.025 0.034375
0 1.05859375 0.275 0.0296875 0.040625
0 0.9859375 0.17109375 0.028125 0.0359375
0 1.02265625 0.12421875 0.0265625 0.0296875
0 1.096875 0.109375 0.025 0.03125
0 1.06640625 0.16015625 0.0203125 0.0265625
0 1.06015625 0.20390625 0.0234375 0.0265625
0 1.01796875 0.22421875 0.0234375 0.0296875
0 0.9734375 0.25078125 0.025 0.0296875
0 1.18671875 0.246875 0.0234375 0.025
0 1.0671875 0.08515625 0.025 0.0328125
0 1.25546875 0.41640625 0.0296875 0.0421875
0 1.209375 0.43125 0.03125 0.053125
0 1.31953125 0.48671875 0.0296875 0.0453125
0 1.1578125 0.4046875 0.034375 0.04375
0 1.1484375 0.35859375 0.034375 0.0421875
0 1.10859375 0.3109375 0.0328125 0.04375
0 1.07421875 0.37734375 0.0359375 0.0390625
0 1.09296875 0.44296875 0.0328125 0.0484375
0 1.03046875 0.42890625 0.0265625 0.0265625
0 0.9953125 0.45625 0.03125 0.04375
0 0.9625 0.3734375 0.034375 0.04375
0 1.00859375 0.30859375 0.0296875 0.0328125
0 0.9515625 0.28828125 0.028125 0.0359375
0 0.89296875 0.2453125 0.0265625 0.0375
0 0.90078125 0.31328125 0.0296875 0.0359375
0 0.8578125 0.275 0.034375 0.04375
0 0.9203125 0.40078125 0.0375 0.0359375
0 0.8703125 0.44609375 0.034375 0.0546875
0 0.934375 0.48984375 0.0375 0.0453125
0 1.0125 0.54140625 0.0375 0.0484375
0 0.90625 0.53828125 0.0375 0.0546875
0 0.95078125 0.66171875 0.0359375 0.0453125
0 0.9703125 0.73828125 0.0375 0.0515625
0 0.98359375 0.58671875 0.0359375 0.0453125
0 1.04375 0.628125 0.034375 0.0375
0 0.871875 0.59296875 0.03125 0.0421875
0 0.81484375 0.60234375 0.0640625 0.0828125
0 0.8234375 0.4828125 0.0375 0.05
0 0.77734375 0.5390625 0.0328125 0.05
0 0.74453125 0.6046875 0.0328125 0.05
0 0.66640625 0.546875 0.0359375 0.040625
0 0.6859375 0.49765625 0.034375 0.0390625
0 0.6015625 0.49296875 0.03125 0.0390625
0 0.6171875 0.59140625 0.0375 0.0421875
0 0.54921875 0.54140625 0.0359375 0.0484375
0 0.56484375 0.6390625 0.0390625 0.046875
0 0.63125 0.6921875 0.04375 0.04375
0 0.6796875 0.6578125 0.034375 0.05
0 0.59765625 0.74140625 0.0453125 0.0484375
0 0.6203125 0.81015625 0.0375 0.0578125
0 0.628125 1.0 0.05 0.065625
0 0.56640625 1.06328125 0.0515625 0.0703125
0 0.428125 0.99921875 0.05625 0.0671875
0 0.5359375 0.83984375 0.040625 0.0609375
0 0.50234375 0.79375 0.0421875 0.053125
0 0.378125 0.82890625 0.04375 0.0546875
0 0.4296875 0.89453125 0.046875 0.0546875
0 0.28828125 0.88359375 0.0453125 0.0421875
0 0.2578125 0.9375 0.0375 0.053125
0 0.30625 1.01640625 0.05 0.0515625
0 0.4078125 0.74453125 0.040625 0.0546875
0 0.29296875 0.85078125 0.0390625 0.0390625
0 0.46328125 0.68984375 0.0390625 0.0546875
0 0.44453125 0.625 0.0390625 0.0375
0 0.49609375 0.58984375 0.0359375 0.0453125
0 0.403125 0.68125 0.040625 0.046875
0 0.3640625 0.75703125 0.034375 0.0515625
0 0.84140625 0.36796875 0.0328125 0.0453125
0 0.81875 0.3203125 0.03125 0.0375
0 0.809375 0.4171875 0.03125 0.0375
0 0.7359375 0.37578125 0.03125 0.0453125
0 0.765625 0.45 0.028125 0.046875
0 0.69453125 0.41953125 0.0296875 0.0390625
0 0.93984375 0.21015625 0.0265625 0.0359375
0 0.959375 0.1609375 0.021875 0.025
0 0.834375 0.1390625 0.021875 0.028125
0 1.121875 0.140625 0.034375 0.034375
0 0.209375 1.08359375 0.04375 0.0671875
0 0.13984375 1.03125 0.0421875 0.040625
0 0.0703125 1.10625 0.04375 0.05625
0 0.04140625 0.940625 0.0421875 0.053125
0 0.16015625 0.93359375 0.0359375 0.0421875
0 0.2 0.81484375 0.04375 0.0546875
0 0.15625 0.88125 0.034375 0.05
0 0.2671875 0.7484375 0.03125 0.053125
0 0.88515625 0.075 0.0203125 0.021875
0 0.64296875 0.1578125 0.0203125 0.034375
0 0.675 0.121875 0.021875 0.03125
0 0.715625 0.0890625 0.028125 0.0375
0 0.63515625 0.0953125 0.0234375 0.034375
0 0.5984375 0.10703125 0.025 0.0296875
0 0.590625 0.16640625 0.028125 0.0390625
0 0.50078125 0.2109375 0.0296875 0.03125
0 0.5234375 0.15390625 0.028125 0.0328125
0 0.553125 0.1 0.03125 0.034375
0 0.60703125 0.03984375 0.0234375 0.0265625
0 0.446875 0.23984375 0.03125 0.0390625
0 0.4453125 0.18515625 0.028125 0.0359375
0 0.44296875 0.1375 0.0265625 0.028125
0 0.4953125 0.1109375 0.025 0.028125
0 0.45 0.08515625 0.03125 0.0296875
0 0.5171875 0.04140625 0.025 0.0296875
0 0.45 0.04375 0.028125 0.03125
0 0.4234375 0.30625 0.025 0.034375
0 0.58203125 0.24921875 0.0265625 0.0296875
0 0.55546875 0.2421875 0.0234375 0.03125
0 0.57421875 0.0515625 0.0265625 0.028125
0 0.55078125 0.0359375 0.0234375 0.021875
0 0.34921875 0.30625 0.0234375 0.034375
0 0.41015625 0.22421875 0.0265625 0.0328125
0 0.37265625 0.2609375 0.0265625 0.03125
0 0.32265625 0.28125 0.0296875 0.040625
0 0.30859375 0.21875 0.0296875 0.0375
0 0.3640625 0.1921875 0.028125 0.028125
0 0.3640625 0.14609375 0.025 0.0296875
0 0.31953125 0.16171875 0.0296875 0.0328125
0 0.271875 0.1421875 0.028125 0.03125
0 0.3140625 0.10546875 0.025 0.0296875
0 0.33515625 0.07734375 0.0265625 0.0328125
0 0.4046875 0.03359375 0.025 0.0203125
0 0.35703125 0.0484375 0.0234375 0.028125
0 0.3015625 0.046875 0.0375 0.0375
0 0.26953125 0.0890625 0.0234375 0.028125
0 0.27265625 0.32109375 0.0296875 0.0328125
0 0.28046875 0.39140625 0.0328125 0.0328125
0 0.26171875 0.28125 0.0203125 0.025
0 0.23984375 0.06171875 0.0140625 0.0359375
0 0.24140625 0.1203125 0.0171875 0.0375
0 0.21796875 0.22109375 0.0328125 0.0390625
0 0.13359375 0.228125 0.0265625 0.040625
0 0.07109375 0.246875 0.0265625 0.034375
0 0.04453125 0.2 0.0296875 0.03125
0 0.12890625 0.175 0.0265625 0.034375
0 0.1015625 0.1859375 0.028125 0.034375
0 0.16640625 0.1890625 0.0265625 0.03125
0 0.13984375 0.121875 0.0265625 0.028125
0 0.10625 0.08359375 0.021875 0.0296875
0 0.065625 0.1328125 0.028125 0.025
0 0.2 0.0453125 0.025 0.0375
0 0.175 0.08359375 0.025 0.0296875
0 0.25390625 0.03671875 0.0234375 0.0203125
0 0.2203125 0.27890625 0.025 0.0328125
0 0.1125 0.27265625 0.028125 0.0390625
0 0.2296875 0.4234375 0.03125 0.046875
0 0.14453125 0.3140625 0.0328125 0.0375
0 0.0734375 0.3125 0.03125 0.034375
0 0.084375 0.4125 0.040625 0.05
0 0.14921875 0.4296875 0.0390625 0.053125
0 0.034375 0.3953125 0.034375 0.03125
0 0.0265625 0.2671875 0.025 0.04375
0 0.06328125 0.50234375 0.0328125 0.0359375
0 0.03125 0.4546875 0.034375 0.040625
0 0.03046875 0.55703125 0.0328125 0.0421875
0 0.171875 0.1390625 0.028125 0.034375
0 0.403125 0.10859375 0.025 0.0296875
0 0.4984375 0.07109375 0.025 0.0328125
0 0.12265625 0.053125 0.0234375 0.025
0 0.02421875 0.0453125 0.0203125 0.025
0 0.06171875 0.1734375 0.0234375 0.028125
0 0.25 0.253125 0.025 0.028125
