0 1.478125 0.634375 0.025 0.04375
0 1.4046875 0.55078125 0.025 0.0328125
0 1.4578125 0.48359375 0.01875 0.0171875
0 1.403125 0.43984375 0.021875 0.0234375
0 1.43046875 0.4 0.0203125 0.025
0 1.49765625 0.4171875 0.0171875 0.021875
0 1.38359375 0.375 0.0171875 0.01875
0 1.2390625 0.49375 0.01875 0.021875
0 1.165625 0.5796875 0.021875 0.03125
0 1.2078125 0.66484375 0.025 0.0359375
0 1.29609375 0.790625 0.0328125 0.0375
0 1.1359375 0.46015625 0.025 0.0296875
0 1.190625 0.3796875 0.015625 0.015625
0 1.2453125 0.38203125 0.015625 0.0140625
0 1.14375 0.36875 0.0125 0.015625
0 1.09296875 0.3609375 0.0203125 0.01875
0 1.1953125 0.325 0.015625 0.015625
0 0.971875 0.39765625 0.01875 0.0265625
0 0.890625 0.4609375 0.025 0.03125
0 0.81796875 0.41640625 0.0203125 0.0234375
0 0.7296875 0.44921875 0.025 0.0265625
0 0.6859375 0.41640625 0.015625 0.0171875
0 0.58515625 0.46875 0.0296875 0.03125
0 0.59140625 0.38125 0.0140625 0.01875
0 0.53671875 0.390625 0.0171875 0.01875
0 0.42890625 0.4234375 0.0171875 0.015625
0 0.434375 0.45625 0.01875 0.028125
0 0.459375 0.63203125 0.021875 0.0328125
0 0.48046875 0.53671875 0.0296875 0.0328125
0 0.2765625 0.54453125 0.025 0.0296875
0 0.184375 0.58671875 0.028125 0.0328125
0 0.39765625 0.42421875 0.0140625 0.0171875
0 0.33828125 0.3609375 0.0171875 0.01875
0 0.1328125 0.42421875 0.021875 0.0203125
0 0.1109375 0.5140625 0.025 0.025
0 0.478125 0.38125 0.015625 0.021875
