0 0.1015625 0.14453125 0.040625 0.0578125
0 0.175 0.1828125 0.04375 0.046875
0 0.37265625 0.259375 0.0453125 0.0625
0 0.3859375 0.16875 0.04375 0.0625
0 0.52421875 0.21640625 0.0609375 0.0734375
0 0.61796875 0.25625 0.0640625 0.075
0 1.0765625 0.071875 0.065625 0.0875
0 1.18671875 0.14140625 0.0640625 0.0953125
0 1.20703125 0.69765625 0.0515625 0.0703125
0 1.284375 0.65234375 0.065625 0.0796875
0 0.35625 1.259375 0.028125 0.034375
0 0.55625 1.25 0.025 0.0375
0 1.02578125 1.33828125 0.0703125 0.0859375
