0 1.49375 0.428125 0.03125 0.04375
0 1.41953125 0.41796875 0.0203125 0.0453125
0 1.3296875 0.44609375 0.025 0.0390625
0 1.184375 0.40859375 0.028125 0.0390625
0 1.04296875 0.4203125 0.0171875 0.0375
0 0.98359375 0.4 0.0171875 0.0375
0 0.96328125 0.39140625 0.0265625 0.0390625
0 0.89453125 0.41484375 0.0171875 0.0328125
0 0.82578125 0.4140625 0.0171875 0.0375
0 0.78046875 0.40859375 0.0234375 0.0359375
0 0.64921875 0.3859375 0.0171875 0.034375
0 0.6046875 0.4109375 0.025 0.034375
0 0.528125 0.4046875 0.025 0.034375
0 0.4359375 0.4125 0.015625 0.0375
0 0.3875 0.42890625 0.025 0.0296875
0 0.29453125 0.403125 0.0234375 0.034375
0 0.25703125 0.40859375 0.0109375 0.0140625
0 0.1796875 0.41484375 0.01875 0.0265625
0 0.07421875 0.41171875 0.0265625 0.0296875
0 1.12890625 0.4375 0.0234375 0.03125
0 1.19765625 0.40546875 0.0265625 0.0421875
