0 0.4328125 0.08359375 0.059375 0.0734375
0 0.38515625 0.19765625 0.0796875 0.1046875
0 0.265625 0.378125 0.11875 0.165625
0 0.80859375 0.215625 0.1828125 0.240625
0 1.12421875 0.2 0.1703125 0.228125
0 0.81640625 0.8859375 0.1453125 0.171875
0 0.9953125 0.9140625 0.096875 0.153125
0 0.403125 1.17578125 0.0625 0.1671875
0 0.6421875 1.76328125 0.071875 0.0953125
0 0.26171875 1.88828125 0.0453125 0.0640625
0 0.3015625 1.86484375 0.03125 0.0453125
0 0.39375 1.82578125 0.040625 0.0546875
0 1.06953125 1.8546875 0.0453125 0.08125
0 1.3265625 1.8046875 0.053125 0.096875
0 1.46796875 1.86171875 0.0890625 0.0921875
0 1.36875 0.43515625 0.134375 0.1859375
0 1.55859375 0.30234375 0.0796875 0.1734375
0 0.48046875 1.4109375 0.1078125 0.121875
0 0.6703125 1.35078125 0.096875 0.1296875
0 1.18046875 1.86171875 0.0484375 0.0859375
0 1.140625 1.9328125 0.05625 0.075
0 0.0890625 1.8796875 0.046875 0.065625
0 0.18828125 1.94453125 0.0359375 0.0828125
0 0.70859375 0.0796875 0.1109375 0.14375
0 0.85859375 1.8359375 0.0484375 0.065625
0 0.78515625 1.83125 0.0609375 0.078125
0 1.575 1.84765625 0.05 0.0640625
