0 0.0859375 0.61328125 0.034375 0.0484375
0 0.5046875 0.54765625 0.03125 0.0453125
0 0.5171875 0.68984375 0.028125 0.0484375
0 0.60625 0.6234375 0.028125 0.034375
0 0.42421875 0.6421875 0.0203125 0.040625
0 0.55859375 0.15703125 0.0140625 0.0234375
0 0.625 0.1515625 0.0125 0.015625
0 0.659375 0.15390625 0.0125 0.0203125
0 0.6703125 0.21484375 0.015625 0.0265625
0 0.75546875 0.27265625 0.0171875 0.0203125
0 0.81484375 0.1609375 0.0171875 0.021875
0 0.84921875 0.2140625 0.0203125 0.028125
0 0.90703125 0.28671875 0.0203125 0.0328125
0 0.52734375 0.309375 0.0203125 0.028125
0 0.47265625 0.33828125 0.0234375 0.0328125
0 0.4203125 0.32734375 0.0125 0.0234375
0 0.76015625 0.48828125 0.0296875 0.0421875
0 0.825 0.4828125 0.028125 0.040625
0 1.06796875 0.175 0.0140625 0.025
0 0.9828125 0.26640625 0.015625 0.0265625
0 1.19296875 0.28828125 0.0171875 0.0265625
0 1.240625 0.21484375 0.015625 0.0234375
0 1.45703125 0.1 0.0203125 0.025
0 1.50546875 0.09140625 0.0171875 0.0296875
0 1.38046875 0.4203125 0.0234375 0.03125
0 1.52109375 0.6140625 0.0328125 0.046875
0 1.29921875 0.54140625 0.0234375 0.0421875
0 1.04921875 0.56328125 0.0296875 0.0453125
0 1.13984375 0.3515625 0.0171875 0.03125
0 1.5328125 0.30859375 0.0125 0.0203125
0 1.5875 0.54453125 0.025 0.0390625
0 0.0546875 0.27421875 0.021875 0.0328125
0 0.09921875 0.24453125 0.0203125 0.0265625
0 0.1375 0.2203125 0.025 0.025
0 0.3171875 0.15078125 0.0125 0.0234375
0 0.27109375 0.29296875 0.0203125 0.0265625
0 0.16640625 0.3984375 0.0203125 0.034375
0 0.084375 0.48828125 0.021875 0.0296875
0 0.9625 0.57265625 0.015625 0.0328125
0 1.26171875 0.28125 0.0171875 0.025
0 0.50625 0.1484375 0.009375 0.021875
0 0.86328125 0.17890625 0.0109375 0.0203125
0 1.35078125 0.159375 0.0140625 0.021875
0 1.31640625 0.34296875 0.0203125 0.0265625
0 1.34140625 0.328125 0.0140625 0.025
0 1.14765625 0.1921875 0.0234375 0.021875
0 1.02265625 0.18984375 0.0203125 0.0203125
0 1.0234375 0.221875 0.01875 0.025
0 0.47578125 0.5890625 0.0328125 0.028125
