0 0.1125 0.5328125 0.0375 0.04375
0 0.15703125 0.5125 0.0328125 0.0375
0 0.26171875 0.53671875 0.0359375 0.0390625
0 0.23046875 0.46953125 0.0359375 0.0390625
0 0.2875 0.4171875 0.03125 0.040625
0 0.1828125 0.39609375 0.0375 0.0453125
0 0.334375 0.4828125 0.0375 0.046875
0 0.3796875 0.51015625 0.0375 0.0390625
0 0.45546875 0.47578125 0.0390625 0.0421875
0 0.521875 0.540625 0.0375 0.040625
0 0.56875 0.48828125 0.034375 0.0390625
0 0.63828125 0.50234375 0.0359375 0.0453125
0 0.675 0.51640625 0.021875 0.0296875
0 0.7015625 0.50546875 0.028125 0.0390625
0 0.74765625 0.5078125 0.0328125 0.040625
0 0.85234375 0.5 0.0390625 0.040625
0 0.82109375 0.46171875 0.0328125 0.0390625
0 0.71171875 0.440625 0.0328125 0.0375
0 0.67265625 0.44609375 0.0359375 0.0390625
0 0.996875 0.39453125 0.0375 0.0421875
0 1.09765625 0.40703125 0.0328125 0.0390625
0 1.1828125 0.40625 0.0375 0.040625
0 1.06328125 0.51015625 0.0328125 0.0359375
0 1.11484375 0.49453125 0.0421875 0.0453125
0 1.1984375 0.4953125 0.034375 0.0375
0 1.275 0.51796875 0.0375 0.0421875
0 1.40703125 0.49296875 0.0390625 0.0484375
0 1.35234375 0.4953125 0.0390625 0.04375
0 1.4703125 0.47109375 0.0375 0.0453125
0 1.52734375 0.5375 0.0359375 0.04375
0 1.4890625 0.3890625 0.0375 0.04375
0 1.40625 0.4109375 0.034375 0.040625
0 1.34609375 0.340625 0.0359375 0.04375
0 1.23203125 0.303125 0.0359375 0.0375
0 1.26328125 0.40625 0.0203125 0.0375
0 1.165625 0.3421875 0.034375 0.040625
0 0.41640625 0.31953125 0.0296875 0.0359375
0 0.3359375 0.31953125 0.034375 0.0359375
0 0.60390625 0.346875 0.0328125 0.0375
0 0.68984375 0.3375 0.0328125 0.040625
0 0.7703125 0.32421875 0.03125 0.0328125
0 0.76484375 0.40390625 0.0359375 0.0390625
0 0.81953125 0.41796875 0.0296875 0.0328125
0 0.86015625 0.41328125 0.0328125 0.0359375
0 0.90546875 0.4171875 0.0296875 0.0375
0 0.97421875 0.4984375 0.0359375 0.040625
0 0.9640625 0.45078125 0.0375 0.0390625
0 1.12421875 0.2984375 0.0328125 0.0375
0 1.06640625 0.33203125 0.0328125 0.0421875
0 1.015625 0.3140625 0.03125 0.0375
0 1.040625 0.2859375 0.03125 0.0375
0 0.9640625 0.34453125 0.034375 0.0359375
0 0.89765625 0.33203125 0.0328125 0.0359375
0 0.85078125 0.31953125 0.0359375 0.0359375
0 0.93125 0.27421875 0.034375 0.0359375
0 0.86171875 0.259375 0.0328125 0.0375
0 0.91484375 0.24765625 0.0234375 0.0296875
0 0.90078125 0.25 0.0296875 0.034375
0 0.821875 0.28203125 0.028125 0.0296875
0 0.78671875 0.28984375 0.0296875 0.0296875
0 0.72265625 0.27890625 0.0296875 0.0359375
0 0.6265625 0.28125 0.028125 0.034375
0 0.67890625 0.2578125 0.0296875 0.034375
0 0.70546875 0.23828125 0.0203125 0.0296875
0 0.75859375 0.24296875 0.0296875 0.0359375
0 1.17890625 0.284375 0.0328125 0.0375
0 0.5953125 0.440625 0.034375 0.0375
0 0.51484375 0.44765625 0.0328125 0.0390625
0 0.3953125 0.446875 0.034375 0.0375
0 0.21953125 0.3734375 0.0328125 0.0375
0 0.2828125 0.36640625 0.034375 0.0359375
0 0.36171875 0.36328125 0.0328125 0.0359375
0 0.4203125 0.3890625 0.034375 0.0375
0 0.51171875 0.33671875 0.0359375 0.0421875
0 0.45078125 0.32109375 0.0328125 0.0390625
0 0.6625 0.24140625 0.03125 0.0453125
0 0.52421875 0.28359375 0.0328125 0.0484375
