0 0.21640625 0.43671875 0.1203125 0.1578125
0 0.4890625 0.5484375 0.11875 0.134375
0 0.68515625 0.46328125 0.0765625 0.0984375
0 0.33046875 0.359375 0.0421875 0.046875
0 0.45234375 0.38046875 0.0453125 0.0453125
0 0.553125 0.35703125 0.03125 0.0359375
0 0.58984375 0.3984375 0.0390625 0.04375
0 0.67734375 0.35859375 0.0296875 0.0265625
0 0.6625 0.35625 0.03125 0.04375
0 0.74609375 0.36171875 0.0328125 0.0453125
0 0.89140625 0.33046875 0.0359375 0.0484375
0 0.96484375 0.33828125 0.0296875 0.0390625
0 0.88828125 0.440625 0.0484375 0.06875
0 0.784375 0.4671875 0.04375 0.053125
0 1.0328125 0.48984375 0.078125 0.0890625
0 1.2046875 0.3703125 0.06875 0.109375
0 0.43671875 0.5046875 0.0734375 0.078125
