0 0.21015625 0.246875 0.0765625 0.08125
0 0.41015625 0.2375 0.0734375 0.084375
0 0.58671875 0.23359375 0.0640625 0.0734375
0 0.73125 0.26484375 0.075 0.0890625
0 1.12265625 0.271875 0.0671875 0.0875
0 1.36171875 0.275 0.0703125 0.0875
0 0.684375 0.4640625 0.071875 0.084375
0 0.4609375 0.6421875 0.071875 0.090625
0 0.96328125 0.534375 0.0703125 0.0875
0 1.1296875 0.5328125 0.06875 0.084375
0 1.36875 0.546875 0.090625 0.09375
0 0.8484375 0.89296875 0.096875 0.1046875
0 1.07421875 0.88359375 0.0890625 0.1078125
