0 0.19296875 0.609375 0.0359375 0.046875
0 0.2609375 0.62265625 0.034375 0.0359375
0 0.30546875 0.57578125 0.0328125 0.0390625
0 0.396875 0.590625 0.0375 0.0375
0 0.4765625 0.60859375 0.034375 0.0421875
0 0.5421875 0.5875 0.0375 0.046875
0 0.61328125 0.60078125 0.0328125 0.0359375
0 0.70625 0.615625 0.0375 0.0375
0 0.74609375 0.59140625 0.0359375 0.0390625
0 0.79375 0.60703125 0.0375 0.0421875
0 0.84453125 0.58359375 0.0390625 0.0421875
0 0.93046875 0.61328125 0.0328125 0.0359375
0 1.0015625 0.625 0.034375 0.0375
0 0.3609375 0.65234375 0.028125 0.0328125
0 0.41953125 0.7078125 0.0390625 0.040625
0 0.46484375 0.75234375 0.0296875 0.0328125
0 0.5984375 0.75546875 0.028125 0.0328125
0 0.6375 0.7015625 0.0375 0.0375
0 0.675 0.77421875 0.025 0.0265625
0 0.734375 0.83828125 0.034375 0.0453125
0 0.8609375 0.72109375 0.034375 0.0390625
0 0.81953125 0.8546875 0.0390625 0.046875
0 0.90390625 0.8609375 0.0390625 0.04375
0 0.44453125 0.871875 0.0421875 0.046875
0 0.59140625 0.8859375 0.0390625 0.040625
0 0.63125 0.83828125 0.040625 0.0484375
0 0.2796875 0.8421875 0.046875 0.053125
0 0.1625 0.91328125 0.046875 0.0453125
0 1.0140625 0.58515625 0.03125 0.0328125
0 1.05703125 0.61015625 0.0265625 0.0328125
0 1.09453125 0.63671875 0.0296875 0.0359375
0 1.17578125 0.6171875 0.0296875 0.034375
0 1.24765625 0.625 0.0328125 0.0375
0 1.3109375 0.59375 0.0375 0.040625
0 1.409375 0.59765625 0.034375 0.0359375
0 1.4671875 0.6265625 0.03125 0.0375
0 1.39609375 0.74140625 0.0390625 0.0421875
0 1.35625 0.71015625 0.0375 0.0421875
0 1.24765625 0.7109375 0.0390625 0.040625
0 1.0265625 0.71796875 0.0375 0.0359375
0 1.23203125 0.90234375 0.0421875 0.0453125
0 1.11875 0.9015625 0.04375 0.04375
0 0.99453125 0.875 0.0359375 0.040625
