0 0.24453125 0.33984375 0.0640625 0.0734375
0 0.37890625 0.34609375 0.0578125 0.0671875
0 0.47109375 0.334375 0.0609375 0.06875
0 0.615625 0.3703125 0.05625 0.065625
0 0.675 0.29921875 0.05 0.0640625
0 0.76640625 0.31015625 0.0515625 0.0609375
0 0.91484375 0.37109375 0.0546875 0.0671875
0 1.0171875 0.375 0.053125 0.05625
0 1.19140625 0.3140625 0.0515625 0.059375
0 1.29921875 0.36015625 0.0515625 0.0640625
0 1.40859375 0.33125 0.0609375 0.071875
0 1.3875 0.5296875 0.05 0.0625
0 1.28203125 0.48203125 0.0515625 0.0578125
0 1.103125 0.6359375 0.053125 0.059375
0 0.96953125 0.6234375 0.0578125 0.075
0 0.85703125 0.671875 0.0578125 0.065625
0 0.7296875 0.63125 0.065625 0.06875
0 0.61328125 0.66875 0.0609375 0.065625
0 0.44765625 0.66953125 0.0640625 0.0734375
0 0.26640625 0.6046875 0.0734375 0.078125
