0 0.2359375 0.45 0.025 0.028125
0 0.32265625 0.46171875 0.0234375 0.0265625
0 0.346875 0.3890625 0.01875 0.021875
0 0.40859375 0.4515625 0.0203125 0.025
0 0.44921875 0.4453125 0.0234375 0.028125
0 0.51875 0.45625 0.021875 0.021875
0 0.509375 0.3796875 0.015625 0.01875
0 0.59296875 0.44453125 0.0203125 0.0234375
0 0.65625 0.46171875 0.021875 0.0234375
0 0.7046875 0.4359375 0.01875 0.021875
0 0.76953125 0.45078125 0.0203125 0.0265625
0 0.69453125 0.4953125 0.0203125 0.021875
0 0.6890625 0.54765625 0.021875 0.0265625
0 0.64609375 0.53984375 0.0234375 0.0296875
0 0.61875 0.5328125 0.021875 0.025
0 0.5234375 0.54453125 0.021875 0.0234375
0 0.72890625 0.51875 0.0140625 0.01875
0 0.7421875 0.4953125 0.015625 0.01875
0 0.853125 0.490625 0.01875 0.021875
0 1.42578125 0.49375 0.0296875 0.034375
0 1.3484375 0.446875 0.028125 0.028125
0 0.846875 0.4171875 0.025 0.03125
0 0.92421875 0.4234375 0.0234375 0.025
0 0.97421875 0.43046875 0.0171875 0.0203125
0 1.05 0.4453125 0.025 0.025
0 1.1 0.4421875 0.01875 0.01875
0 1.1703125 0.42578125 0.01875 0.0234375
0 1.203125 0.43671875 0.01875 0.0171875
0 1.25390625 0.43203125 0.0234375 0.0234375
0 0.86015625 0.60546875 0.0234375 0.0265625
0 0.928125 0.5390625 0.021875 0.025
0 0.996875 0.5796875 0.021875 0.025
0 1.05234375 0.521875 0.0265625 0.025
0 1.0984375 0.56796875 0.028125 0.0359375
0 1.21640625 0.578125 0.0234375 0.025
0 1.20234375 0.52109375 0.0171875 0.0203125
0 1.271875 0.478125 0.021875 0.021875
0 1.2953125 0.55625 0.028125 0.028125
0 0.765625 0.5203125 0.025 0.028125
0 0.8046875 0.50546875 0.01875 0.0234375
0 0.31640625 0.615625 0.0328125 0.034375
0 0.36875 0.6 0.028125 0.025
0 0.40546875 0.61171875 0.0296875 0.0296875
0 0.4484375 0.59375 0.025 0.025
0 0.53203125 0.615625 0.0296875 0.034375
0 0.5578125 0.60234375 0.021875 0.0234375
0 0.6234375 0.60859375 0.025 0.0265625
0 0.7375 0.5984375 0.028125 0.03125
0 0.8390625 0.528125 0.021875 0.025
0 0.1 0.63359375 0.025 0.0296875
