0 0.15625 0.81171875 0.025 0.0265625
0 0.23359375 0.90703125 0.0328125 0.0484375
0 0.515625 0.99453125 0.021875 0.0421875
0 0.5875 0.99921875 0.025 0.0296875
0 0.7453125 0.7703125 0.040625 0.046875
0 0.76875 0.6796875 0.025 0.028125
0 0.6578125 0.6875 0.021875 0.028125
0 0.4703125 0.69140625 0.021875 0.0265625
0 0.88359375 0.665625 0.0234375 0.028125
0 1.1953125 0.68828125 0.046875 0.0515625
0 1.58515625 0.803125 0.0296875 0.04375
0 1.58203125 0.65859375 0.0234375 0.0265625
0 0.40546875 0.809375 0.0171875 0.03125
0 0.2609375 0.8203125 0.015625 0.03125
0 0.12109375 0.80234375 0.0234375 0.0328125
