0 0.671875 0.18359375 0.04375 0.0484375
0 0.78515625 0.1921875 0.0421875 0.053125
0 0.86796875 0.19453125 0.0421875 0.0484375
0 0.915625 0.28515625 0.053125 0.0640625
0 0.8390625 0.28046875 0.046875 0.0609375
0 1.0125 0.3078125 0.05 0.05625
0 0.77421875 0.38515625 0.0546875 0.0671875
0 0.759375 0.30546875 0.046875 0.0578125
0 0.634375 0.26015625 0.040625 0.0453125
0 0.6140625 0.33359375 0.05 0.0515625
0 0.57890625 0.29140625 0.0359375 0.0484375
0 0.5328125 0.34375 0.05 0.05625
0 0.43359375 0.33828125 0.0484375 0.0578125
0 0.45390625 0.41953125 0.0578125 0.0703125
0 1.075 0.30234375 0.05625 0.0640625
0 1.190625 0.34921875 0.05625 0.0609375
0 1.24765625 0.29375 0.0609375 0.0625
0 1.31484375 0.25859375 0.0734375 0.0734375
0 1.465625 0.2609375 0.08125 0.08125
0 0.6203125 0.58515625 0.05625 0.0546875
0 0.79921875 0.5828125 0.0609375 0.065625
0 0.965625 0.54375 0.05 0.065625
0 1.18984375 0.63515625 0.0546875 0.0890625
0 0.3203125 0.3375 0.05625 0.0625
0 0.34609375 0.52734375 0.0609375 0.0734375
0 0.21953125 0.42421875 0.0609375 0.0703125
0 0.2109375 0.70703125 0.065625 0.0765625
0 0.078125 0.40859375 0.0625 0.0609375
