0 1.3859375 0.48828125 0.040625 0.0515625
0 1.3328125 0.36875 0.04375 0.05625
0 1.24296875 0.47109375 0.0359375 0.0390625
0 1.290625 0.553125 0.0375 0.0375
0 1.1375 0.484375 0.0375 0.04375
0 1.12109375 0.359375 0.0359375 0.04375
0 0.95 0.3484375 0.0375 0.046875
0 0.93125 0.59609375 0.040625 0.0546875
0 0.8421875 0.34140625 0.0375 0.0453125
0 0.73828125 0.32109375 0.0390625 0.0484375
0 0.659375 0.29140625 0.040625 0.0453125
0 0.60625 0.45234375 0.0375 0.0453125
0 0.67578125 0.5359375 0.0359375 0.04375
0 0.55 0.6140625 0.040625 0.046875
0 0.43515625 0.5453125 0.0328125 0.034375
0 0.39921875 0.47578125 0.0453125 0.0515625
0 0.45390625 0.26796875 0.0453125 0.0546875
0 0.30234375 0.30390625 0.0421875 0.0546875
0 0.30234375 0.63828125 0.0484375 0.0546875
0 0.24765625 0.52109375 0.0484375 0.0515625
0 0.14765625 0.56015625 0.0546875 0.0578125
