0 0.26640625 0.43203125 0.0796875 0.0859375
0 0.33671875 0.32890625 0.0828125 0.0859375
0 0.4546875 0.38125 0.0625 0.05625
0 0.63203125 0.37734375 0.0765625 0.0796875
0 0.84140625 0.3484375 0.0640625 0.084375
0 1.075 0.33984375 0.071875 0.0859375
0 1.25625 0.42421875 0.071875 0.0734375
0 1.12734375 0.23125 0.0796875 0.090625
0 0.9984375 0.22265625 0.0625 0.0765625
0 0.6921875 0.175 0.071875 0.084375
0 0.834375 0.54609375 0.078125 0.0921875
0 0.65234375 0.628125 0.0765625 0.078125
0 0.76484375 0.2734375 0.0703125 0.06875
0 0.53984375 0.28359375 0.0640625 0.0703125
