0 1.2796875 0.36875 0.078125 0.084375
0 1.15390625 0.3171875 0.0890625 0.10625
0 1.02890625 0.40546875 0.0796875 0.0890625
0 0.92421875 0.296875 0.0734375 0.090625
0 0.8484375 0.459375 0.071875 0.084375
0 0.83359375 0.64765625 0.0796875 0.0828125
0 1.19375 0.62421875 0.075 0.0828125
0 0.7125 0.578125 0.08125 0.096875
0 0.6796875 0.3859375 0.071875 0.0875
0 0.58671875 0.34453125 0.0703125 0.0953125
0 0.478125 0.325 0.0875 0.090625
0 0.359375 0.24140625 0.084375 0.0890625
0 0.30390625 0.36484375 0.0703125 0.0890625
0 0.5359375 0.69453125 0.071875 0.0734375
0 0.5171875 0.565625 0.0875 0.09375
