0 0.15078125 0.1859375 0.0421875 0.053125
0 0.23203125 0.10078125 0.0328125 0.0453125
0 0.3 0.10234375 0.0375 0.0421875
0 0.4171875 0.13515625 0.034375 0.0390625
0 0.484375 0.071875 0.040625 0.05
0 0.603125 0.08359375 0.0375 0.0421875
0 0.6859375 0.125 0.040625 0.04375
0 0.79765625 0.12109375 0.0359375 0.0390625
0 0.89375 0.09140625 0.040625 0.0453125
0 0.83671875 0.32109375 0.0421875 0.0453125
0 0.70390625 0.32734375 0.0390625 0.0453125
0 0.49765625 0.21484375 0.0453125 0.0515625
0 0.2890625 0.2625 0.04375 0.046875
0 0.3734375 0.425 0.040625 0.040625
0 0.853125 0.4734375 0.040625 0.05
0 1.0 0.1171875 0.0375 0.040625
0 1.11875 0.11953125 0.0375 0.0390625
0 1.25078125 0.11328125 0.0421875 0.0484375
0 1.3359375 0.19453125 0.04375 0.0546875
0 1.4359375 0.153125 0.040625 0.04375
0 1.21796875 0.28515625 0.0421875 0.0484375
0 1.25703125 0.35 0.0328125 0.034375
0 1.30234375 0.45703125 0.0421875 0.0484375
0 0.971875 0.31015625 0.040625 0.0421875
0 1.06015625 0.478125 0.0390625 0.0375
0 1.14296875 0.46875 0.0390625 0.046875
0 1.03515625 0.18359375 0.0390625 0.0421875
