0 0.71640625 0.16015625 0.0515625 0.0609375
0 0.60234375 0.17890625 0.0484375 0.0546875
0 0.35859375 0.25390625 0.0609375 0.0546875
0 0.25703125 0.15390625 0.0734375 0.0765625
0 0.175 0.14140625 0.075 0.0796875
0 0.203125 0.4953125 0.065625 0.06875
0 1.365625 0.2640625 0.159375 0.18125
0 0.98203125 0.1625 0.0484375 0.059375
0 1.4671875 0.82109375 0.021875 0.0234375
0 1.42578125 0.8046875 0.0203125 0.025
0 1.3609375 0.8140625 0.01875 0.025
0 1.421875 0.8796875 0.021875 0.021875
0 1.37421875 0.8515625 0.0203125 0.01875
0 1.28203125 0.86796875 0.0203125 0.0234375
0 1.26796875 0.81875 0.0140625 0.0125
0 1.296875 0.78984375 0.015625 0.0203125
0 1.24453125 0.8109375 0.0203125 0.021875
0 1.18828125 0.8328125 0.0171875 0.01875
0 1.23828125 0.87578125 0.0171875 0.0203125
0 1.19921875 0.91015625 0.0171875 0.0171875
0 1.12421875 0.83046875 0.0203125 0.0203125
0 0.87578125 0.871875 0.0234375 0.025
0 0.91171875 0.85625 0.0203125 0.028125
0 0.91171875 0.7890625 0.0234375 0.028125
0 0.86953125 0.7921875 0.0234375 0.028125
0 0.60078125 0.78515625 0.1109375 0.1078125
0 0.5015625 0.7171875 0.11875 0.1375
0 0.12109375 0.7640625 0.0359375 0.04375
0 0.2 0.8703125 0.034375 0.0375
0 0.28125 0.809375 0.0375 0.0375
0 0.23515625 0.70390625 0.0453125 0.0578125
0 0.1515625 0.6859375 0.05 0.053125
