0 0.16640625 0.271875 0.0765625 0.078125
0 0.3734375 0.30390625 0.075 0.0796875
0 0.5703125 0.3171875 0.071875 0.075
0 0.734375 0.2421875 0.075 0.078125
0 0.9546875 0.26015625 0.075 0.0828125
0 1.0546875 0.30078125 0.071875 0.0796875
0 1.02109375 0.534375 0.0734375 0.0875
0 0.8328125 0.371875 0.071875 0.078125
0 0.67421875 0.503125 0.0796875 0.090625
0 0.39296875 0.51484375 0.0765625 0.0828125
0 1.28671875 0.26875 0.0734375 0.06875
0 1.29375 0.49921875 0.075 0.0828125
0 1.365625 0.603125 0.053125 0.046875
0 1.45546875 0.47265625 0.0609375 0.0640625
