0 1.36796875 0.39375 0.0453125 0.046875
0 1.28359375 0.2703125 0.0421875 0.046875
0 1.24140625 0.16171875 0.0421875 0.0546875
0 1.14296875 0.309375 0.0421875 0.040625
0 1.20859375 0.43984375 0.0390625 0.0515625
0 1.00234375 0.39375 0.0453125 0.05625
0 1.03125 0.33125 0.028125 0.028125
0 1.00703125 0.2859375 0.0390625 0.046875
0 1.0640625 0.22734375 0.03125 0.0390625
0 1.109375 0.196875 0.040625 0.05
0 0.940625 0.2109375 0.0375 0.04375
0 0.89140625 0.2875 0.0421875 0.046875
0 0.79453125 0.4 0.0421875 0.05
0 0.75234375 0.27734375 0.0453125 0.0484375
0 0.803125 0.2125 0.040625 0.046875
0 0.69296875 0.21796875 0.0421875 0.0453125
0 0.59140625 0.16484375 0.0421875 0.0484375
0 0.59921875 0.25078125 0.0515625 0.0609375
0 0.50703125 0.2078125 0.0390625 0.046875
0 0.44765625 0.26171875 0.0453125 0.0484375
0 0.42734375 0.39609375 0.0421875 0.0515625
0 0.33515625 0.26484375 0.0421875 0.0484375
0 0.33125 0.18125 0.046875 0.053125
0 0.259375 0.40859375 0.04375 0.0515625
0 0.60390625 0.4015625 0.0421875 0.05
0 0.625 0.51796875 0.04375 0.0515625
0 1.3765625 0.58359375 0.05 0.0609375
0 1.384375 0.6875 0.053125 0.05625
0 1.23984375 0.69296875 0.0546875 0.0578125
0 1.0734375 0.6515625 0.046875 0.05
0 1.17109375 0.60234375 0.0453125 0.0453125
0 0.9125 0.71484375 0.053125 0.0578125
0 0.87109375 0.5609375 0.0484375 0.053125
0 0.753125 0.5734375 0.046875 0.05
0 0.68359375 0.7 0.0484375 0.05
0 0.4796875 0.67890625 0.05625 0.0578125
0 0.4375 0.56953125 0.04375 0.0453125
0 0.2578125 0.68203125 0.05625 0.0546875
0 0.20703125 0.5953125 0.0484375 0.053125
