0 1.3390625 0.33515625 0.0875 0.0859375
0 1.0609375 0.28671875 0.075 0.0828125
0 0.81015625 0.284375 0.0796875 0.0875
0 0.54765625 0.3234375 0.0765625 0.1
0 0.303125 0.3546875 0.084375 0.1
0 1.15390625 0.34765625 0.0078125 0.0109375
0 1.190625 0.31484375 0.009375 0.0109375
0 1.26484375 0.33203125 0.0078125 0.0109375
0 1.28046875 0.32890625 0.0078125 0.0109375
0 1.459375 0.3296875 0.00625 0.0125
0 1.41796875 0.33671875 0.0078125 0.0078125
0 1.3984375 0.33359375 0.00625 0.0109375
0 1.2328125 0.37109375 0.0125 0.0171875
