0 1.43515625 0.35546875 0.0296875 0.0328125
0 1.4078125 0.31171875 0.03125 0.0359375
0 1.2953125 0.2921875 0.03125 0.03125
0 1.3046875 0.35234375 0.028125 0.0296875
0 1.284375 0.3890625 0.028125 0.028125
0 1.30390625 0.45234375 0.0328125 0.0328125
0 1.209375 0.31640625 0.03125 0.0359375
0 1.19140625 0.44375 0.0328125 0.0375
0 1.09921875 0.3609375 0.0296875 0.034375
0 1.08125 0.2984375 0.03125 0.0375
0 1.08515625 0.43046875 0.0296875 0.0328125
0 1.028125 0.3390625 0.03125 0.034375
0 0.98828125 0.32578125 0.0265625 0.0328125
0 0.9390625 0.328125 0.028125 0.040625
0 0.8921875 0.3140625 0.028125 0.034375
0 0.86015625 0.325 0.0234375 0.03125
0 0.82265625 0.32578125 0.0328125 0.0359375
0 0.871875 0.44140625 0.03125 0.0296875
0 0.96953125 0.425 0.0328125 0.034375
0 0.7796875 0.4296875 0.03125 0.0375
0 1.5140625 0.58828125 0.0375 0.0484375
0 1.40546875 0.58984375 0.0359375 0.0390625
0 1.2703125 0.575 0.0375 0.04375
0 1.1484375 0.57265625 0.0375 0.0390625
0 1.03671875 0.584375 0.0359375 0.040625
0 0.91015625 0.54921875 0.0359375 0.0421875
0 0.80625 0.5390625 0.0375 0.046875
0 1.4015625 0.80234375 0.03125 0.0421875
0 1.2953125 0.79609375 0.03125 0.0328125
0 1.15546875 0.79921875 0.0359375 0.0265625
0 1.18125 0.3609375 0.028125 0.034375
0 0.49375 0.29765625 0.0375 0.0390625
0 0.45234375 0.315625 0.0203125 0.028125
0 0.471875 0.40703125 0.03125 0.0390625
0 0.67109375 0.53828125 0.0390625 0.0453125
0 0.53984375 0.546875 0.0390625 0.040625
0 0.434375 0.54375 0.0375 0.040625
0 0.3078125 0.32109375 0.028125 0.0359375
0 0.371875 0.31015625 0.025 0.0296875
0 0.25 0.39609375 0.034375 0.0390625
0 0.359375 0.4046875 0.03125 0.0375
0 0.21953125 0.29140625 0.0328125 0.0390625
0 0.11953125 0.29453125 0.0296875 0.0328125
0 0.659375 0.775 0.0375 0.040625
0 0.53671875 0.76640625 0.0359375 0.0453125
0 0.3296875 0.5265625 0.0375 0.04375
0 0.215625 0.56484375 0.0375 0.0453125
0 0.1015625 0.54453125 0.034375 0.0421875
0 1.09296875 0.76953125 0.0359375 0.0359375
0 0.9921875 0.7625 0.0375 0.0375
0 0.92734375 0.81171875 0.0328125 0.0296875
0 0.865625 0.70625 0.03125 0.0375
0 0.78671875 0.78125 0.0328125 0.040625
0 0.725 0.33125 0.028125 0.0375
0 0.646875 0.2921875 0.03125 0.034375
0 0.67578125 0.44375 0.0265625 0.03125
0 0.56640625 0.41796875 0.0359375 0.0484375
