0 1.3359375 0.80703125 0.034375 0.0484375
0 1.378125 0.62265625 0.03125 0.0390625
0 1.18984375 0.73984375 0.0359375 0.0453125
0 1.12421875 0.74453125 0.0390625 0.0453125
0 1.01640625 0.7390625 0.0390625 0.046875
0 0.91953125 0.759375 0.0390625 0.046875
0 0.9421875 0.67421875 0.03125 0.0453125
0 0.72890625 0.76875 0.0421875 0.059375
0 1.0046875 1.0234375 0.034375 0.040625
0 0.6 0.73046875 0.0375 0.0484375
0 0.5390625 0.65 0.034375 0.04375
0 0.47109375 0.72109375 0.0328125 0.0453125
0 0.321875 0.65078125 0.0375 0.0515625
0 0.2109375 0.6890625 0.04375 0.053125
0 0.12265625 0.690625 0.0390625 0.05625
0 1.1421875 0.37421875 0.021875 0.0296875
0 1.19140625 0.4125 0.0171875 0.01875
0 0.47578125 0.37890625 0.0203125 0.0296875
0 0.83984375 0.64765625 0.0359375 0.0515625
