0 0.25234375 0.3984375 0.0421875 0.04375
0 0.33984375 0.425 0.0421875 0.04375
0 0.4890625 0.36875 0.040625 0.046875
0 0.5703125 0.3890625 0.0375 0.04375
0 0.66171875 0.4203125 0.0421875 0.040625
0 0.72109375 0.3734375 0.0453125 0.053125
0 0.82734375 0.3703125 0.0484375 0.05
0 0.91640625 0.40625 0.0421875 0.04375
0 1.02734375 0.4109375 0.0453125 0.04375
0 0.984375 0.36015625 0.040625 0.0453125
0 1.13984375 0.378125 0.0421875 0.053125
0 1.23671875 0.38359375 0.0484375 0.0546875
0 0.771875 0.44765625 0.0375 0.0390625
0 0.82265625 0.5125 0.0421875 0.05
0 0.93125 0.478125 0.040625 0.0375
0 0.76796875 0.63125 0.0515625 0.059375
0 0.45 0.6359375 0.05 0.053125
