0 1.30546875 0.19453125 0.0515625 0.0515625
0 1.16171875 0.234375 0.0546875 0.0625
0 1.0265625 0.21328125 0.05625 0.0609375
0 0.9171875 0.21953125 0.046875 0.0578125
0 0.88828125 0.36171875 0.0390625 0.0453125
0 0.76796875 0.35234375 0.0421875 0.0515625
0 1.03671875 0.50390625 0.0390625 0.0421875
0 0.81796875 0.23125 0.0453125 0.05
0 0.7234375 0.2078125 0.05 0.059375
0 0.6671875 0.2296875 0.046875 0.05625
0 0.55546875 0.234375 0.0484375 0.059375
0 0.48984375 0.228125 0.0515625 0.065625
0 0.31796875 0.21953125 0.0546875 0.0640625
0 0.5171875 0.5125 0.040625 0.040625
