0 1.40859375 0.42109375 0.0546875 0.0546875
0 1.28203125 0.39375 0.0546875 0.053125
0 1.1765625 0.40546875 0.04375 0.0484375
0 1.12421875 0.38359375 0.0421875 0.0453125
0 1.01328125 0.42421875 0.0453125 0.0453125
0 0.98359375 0.43515625 0.0328125 0.0484375
0 0.9 0.4296875 0.04375 0.04375
0 0.853125 0.3671875 0.046875 0.05
0 0.93359375 0.5953125 0.0453125 0.05
0 0.83359375 0.5015625 0.0421875 0.04375
0 0.72265625 0.58984375 0.0453125 0.0546875
0 0.59609375 0.590625 0.0453125 0.053125
0 0.60703125 0.4359375 0.0390625 0.046875
0 0.578125 0.4 0.034375 0.04375
0 0.48359375 0.38359375 0.0390625 0.0515625
0 0.39609375 0.45546875 0.0453125 0.0421875
0 0.421875 0.40078125 0.03125 0.0328125
0 0.76484375 0.4 0.0390625 0.040625
0 0.6953125 0.37109375 0.04375 0.0484375
0 0.24375 0.4421875 0.04375 0.046875
0 0.2921875 0.3765625 0.04375 0.04375
0 0.20625 0.4078125 0.046875 0.05
