0 0.49609375 0.3203125 0.0578125 0.05
0 0.69375 0.28671875 0.040625 0.0328125
0 0.76875 0.2109375 0.01875 0.021875
0 0.85703125 0.2296875 0.0203125 0.025
0 0.9078125 0.2609375 0.025 0.03125
0 0.9640625 0.31953125 0.05 0.0484375
0 1.0640625 0.259375 0.025 0.03125
0 1.159375 0.30234375 0.03125 0.0453125
0 0.74296875 0.23359375 0.0265625 0.0359375
0 0.58984375 0.2296875 0.0171875 0.028125
0 0.4609375 0.22421875 0.01875 0.0265625
0 0.56875 0.37890625 0.05 0.0640625
0 1.1796875 0.259375 0.028125 0.03125
0 1.25625 0.25625 0.021875 0.028125
0 0.13828125 0.2453125 0.0265625 0.025
