0 1.5609375 0.61640625 0.0125 0.0265625
0 0.775 0.98203125 0.0125 0.0265625
0 0.71171875 0.9 0.0171875 0.025
0 0.78125 0.89453125 0.015625 0.0234375
0 0.95078125 0.6 0.0171875 0.01875
0 0.75234375 0.640625 0.0140625 0.028125
0 0.81875 0.6203125 0.0125 0.025
0 0.50859375 0.5390625 0.0109375 0.021875
0 0.30625 0.4078125 0.0125 0.01875
0 0.4375 0.45390625 0.009375 0.0234375
0 0.73828125 0.31484375 0.0140625 0.0171875
0 0.72265625 0.334375 0.0078125 0.01875
0 0.6484375 0.3953125 0.0125 0.015625
0 1.165625 0.38359375 0.01875 0.0234375
0 1.26953125 0.2921875 0.0109375 0.015625
0 1.24296875 0.2953125 0.0109375 0.015625
0 1.571875 0.28203125 0.015625 0.0203125
0 1.48125 0.21328125 0.0125 0.0171875
0 1.4453125 0.203125 0.009375 0.01875
0 1.5671875 0.10859375 0.0125 0.0171875
0 1.44375 0.1375 0.009375 0.0125
0 1.23359375 0.071875 0.0140625 0.015625
0 1.28359375 0.07578125 0.0109375 0.0140625
0 0.98515625 0.11015625 0.0140625 0.0140625
0 0.94140625 0.1296875 0.0109375 0.015625
0 0.91171875 0.21328125 0.0140625 0.0140625
0 0.6578125 0.1140625 0.015625 0.015625
0 0.49609375 0.1265625 0.0078125 0.015625
0 0.5203125 0.134375 0.009375 0.015625
0 1.19375 0.16015625 0.009375 0.0140625
0 0.4421875 0.0703125 0.0125 0.01875
