0 0.24921875 0.48359375 0.0171875 0.0140625
0 0.28046875 0.5046875 0.0140625 0.015625
0 0.37890625 0.50859375 0.0171875 0.0171875
0 0.39921875 0.48359375 0.0140625 0.0171875
0 0.409375 0.5109375 0.01875 0.028125
0 0.5984375 0.48984375 0.015625 0.0171875
0 0.65625 0.54296875 0.015625 0.0140625
0 0.7640625 0.546875 0.0125 0.015625
0 0.83203125 0.51796875 0.0140625 0.0171875
0 0.9046875 0.58359375 0.0125 0.0109375
0 0.97109375 0.57734375 0.0109375 0.0171875
0 1.0125 0.575 0.0125 0.015625
0 1.14921875 0.52734375 0.0109375 0.0109375
0 1.34921875 0.55234375 0.0140625 0.0140625
0 1.440625 0.625 0.009375 0.009375
0 1.46640625 0.6265625 0.0078125 0.0125
0 1.49375 0.63046875 0.009375 0.0109375
0 1.00859375 0.7625 0.0203125 0.034375
0 1.1 0.790625 0.028125 0.040625
0 1.16015625 0.765625 0.0203125 0.040625
0 1.1859375 0.765625 0.01875 0.034375
0 1.196875 0.746875 0.01875 0.025
0 1.30703125 0.7453125 0.0140625 0.01875
0 1.36796875 0.73203125 0.0140625 0.0203125
0 1.38046875 0.73046875 0.0109375 0.0140625
0 0.0296875 0.7484375 0.028125 0.046875
0 0.12890625 0.82890625 0.0265625 0.0546875
0 0.14765625 0.75546875 0.0265625 0.0359375
0 0.165625 0.75546875 0.015625 0.0296875
0 0.3421875 0.80390625 0.0375 0.0640625
0 0.446875 0.790625 0.025 0.0375
0 0.675 0.7703125 0.021875 0.0375
0 0.79609375 0.76640625 0.0234375 0.0328125
0 0.8421875 0.74765625 0.025 0.0390625
0 0.2359375 0.75390625 0.01875 0.0265625
0 0.71328125 0.7546875 0.0171875 0.03125
0 0.390625 0.75234375 0.021875 0.0421875
0 0.075 0.70078125 0.009375 0.0109375
0 0.10078125 0.7046875 0.0078125 0.009375
0 0.11875 0.69609375 0.009375 0.0109375
0 0.06484375 0.71484375 0.0078125 0.0109375
0 0.07265625 0.71484375 0.0109375 0.0109375
0 1.5875 0.72890625 0.0125 0.0203125
