0 0.7046875 0.66015625 0.0125 0.0265625
0 0.6296875 0.746875 0.01875 0.021875
0 0.81953125 0.7671875 0.0140625 0.015625
0 0.86796875 0.71171875 0.0171875 0.0203125
0 0.5265625 0.5 0.01875 0.015625
0 0.28203125 0.53359375 0.0140625 0.0171875
0 0.42265625 0.428125 0.0109375 0.0125
0 0.60234375 0.52109375 0.0109375 0.0171875
0 0.3625 0.46640625 0.0125 0.0140625
0 0.63125 0.40234375 0.009375 0.0140625
0 0.828125 0.59375 0.0125 0.025
0 0.4328125 0.38515625 0.009375 0.0078125
0 1.15 0.50390625 0.0125 0.0140625
0 1.2359375 0.50859375 0.0125 0.0140625
0 1.265625 0.49140625 0.009375 0.0140625
0 1.19140625 0.83203125 0.0171875 0.0234375
0 1.17734375 0.76953125 0.0171875 0.0203125
0 1.24140625 0.703125 0.0140625 0.01875
0 1.2859375 0.67890625 0.015625 0.0203125
0 1.528125 0.69921875 0.0125 0.0234375
0 1.57734375 0.6046875 0.0109375 0.01875
0 1.40546875 0.57578125 0.0140625 0.0171875
0 1.43984375 0.51328125 0.0140625 0.0203125
0 1.26875 0.46171875 0.0125 0.0140625
0 1.23828125 0.4875 0.0140625 0.0125
0 1.21328125 0.52578125 0.0109375 0.0140625
0 1.4765625 0.59296875 0.0125 0.0171875
0 0.503125 0.51796875 0.0125 0.0140625
0 0.0984375 0.5109375 0.0125 0.015625
0 0.1109375 0.5390625 0.0125 0.01875
0 1.2828125 0.8046875 0.01875 0.01875
0 1.253125 0.86171875 0.015625 0.0234375
