0 1.11953125 1.1359375 0.0328125 0.04375
0 1.1703125 1.0796875 0.025 0.034375
0 1.14921875 1.0765625 0.0171875 0.034375
0 1.20234375 1.04140625 0.0171875 0.0265625
0 1.09296875 1.01015625 0.0109375 0.0140625
0 1.00546875 1.01015625 0.0078125 0.0109375
0 1.23046875 1.0796875 0.0171875 0.028125
0 1.4015625 1.12890625 0.021875 0.0390625
0 0.68203125 1.03125 0.0109375 0.01875
0 0.87265625 1.003125 0.0078125 0.009375
0 0.94609375 1.0 0.0078125 0.0125
0 0.63203125 1.0984375 0.0296875 0.0375
0 0.66328125 1.1046875 0.0234375 0.03125
0 0.8359375 0.98515625 0.00625 0.0109375
0 0.77265625 1.10546875 0.0265625 0.0265625
0 0.784375 1.059375 0.021875 0.028125
0 0.86953125 1.09453125 0.0265625 0.0328125
0 0.86875 1.065625 0.021875 0.021875
0 0.95078125 1.046875 0.0171875 0.025
0 0.98828125 1.06875 0.0234375 0.028125
0 1.03359375 1.0171875 0.0171875 0.025
0 1.06953125 1.0140625 0.0109375 0.0125
0 1.10625 1.06015625 0.01875 0.0296875
0 1.14765625 1.03671875 0.0140625 0.0234375
0 1.053125 1.13125 0.028125 0.028125
0 0.91640625 0.9984375 0.0140625 0.0125
