0 0.07890625 0.8546875 0.0203125 0.025
0 0.53515625 0.828125 0.0140625 0.021875
0 0.74921875 0.79296875 0.0140625 0.0171875
0 1.2515625 0.80234375 0.01875 0.0234375
0 1.20234375 0.8359375 0.0265625 0.028125
0 1.334375 0.95390625 0.0375 0.0671875
0 1.49296875 0.90078125 0.0328125 0.0546875
0 1.51875 0.91484375 0.034375 0.0609375
0 1.54609375 1.03515625 0.0703125 0.0640625
0 1.44375 0.86171875 0.025 0.0390625
0 1.01015625 0.80546875 0.0140625 0.0171875
0 1.14921875 0.8 0.0234375 0.021875
0 0.8546875 0.790625 0.0125 0.015625
0 0.8984375 0.78203125 0.009375 0.0109375
0 1.42890625 0.884375 0.0234375 0.034375
0 0.72734375 0.79296875 0.0109375 0.0140625
0 0.64765625 0.7984375 0.0109375 0.01875
0 0.6546875 0.778125 0.009375 0.0125
0 0.36484375 0.80859375 0.0140625 0.0171875
0 0.48359375 0.7890625 0.0171875 0.01875
0 0.11328125 0.8453125 0.0140625 0.01875
0 0.14140625 0.8265625 0.0140625 0.01875
