0 0.125 0.83125 0.021875 0.034375
0 0.18984375 0.85390625 0.0234375 0.0359375
0 0.2546875 0.70703125 0.021875 0.0296875
0 0.29453125 0.7328125 0.0234375 0.0375
0 0.203125 0.7109375 0.015625 0.025
0 0.36640625 0.7109375 0.0203125 0.03125
0 0.67109375 0.8265625 0.0265625 0.046875
0 0.0859375 0.67265625 0.015625 0.0171875
0 0.10078125 0.64140625 0.0140625 0.0171875
0 0.15234375 0.62734375 0.0140625 0.0140625
0 0.109375 0.60859375 0.0125 0.0140625
0 0.1390625 0.6046875 0.009375 0.0125
0 0.03828125 0.6234375 0.0078125 0.009375
0 0.23046875 0.64375 0.0171875 0.01875
0 0.303125 0.64375 0.015625 0.021875
0 0.3234375 0.61484375 0.009375 0.0171875
0 0.38359375 0.6546875 0.0171875 0.028125
0 0.43125 0.62890625 0.0125 0.0171875
0 0.46328125 0.66484375 0.0140625 0.0203125
0 0.51640625 0.67421875 0.0203125 0.0203125
0 0.57421875 0.690625 0.0203125 0.034375
0 0.60703125 0.65859375 0.0171875 0.0296875
0 0.621875 0.70859375 0.021875 0.0359375
0 0.65234375 0.64921875 0.0140625 0.0234375
0 0.6921875 0.6578125 0.01875 0.028125
0 0.7109375 0.715625 0.01875 0.025
0 0.50234375 0.6234375 0.0109375 0.01875
0 0.39453125 0.59921875 0.0078125 0.0140625
0 0.65078125 0.6046875 0.0078125 0.015625
0 0.63984375 0.58984375 0.0078125 0.0109375
0 0.2578125 0.59375 0.009375 0.015625
0 0.45859375 0.7203125 0.0171875 0.025
0 0.76796875 0.72890625 0.0234375 0.0265625
0 0.78515625 0.69296875 0.0234375 0.0234375
0 0.75390625 0.66953125 0.0203125 0.0265625
0 0.73984375 0.63828125 0.0140625 0.0171875
0 0.8015625 0.64921875 0.01875 0.0234375
0 0.79921875 0.62734375 0.0140625 0.0140625
0 0.8546875 0.628125 0.015625 0.021875
0 0.85703125 0.68984375 0.0234375 0.0234375
0 0.90703125 0.70546875 0.0234375 0.0328125
0 0.91875 0.65 0.01875 0.01875
0 0.95625 0.59609375 0.0125 0.0140625
0 0.98203125 0.6359375 0.0140625 0.021875
0 0.996875 0.59921875 0.0125 0.0171875
0 1.00390625 0.66015625 0.0140625 0.0203125
0 0.98984375 0.690625 0.0171875 0.025
0 0.98671875 0.73203125 0.0265625 0.0390625
0 1.053125 0.72734375 0.025 0.0390625
0 1.13828125 0.76953125 0.0265625 0.0359375
0 1.175 0.7015625 0.025 0.040625
0 1.140625 0.6859375 0.01875 0.025
0 1.234375 0.68984375 0.01875 0.0171875
0 1.2390625 0.6484375 0.015625 0.021875
0 1.2140625 0.61640625 0.0125 0.0140625
0 1.1625 0.60703125 0.0125 0.0140625
0 1.22578125 0.590625 0.0109375 0.0125
0 1.18515625 0.59609375 0.0109375 0.0140625
0 1.16328125 0.58515625 0.0109375 0.0140625
0 1.1421875 0.59609375 0.0125 0.0140625
0 1.121875 0.60703125 0.0125 0.0140625
0 1.08203125 0.5984375 0.0140625 0.015625
0 1.1203125 0.58359375 0.009375 0.0140625
0 1.10546875 0.5890625 0.0109375 0.015625
0 1.09453125 0.57578125 0.0109375 0.0109375
0 1.0609375 0.5765625 0.009375 0.0125
0 1.0453125 0.58203125 0.009375 0.0140625
0 0.99609375 0.578125 0.0109375 0.0125
0 0.98359375 0.58984375 0.0109375 0.0109375
0 1.06640625 0.54375 0.0078125 0.0125
0 1.11796875 0.559375 0.0078125 0.009375
0 1.0546875 0.64296875 0.015625 0.0234375
0 1.1640625 0.66015625 0.015625 0.0140625
0 1.18125 0.5703125 0.009375 0.015625
0 1.21796875 0.575 0.0109375 0.0125
0 1.22734375 0.5625 0.0078125 0.0125
0 1.2671875 0.61015625 0.0125 0.0171875
0 1.27578125 0.59375 0.0109375 0.015625
0 1.28984375 0.725 0.0265625 0.028125
0 1.3078125 0.7828125 0.028125 0.0375
0 1.43828125 0.78984375 0.0328125 0.0421875
0 1.38671875 0.66171875 0.0171875 0.0234375
0 1.29140625 0.56015625 0.0078125 0.0109375
0 1.315625 0.58828125 0.0125 0.0140625
0 1.31796875 0.6203125 0.0140625 0.015625
0 1.3609375 0.6046875 0.0125 0.01875
0 1.4015625 0.59296875 0.0125 0.0140625
0 1.409375 0.5765625 0.009375 0.0125
0 1.39921875 0.57265625 0.0078125 0.0109375
0 1.4140625 0.61640625 0.0125 0.0171875
0 1.4421875 0.57890625 0.009375 0.0140625
0 1.4640625 0.58515625 0.015625 0.0171875
0 1.47578125 0.6203125 0.0171875 0.021875
0 1.51171875 0.66328125 0.0203125 0.0265625
0 1.53125 0.690625 0.025 0.028125
0 1.425 0.715625 0.021875 0.028125
0 1.40078125 0.71875 0.0234375 0.03125
0 1.3421875 0.55390625 0.00625 0.0078125
0 1.43046875 0.56875 0.0078125 0.009375
0 1.40234375 0.56015625 0.0078125 0.0078125
0 1.3296875 0.56953125 0.009375 0.0109375
0 0.00625 0.7453125 0.0125 0.028125
0 1.30234375 0.56171875 0.0078125 0.0109375
0 1.27109375 0.56953125 0.0078125 0.0109375
0 1.33203125 0.39453125 0.0671875 0.0890625
