0 1.346875 0.98984375 0.090625 0.1015625
0 0.77109375 0.44765625 0.0109375 0.0140625
0 1.42109375 0.88125 0.0765625 0.071875
0 0.5359375 0.884375 0.05625 0.05625
0 0.42421875 0.8546875 0.0953125 0.13125
0 0.175 0.478125 0.01875 0.01875
0 0.240625 0.509375 0.0125 0.0125
0 0.01484375 0.48125 0.0171875 0.015625
0 0.07421875 0.5 0.0171875 0.01875
0 0.09609375 0.4734375 0.0171875 0.0125
0 0.6171875 0.48515625 0.01875 0.0203125
0 0.5765625 0.4828125 0.028125 0.01875
0 0.496875 0.4890625 0.01875 0.01875
0 0.6625 0.490625 0.021875 0.01875
0 0.7578125 0.47421875 0.015625 0.0234375
0 0.8578125 0.48515625 0.01875 0.0328125
0 0.95234375 0.47265625 0.0171875 0.0171875
0 1.01015625 0.4859375 0.0203125 0.01875
0 1.1484375 0.4875 0.025 0.03125
0 1.165625 0.5 0.021875 0.021875
0 1.11328125 0.63125 0.0515625 0.075
0 1.17734375 0.621875 0.0515625 0.071875
0 1.23984375 0.58515625 0.0484375 0.0453125
0 1.38125 0.5046875 0.021875 0.025
0 1.5421875 0.56796875 0.05 0.0703125
0 1.471875 0.5359375 0.040625 0.034375
0 1.57890625 0.50078125 0.0296875 0.0328125
0 1.45234375 0.46015625 0.0140625 0.0109375
0 0.06875 1.003125 0.1375 0.128125
0 0.075 0.715625 0.084375 0.090625
0 0.17109375 0.65703125 0.0328125 0.0234375
0 0.1359375 0.58359375 0.03125 0.0265625
0 0.10234375 0.5 0.0203125 0.015625
0 0.33984375 0.6046875 0.0515625 0.053125
0 0.43671875 0.578125 0.0421875 0.05
0 0.5484375 0.5421875 0.0375 0.0375
0 0.57578125 0.59765625 0.0390625 0.0484375
0 0.94140625 0.68515625 0.0484375 0.0921875
0 0.96640625 0.54921875 0.0453125 0.0546875
0 0.846875 0.58203125 0.04375 0.0546875
0 0.71953125 0.5140625 0.0203125 0.028125
