0 0.3078125 0.74921875 0.028125 0.0359375
0 0.38046875 0.78125 0.0328125 0.0375
0 0.403125 0.76171875 0.028125 0.0296875
0 0.46796875 0.728125 0.0140625 0.01875
0 0.496875 0.7578125 0.01875 0.025
0 0.51796875 0.79296875 0.0265625 0.0359375
0 0.60234375 0.7140625 0.0140625 0.01875
0 0.7109375 0.75 0.01875 0.025
0 0.75 0.75859375 0.028125 0.0328125
0 1.396875 0.81875 0.034375 0.040625
0 1.3765625 0.80546875 0.028125 0.0265625
0 1.0453125 0.76796875 0.025 0.0296875
0 1.0546875 0.72265625 0.015625 0.0203125
0 0.978125 0.81328125 0.03125 0.0453125
0 0.77890625 0.72109375 0.0109375 0.0140625
0 0.7328125 0.71328125 0.009375 0.0140625
0 0.896875 0.76640625 0.0125 0.0203125
0 0.95859375 0.73515625 0.0140625 0.0203125
0 0.9328125 0.70625 0.009375 0.015625
0 0.92265625 0.7046875 0.0140625 0.015625
0 0.8984375 0.73125 0.0125 0.015625
0 0.084375 1.0203125 0.046875 0.05625
