0 1.35078125 1.0296875 0.0578125 0.075
0 1.5171875 0.85390625 0.03125 0.0609375
0 1.4703125 0.81875 0.021875 0.04375
0 1.4921875 0.76015625 0.015625 0.0265625
0 1.496875 0.72578125 0.00625 0.0109375
0 1.37265625 0.79453125 0.0171875 0.0265625
0 1.3171875 0.7859375 0.009375 0.0125
0 1.50703125 0.7078125 0.0109375 0.0125
0 0.66484375 0.921875 0.0171875 0.03125
0 0.71953125 0.91796875 0.0203125 0.0203125
0 0.7859375 0.91171875 0.025 0.0453125
0 1.10703125 0.846875 0.0171875 0.025
0 1.2703125 0.89921875 0.034375 0.0484375
0 1.22890625 0.86015625 0.0265625 0.0359375
0 1.20625 0.83359375 0.015625 0.0171875
0 1.30390625 0.84296875 0.0203125 0.0265625
0 1.2921875 0.8171875 0.015625 0.01875
0 1.21640625 0.99453125 0.0234375 0.0578125
0 0.08671875 0.8359375 0.0265625 0.046875
0 0.2203125 0.9125 0.04375 0.05625
0 0.25703125 1.015625 0.0328125 0.059375
0 0.3421875 0.91640625 0.025 0.0359375
0 0.334375 0.85546875 0.021875 0.0296875
0 0.17265625 0.80078125 0.0171875 0.0234375
0 0.078125 0.796875 0.0125 0.021875
0 0.20546875 0.85234375 0.0265625 0.0328125
0 0.58359375 0.85625 0.0109375 0.015625
0 0.471875 0.91171875 0.028125 0.0484375
