0 0.35 0.85625 0.04375 0.053125
0 0.2546875 0.87265625 0.0125 0.0171875
0 0.3984375 0.925 0.009375 0.0125
0 0.43359375 0.9234375 0.0078125 0.009375
0 0.459375 0.9140625 0.009375 0.009375
0 0.66796875 0.88515625 0.0109375 0.0171875
0 0.54296875 0.88359375 0.0078125 0.0109375
0 0.95234375 0.84140625 0.0265625 0.0359375
0 1.415625 0.84609375 0.0625 0.0796875
0 1.5328125 0.89765625 0.021875 0.0359375
0 1.57734375 0.8640625 0.0296875 0.053125
0 0.775 0.87578125 0.00625 0.0109375
0 0.72109375 0.86875 0.0078125 0.009375
0 0.74765625 0.87890625 0.0078125 0.0109375
0 0.6828125 0.88203125 0.00625 0.0078125
