0 0.153125 0.4875 0.015625 0.015625
0 0.22734375 0.4890625 0.0140625 0.01875
0 0.33671875 0.4875 0.0171875 0.01875
0 0.4390625 0.49375 0.0125 0.0125
0 0.5296875 0.48203125 0.0125 0.0171875
0 0.3703125 0.525 0.04375 0.05625
0 0.56015625 0.4859375 0.0265625 0.03125
0 0.59140625 0.4875 0.0109375 0.0125
0 0.66640625 0.47890625 0.0109375 0.0140625
0 0.7046875 0.49453125 0.034375 0.0421875
0 0.771875 0.4828125 0.015625 0.01875
0 0.83125 0.58515625 0.075 0.0953125
0 0.95 0.48828125 0.015625 0.0203125
0 1.03125 0.47265625 0.015625 0.0171875
0 1.0828125 0.5 0.034375 0.04375
0 1.1921875 0.49765625 0.025 0.0296875
0 1.2296875 0.46640625 0.0125 0.0140625
0 1.325 0.4765625 0.015625 0.021875
0 1.43359375 0.58046875 0.0796875 0.0921875
0 1.46328125 0.5015625 0.0453125 0.046875
0 1.3921875 0.47421875 0.015625 0.0171875
0 1.4171875 0.47265625 0.0125 0.0109375
