0 1.396875 0.94921875 0.025 0.0734375
0 1.27421875 0.5875 0.0453125 0.0875
0 1.021875 0.57578125 0.059375 0.0984375
0 0.9234375 0.584375 0.078125 0.08125
0 0.5765625 0.6015625 0.0625 0.090625
0 0.25078125 0.6390625 0.0578125 0.084375
0 0.9859375 0.18828125 0.075 0.0765625
0 0.13359375 0.5828125 0.0578125 0.09375
0 1.4515625 0.45390625 0.0625 0.0921875
0 1.30625 0.04921875 0.071875 0.0765625
0 0.78984375 0.11875 0.0671875 0.075
0 0.675 0.0703125 0.053125 0.075
0 0.49765625 0.05 0.0640625 0.078125
0 1.28359375 0.20703125 0.0640625 0.0734375
