0 0.06640625 0.475 0.0234375 0.03125
0 0.1515625 0.55390625 0.025 0.0328125
0 0.2125 0.51875 0.025 0.03125
0 0.2078125 0.490625 0.025 0.025
0 0.290625 0.56796875 0.025 0.0296875
0 0.30703125 0.49375 0.0296875 0.0375
0 0.2203125 0.46015625 0.0125 0.0109375
0 0.340625 0.52734375 0.025 0.0265625
0 0.4296875 0.49140625 0.028125 0.0359375
0 0.4296875 0.3796875 0.025 0.025
0 0.48046875 0.60390625 0.0328125 0.0328125
0 0.40390625 0.325 0.0234375 0.025
0 0.43671875 0.3359375 0.0203125 0.025
0 0.46484375 0.3546875 0.0234375 0.028125
0 0.4609375 0.32734375 0.01875 0.0171875
0 0.51171875 0.33203125 0.0234375 0.0296875
0 0.52578125 0.31484375 0.0203125 0.0265625
0 0.559375 0.33828125 0.025 0.0265625
0 0.5203125 0.48359375 0.025 0.0265625
0 0.53515625 0.43515625 0.0234375 0.0296875
0 0.59921875 0.5921875 0.0265625 0.034375
0 0.6578125 0.62421875 0.025 0.0328125
0 0.77734375 0.57265625 0.0265625 0.0328125
0 0.8734375 0.58515625 0.028125 0.0328125
0 0.95 0.59375 0.034375 0.0375
0 1.0078125 0.60625 0.034375 0.0375
0 1.00703125 0.45859375 0.0234375 0.0296875
0 0.90390625 0.509375 0.0265625 0.034375
0 0.81796875 0.50390625 0.0265625 0.0390625
0 0.778125 0.503125 0.025 0.021875
0 0.721875 0.51640625 0.021875 0.0265625
0 0.6703125 0.4859375 0.021875 0.028125
0 0.628125 0.42890625 0.025 0.0359375
0 0.578125 0.44296875 0.021875 0.0328125
0 0.77421875 0.44453125 0.0234375 0.0234375
0 0.83125 0.43515625 0.021875 0.0296875
0 0.8859375 0.40625 0.025 0.028125
0 0.9609375 0.41171875 0.025 0.0296875
0 1.08203125 0.45234375 0.0296875 0.0421875
0 1.11875 0.48515625 0.028125 0.0390625
0 1.26875 0.47734375 0.03125 0.0390625
0 0.56171875 0.30859375 0.0203125 0.0265625
0 0.6078125 0.3234375 0.021875 0.028125
0 0.61875 0.30703125 0.021875 0.0328125
0 0.68046875 0.30625 0.0140625 0.01875
0 0.6953125 0.2953125 0.021875 0.028125
0 0.74375 0.3859375 0.021875 0.03125
0 0.7625 0.25234375 0.01875 0.0296875
0 0.771875 0.24375 0.01875 0.03125
0 0.803125 0.265625 0.01875 0.025
0 0.8234375 0.2515625 0.01875 0.021875
0 0.8921875 0.25703125 0.01875 0.0296875
0 0.9078125 0.26015625 0.021875 0.0234375
0 0.93203125 0.26640625 0.0203125 0.0296875
0 0.96171875 0.246875 0.0234375 0.028125
0 0.99765625 0.24609375 0.0171875 0.0265625
0 0.99609375 0.3484375 0.0203125 0.028125
0 0.94140625 0.36171875 0.0203125 0.0265625
0 0.8703125 0.35546875 0.021875 0.0328125
0 0.82109375 0.3375 0.0234375 0.03125
0 0.7953125 0.38125 0.021875 0.03125
0 1.00859375 0.375 0.0265625 0.034375
0 1.04296875 0.26640625 0.0234375 0.0296875
0 1.0734375 0.265625 0.01875 0.03125
0 1.03671875 0.35546875 0.0234375 0.0296875
0 1.11171875 0.33671875 0.0234375 0.0328125
0 1.1015625 0.24453125 0.025 0.0296875
0 1.13046875 0.26796875 0.0203125 0.0296875
0 1.17109375 0.27890625 0.0171875 0.0265625
0 1.18125 0.278125 0.01875 0.028125
0 1.271875 0.259375 0.021875 0.021875
0 1.33125 0.2125 0.025 0.03125
0 1.33359375 0.35 0.0265625 0.03125
0 1.25625 0.3390625 0.025 0.03125
0 1.18203125 0.33203125 0.0234375 0.0328125
0 1.38203125 0.2234375 0.0203125 0.028125
0 1.40078125 0.2046875 0.0234375 0.034375
0 1.43671875 0.2046875 0.0265625 0.03125
0 1.5125 0.3078125 0.01875 0.028125
0 1.54140625 0.30859375 0.0203125 0.0265625
0 1.59453125 0.4515625 0.0109375 0.015625
