0 0.78984375 0.87734375 0.1546875 0.2015625
0 0.02578125 0.59921875 0.0328125 0.0671875
0 0.06796875 0.625 0.0546875 0.1125
0 0.19609375 0.61171875 0.0578125 0.0734375
0 0.28046875 0.62734375 0.0765625 0.1078125
0 0.17890625 0.8140625 0.0703125 0.0875
0 0.41953125 0.88125 0.1078125 0.125
0 0.6328125 0.8078125 0.10625 0.15
0 0.56484375 0.55078125 0.0765625 0.0671875
0 0.77890625 0.63359375 0.0609375 0.1078125
0 0.8640625 0.68671875 0.115625 0.1453125
0 0.921875 0.57890625 0.059375 0.0640625
0 0.99609375 0.59921875 0.0703125 0.0640625
0 1.0796875 0.559375 0.053125 0.0875
0 1.1015625 0.490625 0.0125 0.015625
0 1.03984375 0.740625 0.1859375 0.18125
0 1.16640625 0.66171875 0.1171875 0.1359375
0 0.87890625 0.49609375 0.0109375 0.0171875
0 0.9015625 0.53125 0.028125 0.025
0 0.91328125 0.484375 0.0109375 0.015625
0 0.990625 0.5296875 0.01875 0.01875
0 0.88046875 0.4765625 0.0140625 0.015625
0 1.07734375 0.47578125 0.0109375 0.0109375
0 0.86796875 0.50234375 0.0109375 0.0140625
0 0.2109375 0.540625 0.0375 0.053125
0 0.9453125 0.48125 0.0125 0.015625
0 1.13203125 0.50625 0.0203125 0.025
0 1.14375 0.48125 0.0125 0.01875
0 0.90234375 0.5015625 0.0109375 0.015625
0 1.5421875 0.78125 0.071875 0.14375
0 1.56484375 0.6375 0.0453125 0.075
0 1.534375 0.56484375 0.04375 0.0609375
0 1.584375 0.584375 0.03125 0.059375
