0 0.16640625 0.47578125 0.0203125 0.0265625
0 0.215625 0.51484375 0.021875 0.0296875
0 0.3953125 0.2890625 0.025 0.028125
0 0.378125 0.4328125 0.021875 0.028125
0 0.55 0.3125 0.025 0.034375
0 0.6515625 0.253125 0.025 0.028125
0 0.74765625 0.240625 0.0265625 0.03125
0 0.53671875 0.171875 0.0234375 0.021875
0 0.68203125 0.153125 0.0234375 0.028125
0 0.75390625 0.10234375 0.0265625 0.0328125
0 0.85078125 0.121875 0.0234375 0.03125
0 0.93046875 0.1640625 0.0265625 0.03125
0 0.9671875 0.2328125 0.025 0.028125
0 1.05078125 0.12734375 0.0234375 0.0296875
0 1.14609375 0.1625 0.0203125 0.028125
0 1.33046875 0.2390625 0.0296875 0.025
0 1.28359375 0.30546875 0.0234375 0.0265625
0 1.32578125 0.37421875 0.0234375 0.0296875
0 1.55546875 0.4171875 0.0234375 0.028125
0 0.9171875 0.81640625 0.028125 0.0359375
0 1.49921875 0.959375 0.0328125 0.0375
0 0.15703125 0.95859375 0.0234375 0.0328125
0 0.2984375 0.984375 0.028125 0.040625
0 0.10625 0.70546875 0.03125 0.0421875
0 0.028125 0.01171875 0.021875 0.0234375
0 0.2640625 0.278125 0.025 0.03125
0 0.165625 0.3578125 0.021875 0.03125
0 0.0140625 0.16171875 0.015625 0.0203125
