0 0.50625 0.69296875 0.009375 0.0109375
0 0.53515625 0.69296875 0.0078125 0.0109375
0 0.56875 0.7703125 0.00625 0.009375
0 1.43125 0.76640625 0.025 0.0390625
0 1.4703125 0.7328125 0.028125 0.05
0 1.5203125 0.71484375 0.0125 0.0171875
0 0.71796875 0.68828125 0.0140625 0.0140625
0 1.5921875 0.68671875 0.0125 0.0140625
0 1.41640625 0.72265625 0.0171875 0.0140625
0 1.35078125 0.7328125 0.0078125 0.009375
0 1.55390625 0.59921875 0.0078125 0.0140625
0 1.434375 0.60703125 0.009375 0.0109375
0 1.121875 0.63828125 0.0125 0.0203125
0 1.065625 0.6359375 0.009375 0.009375
0 0.53046875 0.740625 0.0109375 0.009375
0 0.48125 0.7640625 0.009375 0.0125
0 0.4515625 0.76328125 0.009375 0.0109375
0 0.459375 0.69609375 0.009375 0.0109375
0 0.39921875 0.7734375 0.0078125 0.0125
