0 0.31171875 0.3203125 0.1296875 0.196875
0 1.16875 0.3265625 0.15 0.215625
0 1.19453125 0.45625 0.0921875 0.15
0 1.0 0.43515625 0.05625 0.0796875
0 0.85078125 0.484375 0.0421875 0.059375
0 0.50390625 0.46875 0.0390625 0.0625
0 0.05546875 0.41796875 0.0578125 0.0703125
0 0.40390625 0.640625 0.0890625 0.14375
0 0.45703125 0.65859375 0.0578125 0.0984375
0 0.29921875 0.46484375 0.0234375 0.0296875
0 0.365625 0.46328125 0.034375 0.0421875
0 0.42734375 0.50078125 0.0421875 0.0546875
0 0.53046875 0.39140625 0.0390625 0.0453125
0 0.1 0.8375 0.0875 0.109375
0 0.775 0.45703125 0.025 0.0265625
0 0.75703125 0.465625 0.0140625 0.015625
0 0.01484375 0.45390625 0.0296875 0.0703125
