0 1.278125 0.5890625 0.05625 0.075
0 1.45078125 0.5328125 0.0546875 0.075
0 1.4375 0.41875 0.046875 0.06875
0 1.15234375 0.43125 0.0421875 0.05625
0 1.11328125 0.41640625 0.0359375 0.0515625
0 0.96640625 0.55234375 0.0484375 0.0609375
0 0.96796875 0.43828125 0.0328125 0.0453125
0 0.94296875 0.44609375 0.0390625 0.0546875
0 0.85859375 0.43046875 0.0453125 0.0578125
0 0.92421875 0.346875 0.0421875 0.05
0 0.75625 0.5859375 0.059375 0.0625
0 0.6046875 0.5578125 0.046875 0.05
0 0.62578125 0.3765625 0.0453125 0.05625
0 0.4 0.34453125 0.04375 0.0484375
0 0.3359375 0.428125 0.028125 0.046875
0 0.296875 0.4875 0.046875 0.075
0 0.17109375 0.5140625 0.0421875 0.046875
0 0.0703125 0.40859375 0.05625 0.0578125
0 0.26171875 0.40859375 0.0390625 0.0390625
