0 0.084375 0.08203125 0.034375 0.0453125
0 0.16640625 0.09140625 0.0296875 0.0328125
0 0.20234375 0.10078125 0.0265625 0.0296875
0 0.459375 0.1203125 0.03125 0.0375
0 0.32890625 0.09921875 0.0296875 0.0453125
0 0.71015625 0.08203125 0.0203125 0.0203125
0 0.8578125 0.15 0.05 0.059375
0 1.0015625 0.11171875 0.128125 0.2046875
0 0.9265625 0.0625 0.046875 0.040625
0 1.0921875 0.06171875 0.009375 0.0109375
0 1.11953125 0.078125 0.0328125 0.040625
0 1.28828125 0.09765625 0.0390625 0.0484375
0 0.115625 0.3421875 0.0375 0.0375
0 0.26953125 0.33671875 0.0109375 0.0171875
0 0.27421875 0.41171875 0.0140625 0.0203125
0 0.309375 0.4203125 0.015625 0.01875
0 0.3625 0.41875 0.015625 0.021875
0 0.40078125 0.4171875 0.0140625 0.01875
0 0.4390625 0.41796875 0.015625 0.0171875
0 0.47421875 0.4296875 0.0171875 0.01875
0 0.59140625 0.3328125 0.0171875 0.03125
0 0.5109375 0.325 0.009375 0.015625
0 0.49296875 0.34921875 0.0171875 0.0171875
0 0.509375 0.353125 0.015625 0.025
0 0.45703125 0.34453125 0.0140625 0.0171875
0 0.42109375 0.34609375 0.0140625 0.0140625
0 0.40625 0.34453125 0.015625 0.0140625
0 0.371875 0.346875 0.015625 0.01875
0 0.328125 0.34765625 0.015625 0.0140625
0 0.64375 0.3484375 0.01875 0.021875
0 0.69765625 0.353125 0.0203125 0.015625
0 0.7359375 0.33515625 0.015625 0.0265625
0 0.790625 0.334375 0.015625 0.03125
0 0.92890625 0.46875 0.1234375 0.125
0 1.23046875 0.4078125 0.1109375 0.14375
0 1.51015625 0.43671875 0.1140625 0.1765625
0 0.609375 0.57421875 0.03125 0.0484375
0 0.7375 0.575 0.01875 0.028125
0 0.90859375 0.56875 0.0234375 0.0375
0 1.1796875 0.62265625 0.059375 0.0828125
0 1.46796875 0.63984375 0.0328125 0.0484375
0 1.4328125 0.57578125 0.025 0.0265625
0 1.475 0.8828125 0.053125 0.0625
0 1.3484375 0.94453125 0.034375 0.0421875
0 1.165625 0.8921875 0.046875 0.06875
0 0.8859375 0.8609375 0.0125 0.0125
0 1.0140625 0.87578125 0.0125 0.0109375
0 0.66875 0.878125 0.015625 0.01875
0 0.734375 0.9515625 0.0125 0.0125
0 0.7828125 0.95 0.009375 0.0125
0 0.63671875 0.9546875 0.0140625 0.015625
0 0.575 0.9625 0.015625 0.0125
0 0.59609375 0.971875 0.0109375 0.0125
0 0.5453125 0.96171875 0.009375 0.0109375
0 0.43515625 0.84921875 0.0234375 0.0296875
0 0.1484375 0.8359375 0.021875 0.028125
0 0.0546875 1.15703125 0.034375 0.0484375
0 0.19375 1.14140625 0.0375 0.0515625
0 0.24453125 1.16640625 0.0296875 0.0265625
0 0.39453125 1.13671875 0.0234375 0.0265625
0 0.67890625 1.1140625 0.0328125 0.0375
0 0.7828125 1.14375 0.028125 0.034375
0 0.540625 1.1078125 0.01875 0.03125
0 1.42265625 1.3984375 0.0140625 0.01875
0 1.53515625 1.475 0.0109375 0.0125
0 1.34921875 1.44375 0.0140625 0.015625
0 0.83984375 1.36015625 0.0109375 0.0140625
0 0.6859375 1.396875 0.028125 0.021875
0 0.28046875 1.4234375 0.0140625 0.0125
