0 1.04609375 0.5015625 0.0734375 0.109375
0 1.35 0.7375 0.0625 0.084375
0 1.396875 0.72578125 0.04375 0.0640625
0 1.56484375 0.72109375 0.0546875 0.0640625
0 1.19921875 0.7484375 0.0515625 0.059375
0 0.784375 0.69375 0.046875 0.08125
0 0.8203125 0.6828125 0.0625 0.084375
0 0.6640625 0.83828125 0.015625 0.0265625
0 0.67421875 0.8609375 0.0265625 0.034375
0 0.62421875 0.8859375 0.0265625 0.025
0 0.61796875 0.8546875 0.0171875 0.025
0 0.44765625 0.82421875 0.0296875 0.0296875
0 0.50546875 0.8328125 0.0296875 0.034375
0 0.453125 0.8765625 0.025 0.028125
0 0.465625 0.9546875 0.015625 0.028125
0 0.26875 0.6234375 0.084375 0.1
0 0.07265625 0.90234375 0.0234375 0.0234375
0 0.1046875 0.853125 0.021875 0.028125
0 0.13203125 0.83359375 0.0265625 0.0265625
0 0.0125 0.83984375 0.025 0.0296875
