0 0.33203125 0.31484375 0.0640625 0.0796875
0 1.57421875 0.90703125 0.0390625 0.0484375
0 1.525 0.88359375 0.034375 0.0421875
0 1.45625 0.9421875 0.03125 0.04375
0 1.42421875 0.9265625 0.0203125 0.021875
0 1.59296875 0.828125 0.0109375 0.040625
0 1.37421875 0.86796875 0.0296875 0.0390625
0 1.32890625 0.8515625 0.0265625 0.034375
0 1.45546875 0.803125 0.0328125 0.04375
0 1.4234375 0.7453125 0.03125 0.034375
0 1.3171875 0.753125 0.028125 0.0375
0 1.5390625 0.69609375 0.021875 0.0265625
0 1.59375 0.64453125 0.0125 0.0265625
0 1.4015625 0.66640625 0.025 0.0328125
0 1.5 0.63828125 0.021875 0.0234375
0 1.44296875 0.5796875 0.0296875 0.034375
0 1.36015625 0.56875 0.0171875 0.01875
0 1.3203125 0.65 0.021875 0.025
0 1.28046875 0.64609375 0.0171875 0.0171875
0 1.31484375 0.6171875 0.0203125 0.021875
0 1.33671875 0.59296875 0.0140625 0.0203125
0 1.278125 0.5296875 0.01875 0.015625
0 1.3109375 0.52109375 0.015625 0.0171875
0 1.35546875 0.5421875 0.0140625 0.0125
0 1.39609375 0.5265625 0.0140625 0.015625
0 1.48671875 0.5484375 0.0171875 0.021875
0 1.4703125 0.575 0.0125 0.01875
0 1.47734375 0.5265625 0.0109375 0.0125
0 1.44453125 0.53125 0.0140625 0.015625
0 1.46484375 0.5046875 0.0171875 0.01875
0 1.4203125 0.51484375 0.0125 0.0171875
0 1.40234375 0.50625 0.0109375 0.0125
0 1.396875 0.48828125 0.009375 0.0140625
0 1.55546875 0.5015625 0.0140625 0.015625
0 1.5796875 0.50859375 0.0125 0.0140625
0 1.5359375 0.51328125 0.009375 0.0109375
0 1.43515625 0.52578125 0.0140625 0.0171875
0 1.57890625 0.421875 0.0078125 0.009375
0 1.48125 0.475 0.0125 0.0125
0 1.5015625 0.471875 0.0125 0.009375
0 1.446875 0.46484375 0.009375 0.0109375
0 1.43671875 0.46953125 0.0078125 0.0140625
0 1.3734375 0.4671875 0.0125 0.015625
0 1.36015625 0.4828125 0.0140625 0.015625
0 1.3546875 0.515625 0.015625 0.01875
0 1.37734375 0.5453125 0.0109375 0.0125
0 1.303125 0.4734375 0.009375 0.0125
0 1.32578125 0.49140625 0.0140625 0.0140625
0 1.3125 0.48125 0.009375 0.0125
0 1.29921875 0.71328125 0.0203125 0.0234375
0 1.24609375 0.69375 0.0203125 0.021875
0 1.2234375 0.63828125 0.015625 0.0171875
0 1.1953125 0.61796875 0.01875 0.0203125
0 1.1875 0.584375 0.015625 0.01875
0 1.2203125 0.61328125 0.015625 0.0203125
0 1.31328125 0.58984375 0.0171875 0.0203125
0 1.2953125 0.6984375 0.021875 0.025
0 1.23671875 0.5203125 0.0171875 0.021875
0 1.26875 0.50859375 0.0125 0.0140625
0 1.2640625 0.521875 0.0125 0.0125
0 1.29609375 0.47890625 0.0109375 0.0140625
0 1.2125 0.50234375 0.0125 0.0203125
0 1.20546875 0.55234375 0.0140625 0.0171875
0 1.1859375 0.5515625 0.0125 0.01875
0 1.1921875 0.51953125 0.015625 0.0203125
0 1.2640625 0.47421875 0.0125 0.0140625
0 1.2796875 0.471875 0.009375 0.015625
0 1.253125 0.48359375 0.009375 0.0171875
0 1.2078125 0.46953125 0.009375 0.0140625
0 1.20390625 0.52421875 0.0109375 0.0140625
0 1.19921875 0.4625 0.0078125 0.009375
0 1.1640625 0.51640625 0.015625 0.0203125
0 1.1703125 0.55625 0.0125 0.01875
0 1.1328125 0.55 0.0125 0.01875
0 1.14453125 0.52421875 0.0140625 0.0203125
0 1.15078125 0.4609375 0.0109375 0.0125
0 1.1578125 0.63203125 0.021875 0.0203125
0 1.1328125 0.64140625 0.01875 0.0203125
0 1.059375 0.7375 0.021875 0.025
0 1.05 0.7171875 0.015625 0.021875
0 1.03984375 0.69453125 0.0234375 0.0265625
0 1.07734375 0.653125 0.0265625 0.03125
0 1.0953125 0.63125 0.021875 0.021875
0 1.03515625 0.59609375 0.0203125 0.0234375
0 0.99765625 0.57734375 0.0171875 0.0203125
0 1.09453125 0.6125 0.0140625 0.015625
0 1.09296875 0.5609375 0.0140625 0.0125
0 1.34296875 0.8140625 0.0296875 0.03125
0 1.25625 0.75078125 0.025 0.0421875
0 1.2125 0.765625 0.028125 0.03125
0 1.35 0.71953125 0.021875 0.0296875
0 1.053125 0.825 0.028125 0.034375
0 1.0796875 0.70703125 0.01875 0.0265625
0 0.9765625 0.7046875 0.01875 0.028125
0 1.03359375 0.7453125 0.0140625 0.021875
0 1.28515625 0.5921875 0.0109375 0.015625
0 1.4609375 0.6484375 0.021875 0.021875
0 1.21875 0.71015625 0.021875 0.0296875
0 1.05 0.65625 0.01875 0.021875
0 0.95 0.58359375 0.021875 0.0234375
0 0.97578125 0.63359375 0.0234375 0.0265625
0 0.97109375 0.67578125 0.0203125 0.0234375
0 1.0015625 0.78203125 0.025 0.0234375
0 0.9765625 0.7671875 0.0125 0.025
0 0.86796875 0.753125 0.0234375 0.046875
0 0.88984375 0.6734375 0.0234375 0.025
0 0.9296875 0.62734375 0.01875 0.0234375
0 0.89765625 0.60859375 0.0140625 0.0171875
0 0.875 0.63046875 0.01875 0.0265625
0 0.79609375 0.63828125 0.0234375 0.0265625
0 0.84453125 0.68046875 0.0203125 0.0234375
0 1.09296875 0.53203125 0.0140625 0.0109375
0 1.0734375 0.53203125 0.015625 0.0171875
0 1.05078125 0.52890625 0.0171875 0.0171875
0 1.08984375 0.50390625 0.0140625 0.0140625
0 1.090625 0.48515625 0.009375 0.0109375
0 1.128125 0.47421875 0.009375 0.0109375
0 1.06640625 0.475 0.0109375 0.0125
0 1.05390625 0.496875 0.0140625 0.015625
0 1.02265625 0.51015625 0.0171875 0.0140625
0 1.003125 0.5234375 0.0125 0.015625
0 0.98125 0.51484375 0.015625 0.0171875
0 0.95703125 0.5203125 0.0203125 0.01875
0 0.91875 0.53125 0.01875 0.021875
0 0.90546875 0.51953125 0.0140625 0.0140625
0 0.9421875 0.509375 0.0125 0.015625
0 0.93046875 0.4828125 0.0109375 0.015625
0 0.87734375 0.52421875 0.0140625 0.0171875
0 0.859375 0.52578125 0.015625 0.0171875
0 0.88828125 0.49609375 0.0140625 0.0109375
0 0.90625 0.49296875 0.0125 0.0109375
0 0.9265625 0.47265625 0.009375 0.0109375
0 0.9734375 0.490625 0.0125 0.015625
0 1.04765625 0.4765625 0.0078125 0.015625
0 0.86640625 0.4796875 0.0109375 0.015625
0 0.853125 0.484375 0.0125 0.015625
0 0.8453125 0.525 0.0125 0.015625
0 0.83046875 0.52421875 0.0171875 0.0203125
0 0.82734375 0.478125 0.0078125 0.0125
0 0.78359375 0.44453125 0.0140625 0.0203125
0 0.81171875 0.49921875 0.0140625 0.0171875
0 0.79921875 0.51796875 0.0140625 0.0203125
0 0.78515625 0.525 0.0171875 0.021875
0 0.7546875 0.51328125 0.015625 0.0140625
0 0.703125 0.5359375 0.015625 0.01875
0 0.70859375 0.52265625 0.0140625 0.0140625
0 0.8453125 0.50078125 0.015625 0.0140625
0 0.72109375 0.48671875 0.0109375 0.0109375
0 0.65390625 0.4734375 0.0078125 0.0125
0 0.68046875 0.5171875 0.0109375 0.0125
0 0.6734375 0.53828125 0.015625 0.0171875
0 0.65234375 0.52109375 0.0140625 0.0171875
0 0.6203125 0.5265625 0.0125 0.01875
0 0.63671875 0.534375 0.0109375 0.0125
0 0.7953125 0.665625 0.0125 0.015625
0 0.78203125 0.68125 0.0234375 0.025
0 0.746875 0.7296875 0.021875 0.01875
0 0.728125 0.71328125 0.01875 0.0265625
0 0.74140625 0.678125 0.0265625 0.028125
0 0.76484375 0.63984375 0.0171875 0.0296875
0 0.7046875 0.68203125 0.025 0.0296875
0 0.68359375 0.6609375 0.0203125 0.025
0 0.715625 0.653125 0.015625 0.01875
0 0.7375 0.65546875 0.025 0.0234375
0 0.6546875 0.58515625 0.015625 0.0203125
0 0.771875 0.53125 0.0125 0.01875
0 0.6046875 0.50859375 0.0125 0.0140625
0 0.63046875 0.50390625 0.0078125 0.0109375
0 0.58671875 0.4984375 0.0140625 0.01875
0 0.5578125 0.4828125 0.0125 0.015625
0 0.5875 0.52890625 0.015625 0.0203125
0 0.571875 0.5328125 0.015625 0.01875
0 0.63984375 0.51328125 0.0140625 0.0140625
0 0.99296875 0.5421875 0.0140625 0.01875
0 1.01484375 0.48203125 0.0140625 0.0140625
0 0.584375 0.64609375 0.0125 0.0140625
0 0.5578125 0.603125 0.0125 0.01875
0 0.51875 0.54765625 0.015625 0.0265625
0 0.88828125 0.634375 0.0140625 0.01875
0 0.49453125 0.61015625 0.0140625 0.0171875
0 0.453125 0.61953125 0.015625 0.0171875
0 0.51015625 0.51328125 0.0109375 0.0109375
0 0.4609375 0.540625 0.015625 0.021875
0 0.47890625 0.521875 0.0140625 0.01875
0 0.48984375 0.51953125 0.0140625 0.0203125
0 0.48984375 0.4625 0.0078125 0.0125
0 0.43203125 0.421875 0.0109375 0.0125
0 0.29140625 0.5265625 0.0171875 0.01875
0 0.2484375 0.5671875 0.01875 0.021875
0 0.21953125 0.540625 0.0140625 0.021875
0 0.2296875 0.528125 0.015625 0.01875
0 0.221875 0.50546875 0.01875 0.0203125
0 0.1984375 0.51875 0.01875 0.021875
0 0.24609375 0.47734375 0.0109375 0.0109375
0 0.1859375 0.503125 0.0125 0.0125
0 0.17578125 0.5265625 0.0140625 0.015625
0 0.16640625 0.54296875 0.0171875 0.0234375
0 0.2453125 0.49765625 0.015625 0.0171875
0 0.14765625 0.478125 0.0109375 0.015625
0 0.1328125 0.5203125 0.015625 0.01875
0 0.13046875 0.578125 0.0234375 0.028125
0 0.14609375 0.5703125 0.0171875 0.021875
0 0.12890625 0.553125 0.0171875 0.01875
0 0.08046875 0.53828125 0.0140625 0.0140625
0 0.0828125 0.503125 0.015625 0.0125
0 0.06015625 0.50078125 0.0078125 0.0109375
0 0.00390625 0.4671875 0.0078125 0.015625
0 0.00625 0.51953125 0.0125 0.0140625
0 0.02109375 0.525 0.0140625 0.015625
0 0.0234375 0.5703125 0.021875 0.028125
0 0.06171875 0.5953125 0.0203125 0.021875
0 0.00703125 0.5875 0.0140625 0.025
0 0.175 0.4953125 0.015625 0.015625
0 1.0796875 0.4546875 0.009375 0.0125
0 1.14609375 0.503125 0.0140625 0.015625
0 1.18203125 0.49609375 0.0140625 0.0140625
0 1.16328125 0.49375 0.0140625 0.015625
0 1.58828125 0.69921875 0.0234375 0.0328125
0 1.225 0.59609375 0.015625 0.0171875
0 0.56640625 0.58125 0.0140625 0.01875
0 0.5265625 0.54609375 0.009375 0.0109375
0 0.4828125 0.48203125 0.009375 0.0140625
0 0.4703125 0.48671875 0.0125 0.0171875
0 0.47109375 0.503125 0.0140625 0.015625
0 0.52734375 0.4875 0.0140625 0.015625
0 0.2703125 0.61484375 0.009375 0.0171875
0 0.184375 0.60234375 0.0125 0.0140625
0 0.21796875 0.61796875 0.0109375 0.0140625
0 1.25546875 0.8078125 0.0203125 0.028125
0 1.11796875 0.51640625 0.0109375 0.0171875
0 1.109375 0.4859375 0.0125 0.015625
0 1.459375 0.71015625 0.021875 0.0265625
0 0.690625 0.49140625 0.0125 0.0203125
0 0.72578125 0.52578125 0.0140625 0.0171875
0 0.81171875 0.6265625 0.0140625 0.021875
0 0.59609375 0.67109375 0.0296875 0.0296875
0 0.76484375 0.5328125 0.0140625 0.021875
