0 0.27265625 0.4953125 0.0609375 0.0625
0 0.384375 0.5109375 0.05625 0.05
0 0.57734375 0.44609375 0.0609375 0.0828125
0 0.7890625 0.4828125 0.06875 0.046875
0 0.98828125 0.484375 0.0453125 0.059375
0 1.0546875 0.49296875 0.0625 0.0703125
0 1.27109375 0.4296875 0.0546875 0.065625
0 1.32734375 0.5484375 0.0578125 0.059375
0 1.48515625 0.4359375 0.0359375 0.059375
0 1.52578125 0.50234375 0.0578125 0.0578125
0 0.08984375 0.15234375 0.0546875 0.0484375
0 0.2765625 0.1703125 0.040625 0.0375
0 0.4375 0.1328125 0.040625 0.04375
0 0.6734375 0.12890625 0.0375 0.0515625
0 0.8359375 0.14140625 0.034375 0.0328125
0 1.0015625 0.12890625 0.034375 0.0453125
0 1.17421875 0.16796875 0.0359375 0.0484375
0 1.33046875 0.1703125 0.0328125 0.021875
0 1.48203125 0.16484375 0.0328125 0.0390625
