0 0.153125 0.965625 0.134375 0.19375
0 0.55 0.9953125 0.140625 0.14375
0 0.52109375 0.73359375 0.0671875 0.1171875
0 0.40234375 0.6765625 0.0640625 0.06875
0 0.6515625 0.5875 0.053125 0.05625
0 0.87421875 0.609375 0.0640625 0.0875
0 0.840625 0.5796875 0.05 0.075
0 0.9484375 0.50234375 0.040625 0.0515625
0 1.0109375 0.546875 0.03125 0.04375
0 1.0671875 0.628125 0.05625 0.059375
0 1.10625 0.721875 0.06875 0.06875
0 1.10546875 0.8375 0.0703125 0.096875
0 1.01171875 0.88984375 0.0828125 0.1328125
0 1.26953125 0.9671875 0.1015625 0.128125
0 1.25703125 0.603125 0.0546875 0.05625
0 1.1796875 0.57578125 0.034375 0.0609375
0 0.5078125 0.58828125 0.040625 0.0609375
0 0.24140625 0.56953125 0.0515625 0.0546875
0 0.3359375 0.425 0.025 0.03125
0 0.37265625 0.37109375 0.0234375 0.0296875
0 0.5203125 0.409375 0.03125 0.03125
0 0.57890625 0.44921875 0.0359375 0.0421875
0 0.734375 0.440625 0.021875 0.025
0 0.8171875 0.40546875 0.028125 0.0359375
0 0.44453125 0.5125 0.0390625 0.034375
0 0.6859375 0.37421875 0.025 0.0265625
0 0.8 0.3765625 0.01875 0.021875
0 0.7625 0.72109375 0.075 0.0984375
0 0.665625 0.68046875 0.0625 0.0765625
0 1.4015625 0.70546875 0.0875 0.1140625
0 1.49453125 0.60625 0.0703125 0.08125
0 1.31015625 0.46796875 0.0390625 0.0453125
0 1.3640625 0.44140625 0.040625 0.0421875
0 1.403125 0.42421875 0.034375 0.0359375
0 1.48828125 0.41015625 0.0359375 0.0359375
0 1.48125 0.46171875 0.040625 0.0484375
0 1.2953125 0.415625 0.03125 0.0375
0 1.259375 0.40390625 0.028125 0.0328125
0 1.3359375 0.3515625 0.015625 0.01875
0 1.3625 0.365625 0.021875 0.025
0 1.53203125 0.36171875 0.0234375 0.0203125
0 1.5796875 0.36171875 0.025 0.0265625
0 1.24609375 0.3421875 0.0203125 0.021875
0 1.06953125 0.45078125 0.0328125 0.0359375
0 1.16484375 0.44921875 0.0234375 0.0265625
0 1.1609375 0.3765625 0.01875 0.025
0 1.221875 0.44609375 0.03125 0.0328125
0 1.19140625 0.4890625 0.0328125 0.03125
0 1.15625 0.34296875 0.01875 0.0171875
0 1.05546875 0.37421875 0.0265625 0.0296875
0 1.02734375 0.36171875 0.0203125 0.0203125
0 0.93046875 0.42421875 0.0296875 0.0296875
0 0.915625 0.41484375 0.028125 0.0421875
0 0.9609375 0.36171875 0.021875 0.0296875
0 0.99140625 0.346875 0.0140625 0.015625
0 1.4890625 0.36796875 0.01875 0.0203125
0 0.49140625 0.39375 0.0203125 0.021875
0 0.8125 0.453125 0.025 0.034375
0 0.76796875 0.43984375 0.0203125 0.0265625
0 0.25 0.45234375 0.025 0.0296875
0 0.228125 0.37265625 0.021875 0.0203125
0 0.26796875 0.3890625 0.0203125 0.028125
