0 0.109375 0.596875 0.021875 0.034375
0 0.21875 0.721875 0.009375 0.015625
0 0.24921875 0.7484375 0.0140625 0.01875
0 0.36015625 0.73046875 0.0171875 0.0171875
0 0.31640625 0.70390625 0.0140625 0.0171875
0 0.265625 0.67421875 0.0125 0.0140625
0 0.25234375 0.684375 0.0109375 0.015625
0 0.32734375 0.78984375 0.0140625 0.0234375
0 0.371875 0.7640625 0.0125 0.021875
0 0.171875 0.6484375 0.009375 0.0125
0 0.27265625 0.88046875 0.0265625 0.0328125
0 0.3265625 1.02734375 0.04375 0.0578125
0 0.24765625 1.04765625 0.0171875 0.0359375
0 0.40390625 0.6828125 0.0078125 0.0125
0 0.325 0.68046875 0.009375 0.0109375
0 0.32109375 0.65859375 0.0078125 0.0109375
0 0.5 0.6671875 0.009375 0.0125
0 0.43359375 0.67421875 0.0078125 0.0140625
0 0.4328125 0.69140625 0.009375 0.0140625
0 0.4421875 0.71484375 0.009375 0.0140625
0 0.49609375 0.76953125 0.0203125 0.0140625
0 0.446875 0.8359375 0.009375 0.03125
0 0.4875 0.88828125 0.01875 0.0328125
0 0.45234375 1.009375 0.0234375 0.046875
0 0.4015625 1.03046875 0.01875 0.0453125
0 0.575 0.9453125 0.021875 0.028125
0 0.66328125 0.83046875 0.0171875 0.0265625
0 0.6015625 0.759375 0.015625 0.021875
0 0.59453125 0.82421875 0.0140625 0.0203125
0 0.7765625 0.8453125 0.01875 0.028125
0 0.8 0.8453125 0.015625 0.015625
0 0.778125 0.92265625 0.01875 0.0359375
0 0.68671875 0.9390625 0.0234375 0.03125
0 0.7234375 0.97578125 0.025 0.0359375
0 0.871875 1.009375 0.01875 0.046875
0 0.91171875 0.88359375 0.0234375 0.0328125
0 0.915625 0.8625 0.021875 0.025
0 1.03515625 0.8640625 0.0234375 0.03125
0 1.0421875 0.98515625 0.015625 0.0359375
0 1.07265625 0.94140625 0.0234375 0.0359375
0 1.184375 0.93125 0.021875 0.03125
0 1.34765625 0.984375 0.0359375 0.05
0 1.31328125 0.9921875 0.0171875 0.0375
0 1.5515625 0.87890625 0.01875 0.0296875
0 1.5484375 0.7796875 0.01875 0.01875
0 1.50390625 0.78046875 0.0140625 0.0171875
0 1.4015625 0.82109375 0.025 0.0328125
0 1.59453125 0.82421875 0.0109375 0.0234375
0 1.525 0.72734375 0.015625 0.0203125
0 1.4828125 0.7484375 0.01875 0.021875
0 1.43515625 0.7234375 0.0140625 0.015625
0 1.45546875 0.7046875 0.0109375 0.015625
0 1.4625 0.70234375 0.0125 0.0203125
0 1.4890625 0.7234375 0.015625 0.01875
0 1.40234375 0.70703125 0.0140625 0.0140625
0 1.42265625 0.6984375 0.0109375 0.015625
0 1.4 0.68984375 0.009375 0.0140625
0 1.37265625 0.71640625 0.0078125 0.0140625
0 1.33671875 0.715625 0.0109375 0.015625
0 1.315625 0.71875 0.009375 0.0125
0 1.3203125 0.7328125 0.009375 0.01875
0 1.28203125 0.73984375 0.0140625 0.0203125
0 1.246875 0.75078125 0.015625 0.0171875
0 1.24453125 0.7796875 0.0171875 0.021875
0 1.19453125 0.76328125 0.0171875 0.0203125
0 1.21796875 0.73515625 0.0140625 0.0140625
0 1.2390625 0.71015625 0.0125 0.0171875
0 1.18046875 0.7140625 0.0109375 0.01875
0 1.20078125 0.70703125 0.0109375 0.0140625
0 1.11171875 0.75703125 0.0140625 0.0171875
0 1.0015625 0.81328125 0.0125 0.0265625
0 0.98515625 0.821875 0.0140625 0.021875
0 1.0421875 0.7703125 0.0125 0.021875
0 0.99609375 0.7296875 0.0140625 0.021875
0 1.03203125 0.7296875 0.0109375 0.01875
0 1.08515625 0.71640625 0.0140625 0.0171875
0 1.1125 0.7109375 0.0125 0.015625
0 1.02109375 0.71015625 0.0109375 0.0171875
0 0.95703125 0.7578125 0.0140625 0.021875
0 0.93671875 0.80234375 0.0140625 0.0234375
0 0.8578125 0.753125 0.015625 0.021875
0 0.91328125 0.74375 0.0109375 0.01875
0 0.92734375 0.74453125 0.0109375 0.0171875
0 0.90625 0.72265625 0.0125 0.0140625
0 0.80625 0.7390625 0.0125 0.01875
0 0.76015625 0.759375 0.0140625 0.021875
0 0.8 0.78359375 0.015625 0.0234375
0 0.8578125 0.79453125 0.0125 0.0203125
0 0.6765625 0.77265625 0.0125 0.0203125
0 0.65078125 0.7640625 0.0140625 0.015625
0 0.70546875 0.74765625 0.0109375 0.0109375
0 0.60703125 0.7046875 0.0078125 0.0125
0 0.6625 0.6828125 0.00625 0.0125
0 0.684375 0.715625 0.009375 0.015625
0 0.71171875 0.70078125 0.0109375 0.0171875
0 0.6578125 0.72578125 0.0125 0.0140625
0 0.52265625 0.66953125 0.0109375 0.0140625
0 0.5703125 0.6671875 0.009375 0.0125
0 0.6609375 0.65703125 0.009375 0.0109375
0 0.61875 0.66796875 0.009375 0.0078125
0 0.76484375 0.6765625 0.0109375 0.0125
0 0.771875 0.68046875 0.009375 0.0109375
0 0.85859375 0.70390625 0.0109375 0.0140625
0 0.8796875 0.69765625 0.009375 0.0140625
0 0.86484375 0.6828125 0.0109375 0.0125
0 0.87578125 0.6609375 0.0078125 0.009375
0 0.92578125 0.65 0.0078125 0.009375
0 0.94765625 0.64765625 0.0078125 0.0109375
0 0.98671875 0.66640625 0.0078125 0.0109375
0 0.99609375 0.6875 0.0109375 0.0125
0 0.94375 0.6921875 0.009375 0.009375
0 0.9546875 0.69140625 0.009375 0.0109375
0 1.0515625 0.6703125 0.0125 0.0125
0 1.08359375 0.66953125 0.0078125 0.0109375
0 1.07109375 0.65625 0.0109375 0.0125
0 1.04453125 0.65 0.0078125 0.009375
0 1.009375 0.659375 0.00625 0.009375
0 0.92109375 0.6734375 0.0109375 0.0125
0 1.09609375 0.69296875 0.0109375 0.0140625
0 1.0984375 0.665625 0.009375 0.009375
0 1.271875 0.67265625 0.009375 0.0109375
0 1.18203125 0.671875 0.0140625 0.0125
0 1.1921875 0.65859375 0.009375 0.0109375
0 1.18359375 0.65234375 0.0078125 0.0109375
0 1.12734375 0.653125 0.0109375 0.015625
0 1.35859375 0.6875 0.0109375 0.01875
0 1.3359375 0.67109375 0.0125 0.0140625
0 1.43359375 0.68046875 0.0140625 0.0140625
0 1.521875 0.66484375 0.009375 0.0109375
0 1.53984375 0.66640625 0.0109375 0.0171875
0 1.5109375 0.64375 0.009375 0.015625
0 1.48359375 0.64609375 0.0078125 0.0109375
0 1.44453125 0.63671875 0.0078125 0.0109375
0 1.375 0.64296875 0.009375 0.0109375
0 1.4 0.64375 0.009375 0.009375
0 1.446875 0.66328125 0.009375 0.0109375
0 0.71328125 0.64296875 0.0078125 0.0078125
0 0.72890625 0.653125 0.0078125 0.009375
0 0.79140625 0.63203125 0.0078125 0.0109375
0 0.690625 0.6390625 0.00625 0.009375
0 0.6859375 0.65 0.009375 0.009375
0 0.925 0.6265625 0.00625 0.009375
0 0.3359375 0.90859375 0.025 0.0296875
