0 0.1046875 0.378125 0.03125 0.04375
0 0.1453125 0.35 0.03125 0.028125
0 0.16640625 0.49375 0.0484375 0.05
0 0.56796875 0.409375 0.0265625 0.04375
0 0.55703125 0.33984375 0.0234375 0.0296875
0 0.39921875 0.29453125 0.0265625 0.0265625
0 0.3671875 0.95703125 0.075 0.1359375
0 0.7953125 0.60859375 0.034375 0.0546875
0 0.93671875 0.4921875 0.0328125 0.040625
0 0.79921875 0.38671875 0.0328125 0.0421875
0 0.8671875 0.378125 0.03125 0.034375
0 0.9703125 0.34296875 0.028125 0.0359375
0 1.07578125 0.45 0.0390625 0.034375
0 0.665625 0.93203125 0.09375 0.1421875
0 1.01796875 1.01796875 0.0609375 0.0984375
0 1.30078125 0.4296875 0.0359375 0.04375
0 0.36953125 0.51640625 0.0421875 0.0609375
0 0.24453125 0.64140625 0.0765625 0.0921875
0 0.03125 0.35078125 0.0375 0.0484375
