0 0.32265625 0.33828125 0.0953125 0.1828125
0 0.475 0.2296875 0.071875 0.103125
0 0.49609375 0.40546875 0.0859375 0.1265625
0 0.74375 0.2375 0.084375 0.1125
0 0.78046875 0.40546875 0.0859375 0.1140625
0 0.90234375 0.33046875 0.1703125 0.2328125
0 1.08671875 0.15546875 0.0890625 0.1203125
0 1.48671875 0.44921875 0.0828125 0.1234375
0 0.03359375 0.2453125 0.0671875 0.11875
0 0.58515625 0.3984375 0.0890625 0.128125
0 0.3390625 0.2640625 0.096875 0.115625
0 1.37265625 0.17265625 0.0796875 0.1171875
0 1.15703125 0.41640625 0.1015625 0.1265625
