0 0.25546875 0.865625 0.0328125 0.04375
0 0.2796875 0.8328125 0.01875 0.01875
0 0.1875 0.86875 0.015625 0.01875
0 0.4328125 0.74765625 0.0125 0.0171875
0 0.02734375 0.6671875 0.0109375 0.0125
0 0.39609375 0.62734375 0.0078125 0.0078125
0 0.65546875 0.56953125 0.0046875 0.0078125
0 1.05703125 0.99453125 0.0265625 0.0453125
0 0.9296875 0.86328125 0.01875 0.0296875
0 1.00625 0.64921875 0.0125 0.0140625
0 1.465625 0.85234375 0.021875 0.0234375
0 1.3796875 0.98125 0.034375 0.04375
0 1.4578125 0.94609375 0.04375 0.0484375
0 1.51171875 0.66953125 0.0140625 0.0140625
0 1.29375 1.0140625 0.0375 0.053125
