0 0.15625 0.4953125 0.021875 0.040625
0 0.2765625 0.55078125 0.028125 0.0328125
0 0.628125 0.4890625 0.021875 0.021875
0 0.74765625 0.4171875 0.0265625 0.028125
0 0.7515625 0.4546875 0.01875 0.03125
0 0.66171875 0.7015625 0.0234375 0.028125
0 0.84609375 0.61015625 0.0328125 0.0453125
0 0.91953125 0.4859375 0.0296875 0.034375
0 1.05625 0.553125 0.028125 0.03125
0 1.125 0.5703125 0.034375 0.04375
0 1.04140625 0.60703125 0.0359375 0.0421875
0 1.32890625 0.6859375 0.0296875 0.0375
0 1.4890625 0.7359375 0.028125 0.0375
0 1.3625 0.40390625 0.025 0.0140625
0 0.1828125 0.53671875 0.025 0.0359375
0 1.540625 0.640625 0.01875 0.01875
