0 0.06640625 0.60078125 0.0203125 0.0296875
0 0.0765625 0.5640625 0.028125 0.034375
0 0.171875 0.41015625 0.025 0.0296875
0 0.13125 0.39140625 0.015625 0.0296875
0 0.08359375 0.37109375 0.0234375 0.0296875
0 0.21640625 0.59140625 0.0171875 0.0265625
0 0.38984375 0.5734375 0.0203125 0.025
0 0.44609375 0.60390625 0.0234375 0.0296875
0 0.53671875 0.584375 0.0203125 0.025
0 0.259375 0.415625 0.01875 0.034375
0 0.3140625 0.4109375 0.021875 0.028125
0 0.2 0.371875 0.021875 0.025
0 0.16640625 0.36796875 0.0234375 0.0265625
0 0.2234375 0.36796875 0.01875 0.0296875
0 0.2546875 0.38515625 0.021875 0.0265625
0 0.28828125 0.39375 0.0203125 0.025
0 0.3375 0.36640625 0.021875 0.0234375
0 0.365625 0.3875 0.021875 0.021875
0 0.3484375 0.41171875 0.025 0.0328125
0 0.3984375 0.415625 0.021875 0.034375
0 0.4328125 0.41796875 0.025 0.0296875
0 0.46484375 0.40703125 0.0234375 0.0203125
0 0.41953125 0.38828125 0.0203125 0.0265625
0 0.44765625 0.378125 0.0234375 0.028125
0 0.4875 0.3796875 0.021875 0.025
0 0.51875 0.3921875 0.025 0.028125
0 0.54609375 0.421875 0.0171875 0.021875
0 0.52578125 0.43515625 0.0203125 0.0265625
0 0.48515625 0.46796875 0.0203125 0.0265625
0 0.58125 0.40859375 0.021875 0.0296875
0 0.6109375 0.40859375 0.021875 0.0265625
0 0.6375 0.41484375 0.01875 0.0296875
0 0.60234375 0.59765625 0.0203125 0.0234375
0 0.63125 0.53515625 0.01875 0.0265625
0 0.64765625 0.57265625 0.0203125 0.0234375
0 0.60234375 0.38671875 0.0140625 0.0171875
0 0.621875 0.3921875 0.01875 0.021875
0 0.65859375 0.39609375 0.0203125 0.0234375
0 0.71171875 0.52421875 0.0203125 0.0296875
0 0.78515625 0.55390625 0.0234375 0.0296875
0 0.78515625 0.5203125 0.0203125 0.021875
0 0.81484375 0.48203125 0.0234375 0.0265625
0 0.73671875 0.47421875 0.0171875 0.0234375
0 0.771875 0.39140625 0.021875 0.0265625
0 0.74140625 0.4140625 0.0203125 0.025
0 0.725 0.378125 0.021875 0.021875
0 0.690625 0.40078125 0.01875 0.0203125
0 0.76484375 0.32890625 0.0203125 0.0234375
0 0.85390625 0.403125 0.0234375 0.03125
0 0.88203125 0.3640625 0.0203125 0.025
0 0.90390625 0.4 0.0234375 0.025
0 0.9375 0.38828125 0.021875 0.0234375
0 0.90859375 0.37578125 0.0203125 0.0265625
0 0.98046875 0.35390625 0.0203125 0.0296875
0 1.03671875 0.3578125 0.0234375 0.028125
0 1.01484375 0.37890625 0.0265625 0.0296875
0 0.98828125 0.41171875 0.0234375 0.0265625
0 1.0046875 0.41796875 0.021875 0.0265625
0 0.890625 0.50234375 0.021875 0.0265625
0 0.8453125 0.55859375 0.025 0.0328125
0 0.90625 0.55390625 0.025 0.0296875
0 0.9453125 0.57421875 0.021875 0.0296875
0 0.98359375 0.5625 0.0171875 0.01875
0 1.05546875 0.54140625 0.0171875 0.0234375
0 1.103125 0.5171875 0.021875 0.025
0 1.084375 0.5828125 0.015625 0.025
0 1.05859375 0.39375 0.0203125 0.028125
0 1.07734375 0.41953125 0.0265625 0.0328125
0 1.10078125 0.353125 0.0203125 0.028125
0 1.1359375 0.36171875 0.021875 0.0234375
0 1.13984375 0.390625 0.0234375 0.025
0 1.15078125 0.41875 0.0265625 0.03125
0 1.1765625 0.35546875 0.021875 0.0203125
0 1.1875 0.38671875 0.021875 0.0234375
0 1.2109375 0.38125 0.021875 0.025
0 1.16171875 0.5890625 0.0234375 0.025
0 1.19609375 0.58671875 0.0171875 0.0265625
0 1.2296875 0.4046875 0.021875 0.028125
0 1.22734375 0.3640625 0.0203125 0.025
0 1.26328125 0.38515625 0.0203125 0.0328125
0 1.27421875 0.4 0.0109375 0.0125
0 1.29921875 0.3890625 0.0234375 0.028125
0 1.3109375 0.41875 0.021875 0.03125
0 1.30078125 0.35625 0.0203125 0.025
0 1.35859375 0.3546875 0.0234375 0.01875
0 1.3625 0.384375 0.025 0.028125
0 1.39375 0.38125 0.021875 0.028125
0 1.41484375 0.39375 0.0203125 0.025
0 1.48828125 0.334375 0.0203125 0.015625
0 1.515625 0.35859375 0.025 0.0390625
0 1.48984375 0.40234375 0.0203125 0.0265625
0 1.39296875 0.49609375 0.0296875 0.0328125
0 1.346875 0.50546875 0.028125 0.0296875
0 1.23984375 0.59921875 0.0140625 0.0234375
0 0.1828125 0.3390625 0.01875 0.025
0 0.94453125 0.3625 0.0234375 0.028125
