0 0.0375 0.48125 0.0375 0.040625
0 0.19765625 0.48984375 0.0359375 0.0421875
0 0.30078125 0.45859375 0.0328125 0.0421875
0 0.1484375 0.3234375 0.015625 0.01875
0 0.1828125 0.3328125 0.0125 0.015625
0 0.3890625 0.4578125 0.040625 0.0375
0 0.48828125 0.44140625 0.0328125 0.0546875
0 0.5921875 0.4625 0.0375 0.05
0 0.74296875 0.325 0.0359375 0.040625
0 0.83671875 0.45078125 0.0421875 0.0453125
0 1.03984375 0.28046875 0.0234375 0.0265625
0 1.12109375 0.34140625 0.0390625 0.0703125
0 1.16484375 0.35625 0.0421875 0.078125
0 1.540625 0.396875 0.05 0.075
0 1.390625 0.39765625 0.01875 0.0234375
0 1.5828125 0.2953125 0.034375 0.040625
