0 0.11796875 0.81171875 0.0109375 0.0109375
0 0.2 0.8109375 0.0125 0.0125
0 0.2671875 0.80703125 0.0125 0.0140625
0 0.346875 0.7953125 0.015625 0.01875
0 0.421875 0.815625 0.015625 0.01875
0 0.4765625 0.8015625 0.0125 0.015625
0 0.52578125 0.8 0.0171875 0.021875
0 0.6125 0.80625 0.009375 0.0125
0 0.6796875 0.85546875 0.0125 0.0171875
0 0.87578125 0.8234375 0.0109375 0.01875
0 1.00390625 0.81875 0.0078125 0.009375
0 1.0515625 0.80625 0.00625 0.00625
0 1.32109375 0.8953125 0.0203125 0.028125
0 1.4625 0.81328125 0.028125 0.0390625
0 1.3328125 0.79453125 0.00625 0.0078125
0 1.2515625 0.78671875 0.00625 0.0078125
0 0.8015625 0.81484375 0.009375 0.0109375
0 0.90546875 0.8046875 0.0078125 0.009375
0 1.2484375 0.7484375 0.00625 0.00625
0 0.14609375 0.81875 0.0078125 0.009375
0 0.19765625 0.83515625 0.0078125 0.0109375
0 0.0453125 0.81796875 0.00625 0.0078125
0 0.0984375 0.81953125 0.009375 0.0078125
0 0.0671875 0.80234375 0.00625 0.0078125
0 0.56875 0.828125 0.009375 0.009375
0 0.28671875 0.8015625 0.0046875 0.00625
0 1.2796875 0.8 0.00625 0.009375
