0 0.1 0.30859375 0.0125 0.0109375
0 0.225 0.29375 0.009375 0.0125
0 0.66796875 0.4390625 0.0109375 0.015625
0 1.4453125 0.42734375 0.025 0.0390625
0 1.55 0.43671875 0.03125 0.0421875
0 1.3828125 0.51640625 0.015625 0.0203125
0 1.396875 0.540625 0.015625 0.015625
0 1.27734375 0.47890625 0.0109375 0.0140625
0 1.28125 0.5078125 0.0125 0.01875
0 0.06484375 0.3 0.0109375 0.0125
0 0.3765625 0.34609375 0.00625 0.0078125
0 0.36484375 0.34765625 0.0078125 0.0109375
0 0.49921875 0.33515625 0.0109375 0.0140625
0 1.29140625 0.43125 0.0078125 0.0125
0 1.303125 0.49921875 0.009375 0.0140625
0 1.21640625 0.49921875 0.0078125 0.0109375
0 1.23515625 0.509375 0.0109375 0.0125
0 1.26875 0.5078125 0.009375 0.0125
0 1.37734375 0.534375 0.0109375 0.009375
0 1.384375 0.559375 0.0125 0.015625
0 1.39296875 0.578125 0.0109375 0.0125
0 1.37421875 0.55234375 0.0109375 0.0140625
0 1.32421875 0.528125 0.0140625 0.015625
