0 0.03125 0.50625 0.025 0.0625
0 0.0796875 0.52578125 0.05625 0.0578125
0 0.171875 0.5328125 0.034375 0.04375
0 0.35234375 0.5484375 0.0453125 0.05
0 0.44375 0.54296875 0.0375 0.0453125
0 0.6265625 0.57421875 0.040625 0.0640625
0 0.52890625 0.58671875 0.0109375 0.0140625
0 0.76875 0.51875 0.015625 0.01875
0 0.84609375 0.50390625 0.0140625 0.0171875
0 1.1109375 0.53046875 0.025 0.0296875
0 1.23828125 0.56640625 0.0421875 0.0578125
0 1.359375 0.52109375 0.04375 0.0421875
0 1.540625 0.521875 0.05 0.06875
0 1.221875 0.51171875 0.015625 0.0203125
0 0.21484375 0.50078125 0.0078125 0.0109375
0 0.28125 0.484375 0.009375 0.0125
0 0.30859375 0.48671875 0.0046875 0.0078125
0 1.18125 0.540625 0.015625 0.021875
0 0.59921875 0.61640625 0.0140625 0.0171875
0 0.81484375 0.50546875 0.0109375 0.0109375
0 0.78359375 0.5015625 0.0109375 0.015625
0 0.90703125 0.5140625 0.0109375 0.0125
