0 0.04921875 0.73125 0.0296875 0.046875
0 0.08515625 0.7765625 0.0390625 0.046875
0 0.04140625 0.81328125 0.0265625 0.0453125
0 0.15 0.72890625 0.034375 0.0453125
0 0.31796875 0.77734375 0.0421875 0.0484375
0 0.41484375 0.8234375 0.0390625 0.040625
0 0.5890625 0.91171875 0.028125 0.0328125
0 0.53125 0.75078125 0.015625 0.0203125
0 0.4046875 0.7578125 0.015625 0.021875
0 0.63359375 0.74765625 0.0171875 0.0171875
0 1.084375 0.74375 0.01875 0.021875
0 0.803125 0.74140625 0.01875 0.0171875
0 0.85546875 1.08828125 0.0328125 0.0359375
0 0.759375 0.76015625 0.0125 0.0171875
0 1.16875 0.7859375 0.025 0.025
0 1.43046875 0.93125 0.0359375 0.084375
0 1.48828125 0.96796875 0.0265625 0.0421875
0 1.225 1.075 0.06875 0.096875
0 1.14921875 0.72890625 0.0171875 0.0171875
0 1.45625 0.73359375 0.015625 0.0140625
0 1.4828125 0.83828125 0.021875 0.0234375
0 1.2578125 0.84140625 0.034375 0.0328125
0 1.37890625 0.7203125 0.0140625 0.01875
0 1.23125 0.70234375 0.0125 0.0171875
0 0.8609375 0.85546875 0.021875 0.0203125
0 0.840625 0.7421875 0.009375 0.0125
0 0.6765625 0.76640625 0.015625 0.0171875
0 1.0046875 0.88828125 0.025 0.0203125
0 0.66015625 0.91796875 0.0171875 0.0265625
0 0.48515625 0.70625 0.0109375 0.0125
0 0.26484375 0.76640625 0.0265625 0.0421875
0 0.734375 1.06640625 0.021875 0.0359375
0 0.965625 0.715625 0.0125 0.01875
0 0.01796875 0.7578125 0.0359375 0.0375
0 0.359375 0.6953125 0.0125 0.0125
0 0.29453125 0.69765625 0.0109375 0.0109375
0 0.73046875 0.7421875 0.0109375 0.0125
0 0.91328125 0.6875 0.0109375 0.0125
0 0.93828125 0.9015625 0.0265625 0.025
0 1.41484375 0.71875 0.0171875 0.021875
