0 0.571875 0.140625 0.0125 0.01875
0 0.6015625 0.15 0.009375 0.015625
0 0.68671875 0.1453125 0.0109375 0.015625
0 0.7484375 0.14453125 0.009375 0.0171875
0 0.78359375 0.14453125 0.0109375 0.0203125
0 0.7140625 0.14609375 0.009375 0.0171875
0 0.8546875 0.15546875 0.0125 0.0171875
0 0.95859375 0.14609375 0.0140625 0.0171875
0 1.01953125 0.1640625 0.0140625 0.01875
0 1.06015625 0.14921875 0.0078125 0.0140625
0 1.1265625 0.1515625 0.009375 0.0125
0 1.18359375 0.15 0.0078125 0.015625
0 1.25390625 0.140625 0.0109375 0.01875
0 1.40390625 0.16015625 0.0078125 0.0140625
0 1.44453125 0.153125 0.0140625 0.01875
0 0.1375 0.16640625 0.0125 0.0171875
0 0.05859375 0.22265625 0.0484375 0.0546875
0 0.1515625 0.21328125 0.03125 0.0390625
0 0.23984375 0.31328125 0.0453125 0.0671875
0 0.32734375 0.309375 0.0234375 0.0375
0 0.46953125 0.43984375 0.0265625 0.0515625
0 0.6859375 0.48359375 0.028125 0.0265625
0 0.8859375 0.56171875 0.0125 0.0171875
0 0.93203125 0.54765625 0.0109375 0.0140625
0 0.9390625 0.58671875 0.009375 0.0109375
0 1.02109375 0.58203125 0.0078125 0.0140625
0 1.09609375 0.58359375 0.0078125 0.0140625
0 1.2921875 0.83046875 0.0125 0.0234375
0 1.26875 0.925 0.021875 0.03125
0 1.42890625 0.55390625 0.0109375 0.0140625
0 1.3546875 0.55 0.009375 0.0125
0 1.3625 0.596875 0.0125 0.015625
0 1.3765625 0.6203125 0.00625 0.015625
0 1.40859375 0.6859375 0.0140625 0.01875
0 1.55390625 0.60546875 0.0109375 0.0140625
0 1.575 0.625 0.0125 0.015625
0 1.55078125 0.646875 0.0109375 0.015625
0 1.01796875 0.65390625 0.0296875 0.0421875
0 0.9109375 0.73359375 0.028125 0.0453125
0 1.25390625 0.72734375 0.0109375 0.0203125
0 1.2140625 0.6328125 0.009375 0.0125
0 1.153125 0.62734375 0.009375 0.0140625
0 1.459375 0.86875 0.01875 0.025
0 1.45390625 0.92421875 0.0265625 0.0328125
0 1.53828125 0.14765625 0.0140625 0.0140625
0 1.5859375 0.15234375 0.009375 0.0140625
0 0.8453125 0.55703125 0.00625 0.0109375
0 0.834375 0.67421875 0.01875 0.0359375
0 0.3015625 0.14609375 0.0125 0.0140625
0 0.4125 0.13515625 0.0125 0.0203125
0 0.971875 0.1546875 0.009375 0.0125
0 1.22578125 0.57578125 0.0078125 0.0109375
0 1.2515625 0.59765625 0.00625 0.0109375
0 1.296875 0.6546875 0.009375 0.0125
