0 0.38125 0.20859375 0.046875 0.0703125
0 0.34921875 0.28125 0.0484375 0.0625
0 0.39140625 0.328125 0.0609375 0.0875
0 0.4421875 0.3796875 0.071875 0.090625
0 0.49140625 0.26015625 0.0421875 0.0578125
0 0.5453125 0.259375 0.053125 0.065625
0 0.590625 0.2953125 0.059375 0.065625
0 0.653125 0.30625 0.04375 0.06875
0 0.7171875 0.37890625 0.059375 0.0859375
0 0.79140625 0.33515625 0.0390625 0.0734375
0 0.771875 0.29296875 0.03125 0.0640625
0 0.71875 0.215625 0.021875 0.028125
0 0.765625 0.221875 0.01875 0.025
0 0.49296875 0.21953125 0.0296875 0.0359375
0 0.41328125 0.278125 0.0390625 0.05
0 0.69453125 0.23828125 0.0171875 0.0296875
0 0.8546875 0.2375 0.028125 0.04375
0 0.85703125 0.3 0.0390625 0.046875
0 0.92421875 0.3234375 0.0671875 0.096875
0 1.00625 0.4359375 0.1125 0.134375
0 1.11796875 0.3078125 0.0359375 0.071875
0 1.17734375 0.31171875 0.0328125 0.0546875
0 1.15625 0.4078125 0.059375 0.05625
0 1.0953125 0.46171875 0.046875 0.0796875
0 1.325 0.42890625 0.034375 0.0734375
0 1.40234375 0.5078125 0.0984375 0.153125
0 0.5671875 0.61953125 0.090625 0.0515625
0 0.57265625 0.78359375 0.0890625 0.1484375
0 0.071875 0.76484375 0.140625 0.1171875
0 0.5234375 0.1734375 0.01875 0.01875
0 0.6015625 0.20078125 0.021875 0.0234375
0 1.44375 0.42578125 0.040625 0.0609375
