0 0.52578125 0.80078125 0.0296875 0.0515625
0 0.62265625 0.703125 0.0328125 0.059375
0 0.64140625 0.76953125 0.0203125 0.0359375
0 0.63984375 0.29921875 0.0171875 0.0359375
0 0.53203125 0.32421875 0.0265625 0.0328125
0 0.60390625 0.28203125 0.0203125 0.0359375
0 0.67421875 0.30234375 0.0265625 0.0328125
0 0.725 0.35390625 0.025 0.0328125
0 0.75234375 0.36328125 0.0234375 0.0296875
0 0.51875 0.13046875 0.01875 0.0265625
0 0.628125 0.121875 0.021875 0.028125
0 0.65234375 0.1390625 0.0171875 0.021875
0 0.67578125 0.1375 0.0109375 0.021875
0 1.57890625 0.72265625 0.0421875 0.0703125
