0 1.3125 0.371875 0.025 0.03125
0 1.18984375 0.38828125 0.0296875 0.0328125
0 1.48671875 0.39453125 0.0296875 0.0390625
0 1.534375 0.671875 0.05625 0.0625
0 1.2671875 0.99609375 0.084375 0.0890625
0 1.21953125 0.70625 0.0671875 0.06875
0 0.828125 0.58125 0.053125 0.053125
0 0.80390625 0.8125 0.0484375 0.059375
0 0.61328125 0.7453125 0.0578125 0.04375
0 0.41796875 0.70703125 0.0390625 0.0359375
0 0.5 0.48125 0.05 0.05
0 0.3828125 0.54921875 0.03125 0.0421875
0 0.46484375 0.3828125 0.0359375 0.046875
0 0.41953125 0.36015625 0.0359375 0.0359375
0 0.14765625 0.4203125 0.0328125 0.040625
