0 0.35625 0.47421875 0.021875 0.0265625
0 0.40703125 0.48046875 0.0203125 0.0234375
0 0.48671875 0.509375 0.0171875 0.01875
0 0.56015625 0.50625 0.0171875 0.021875
0 0.24765625 0.45859375 0.0234375 0.0265625
0 0.178125 0.51484375 0.01875 0.0203125
0 0.26640625 0.46484375 0.0203125 0.0234375
0 0.70234375 0.478125 0.0203125 0.028125
0 0.6125 0.50390625 0.01875 0.0265625
0 0.74296875 0.49375 0.0171875 0.025
0 0.7984375 0.5046875 0.021875 0.025
0 1.0109375 0.49609375 0.021875 0.0296875
0 0.97734375 0.5015625 0.0203125 0.025
0 0.9375 0.50859375 0.01875 0.0265625
0 0.875 0.50234375 0.01875 0.0265625
0 1.0828125 0.50859375 0.015625 0.0203125
0 1.196875 0.5171875 0.021875 0.025
