0 1.46015625 0.11953125 0.0765625 0.0859375
0 1.2984375 0.1609375 0.10625 0.1125
0 1.18828125 0.09375 0.0921875 0.0875
0 1.13984375 0.08828125 0.0578125 0.0734375
0 1.584375 0.146875 0.03125 0.1
0 0.7015625 0.2234375 0.121875 0.11875
0 0.92265625 0.09140625 0.0796875 0.0890625
0 0.834375 0.0921875 0.06875 0.0875
0 0.58828125 0.03515625 0.0734375 0.0640625
0 0.52421875 0.0296875 0.0609375 0.053125
0 0.44375 0.09765625 0.08125 0.0953125
0 0.47734375 0.36875 0.0890625 0.121875
0 0.21328125 0.05234375 0.0734375 0.0921875
0 0.31328125 0.1734375 0.0734375 0.0875
0 0.35234375 0.040625 0.0734375 0.078125
0 0.065625 0.1765625 0.071875 0.0875
0 0.09921875 0.07421875 0.0734375 0.0890625
0 1.08828125 0.02421875 0.0671875 0.0484375
