0 0.0703125 0.18125 0.04375 0.05
0 0.13828125 0.2875 0.0234375 0.03125
0 0.134375 0.346875 0.0375 0.0375
0 0.2234375 0.3671875 0.025 0.03125
0 0.38125 0.3640625 0.028125 0.0375
0 0.4171875 0.34609375 0.0375 0.0421875
0 0.509375 0.3140625 0.034375 0.046875
0 0.55390625 0.23359375 0.0203125 0.0296875
0 0.59140625 0.31171875 0.0328125 0.0421875
0 0.62265625 0.31875 0.0203125 0.03125
0 0.73125 0.21484375 0.028125 0.0390625
0 0.8234375 0.2046875 0.03125 0.04375
0 0.85625 0.196875 0.03125 0.046875
0 0.97265625 0.0765625 0.0296875 0.05
0 1.05859375 0.059375 0.0234375 0.0375
0 1.09921875 0.1078125 0.0234375 0.040625
0 1.15703125 0.3234375 0.0328125 0.053125
0 1.3671875 0.4703125 0.090625 0.14375
