0 0.13359375 0.39609375 0.0640625 0.0734375
0 0.41640625 0.3734375 0.0734375 0.0875
0 0.6328125 0.40703125 0.05625 0.0671875
0 0.67890625 0.3671875 0.0171875 0.021875
0 0.4921875 0.43984375 0.015625 0.0203125
0 0.51640625 0.47421875 0.0265625 0.0328125
0 0.5734375 0.4578125 0.025 0.034375
0 0.721875 0.42265625 0.046875 0.0578125
0 0.8296875 0.33203125 0.015625 0.0203125
0 0.74765625 0.41640625 0.0109375 0.0203125
0 0.88125 0.43828125 0.015625 0.0203125
0 0.85546875 0.4359375 0.0140625 0.01875
0 0.834375 0.4671875 0.03125 0.034375
0 0.8015625 0.403125 0.0125 0.025
0 0.83828125 0.4078125 0.0140625 0.021875
0 0.9109375 0.3875 0.0125 0.025
0 1.00546875 0.39375 0.0640625 0.0875
0 1.06953125 0.35234375 0.0140625 0.0234375
0 1.078125 0.37890625 0.015625 0.0265625
0 1.04609375 0.4109375 0.0140625 0.025
0 1.1234375 0.36484375 0.015625 0.0265625
0 1.134375 0.38203125 0.01875 0.0265625
0 1.1984375 0.34296875 0.025 0.0328125
0 1.18515625 0.4 0.0265625 0.034375
0 1.21875 0.40703125 0.028125 0.0328125
0 1.18203125 0.44609375 0.0234375 0.0265625
0 1.3046875 0.39609375 0.059375 0.0703125
0 1.3953125 0.39765625 0.021875 0.0359375
0 1.421875 0.34453125 0.021875 0.0296875
0 1.44765625 0.42421875 0.0390625 0.0484375
0 1.50234375 0.43125 0.0390625 0.053125
0 1.53671875 0.39921875 0.0203125 0.0296875
0 0.084375 0.46484375 0.021875 0.0265625
0 0.01171875 0.45 0.0171875 0.025
0 0.0640625 0.44921875 0.01875 0.0171875
0 0.79453125 0.37421875 0.0171875 0.0234375
0 0.753125 0.45625 0.015625 0.01875
0 0.80703125 0.47109375 0.0140625 0.0203125
0 0.7734375 0.44140625 0.015625 0.0171875
0 0.34765625 0.415625 0.0109375 0.015625
0 0.30859375 0.4234375 0.0078125 0.0125
