0 0.24921875 0.084375 0.0359375 0.08125
0 0.29609375 0.10625 0.0140625 0.021875
0 0.396875 0.0671875 0.034375 0.046875
0 0.57109375 0.11328125 0.0140625 0.0171875
0 0.5875 0.10703125 0.009375 0.0171875
0 0.634375 0.09765625 0.021875 0.0328125
0 0.671875 0.0859375 0.021875 0.0375
0 0.75859375 0.1125 0.0234375 0.0375
0 0.7734375 0.1234375 0.021875 0.034375
0 0.85078125 0.0640625 0.0328125 0.04375
0 0.6984375 0.08203125 0.025 0.0296875
0 1.02265625 0.109375 0.0515625 0.059375
0 1.14375 0.1015625 0.04375 0.065625
0 0.7265625 0.090625 0.025 0.028125
0 0.94453125 0.08984375 0.0390625 0.0453125
