0 0.49765625 0.22265625 0.0078125 0.0109375
0 0.44609375 0.30390625 0.0171875 0.0171875
0 0.57578125 0.23671875 0.0109375 0.0140625
0 0.54453125 0.2390625 0.0078125 0.0125
0 0.62421875 0.23671875 0.0078125 0.0140625
0 0.6640625 0.225 0.009375 0.0125
0 0.96015625 0.3671875 0.0234375 0.03125
0 1.1515625 0.2953125 0.009375 0.0125
0 1.18125 0.35703125 0.021875 0.0265625
0 0.7359375 0.378125 0.025 0.025
0 0.77265625 0.23359375 0.0109375 0.0140625
0 0.49765625 0.3453125 0.0171875 0.021875
0 0.54140625 0.3265625 0.0140625 0.01875
0 0.815625 0.34453125 0.015625 0.0265625
0 0.75546875 0.31953125 0.0140625 0.0265625
0 0.6953125 0.31875 0.01875 0.021875
0 0.10078125 0.36875 0.0296875 0.028125
0 0.20625 0.38984375 0.028125 0.0296875
0 0.24140625 0.36953125 0.0234375 0.0234375
0 0.37578125 0.37109375 0.0265625 0.0296875
0 0.39921875 0.3296875 0.0234375 0.03125
0 0.425 0.21953125 0.0125 0.0265625
0 0.884375 0.21171875 0.028125 0.0359375
0 0.9984375 0.2296875 0.01875 0.025
0 0.66328125 0.3703125 0.0234375 0.025
0 0.45390625 0.340625 0.0203125 0.028125
0 1.1 0.334375 0.01875 0.021875
0 1.3265625 0.3125 0.021875 0.025
0 1.20703125 0.296875 0.0203125 0.021875
0 1.4890625 0.340625 0.021875 0.021875
0 1.39921875 0.34140625 0.0203125 0.0203125
0 0.1828125 0.24296875 0.0125 0.0171875
0 0.3171875 0.2359375 0.009375 0.015625
0 0.35078125 0.240625 0.0078125 0.009375
0 0.82890625 0.23671875 0.0109375 0.0140625
