0 0.103125 0.73203125 0.09375 0.1078125
0 0.16875 0.81640625 0.04375 0.0546875
0 0.29921875 0.80234375 0.0796875 0.1109375
0 0.40078125 0.7875 0.0453125 0.05625
0 0.4484375 0.8046875 0.046875 0.059375
0 0.49296875 0.8015625 0.0546875 0.071875
0 0.67578125 0.77421875 0.0578125 0.0734375
0 0.8109375 0.81328125 0.075 0.0890625
0 0.70078125 0.92734375 0.0671875 0.0828125
0 0.93359375 0.9046875 0.0859375 0.103125
0 1.07578125 0.89375 0.0828125 0.096875
0 1.13125 0.81484375 0.10625 0.1078125
0 0.79765625 1.12578125 0.0734375 0.0890625
0 0.95703125 1.21015625 0.0828125 0.0734375
0 1.11484375 1.18984375 0.0890625 0.0921875
0 0.5 1.03203125 0.096875 0.0703125
0 0.64140625 1.1578125 0.0828125 0.103125
0 0.51015625 1.24921875 0.0984375 0.1203125
