0 0.2578125 0.2578125 0.053125 0.084375
0 0.25 0.5171875 0.10625 0.159375
0 0.553125 0.346875 0.15625 0.2375
0 0.721875 0.3078125 0.053125 0.06875
0 0.90859375 0.33203125 0.0484375 0.0609375
0 0.96953125 0.4359375 0.1078125 0.15
0 1.11875 0.34765625 0.146875 0.2359375
0 1.16796875 0.4375 0.0578125 0.11875
0 1.31484375 0.353125 0.0578125 0.075
0 1.54296875 0.44453125 0.1140625 0.2109375
0 1.18125 0.40625 0.075 0.121875
0 0.47265625 0.48828125 0.0796875 0.1015625
0 0.08125 0.40625 0.034375 0.046875
