0 0.09140625 0.56640625 0.0109375 0.0171875
0 0.1234375 0.59921875 0.0375 0.0453125
0 0.04453125 0.56640625 0.0140625 0.0171875
0 0.24765625 0.6203125 0.0328125 0.04375
0 0.37421875 0.6796875 0.0265625 0.040625
0 0.40390625 0.665625 0.0234375 0.028125
0 0.421875 0.61796875 0.028125 0.0328125
0 0.50625 0.6109375 0.028125 0.034375
0 0.4859375 0.67734375 0.028125 0.0328125
0 0.540625 0.67265625 0.021875 0.0296875
0 0.59765625 0.60703125 0.0234375 0.0328125
0 0.6453125 0.60703125 0.025 0.0328125
0 0.6171875 0.6828125 0.028125 0.040625
0 0.66875 0.659375 0.025 0.03125
0 0.534375 0.7921875 0.03125 0.04375
0 0.7390625 0.6203125 0.025 0.028125
0 0.79921875 0.62578125 0.0234375 0.0296875
0 0.85 0.62109375 0.025 0.0328125
0 0.89140625 0.64296875 0.0265625 0.0296875
0 0.7515625 0.69765625 0.025 0.0328125
0 0.75546875 0.790625 0.0328125 0.04375
0 0.884375 0.68984375 0.028125 0.0390625
0 0.97578125 0.63125 0.0234375 0.021875
0 1.00859375 0.70703125 0.0296875 0.0328125
0 1.034375 0.61875 0.034375 0.03125
0 1.15546875 0.63984375 0.0328125 0.0359375
0 1.25390625 0.665625 0.0296875 0.03125
0 1.34765625 0.6578125 0.0296875 0.0375
0 0.36953125 0.58984375 0.0109375 0.0109375
0 0.38828125 0.5859375 0.0109375 0.0125
