0 0.4015625 0.46484375 0.0375 0.0328125
0 0.47421875 0.496875 0.0265625 0.0375
0 0.51875 0.4828125 0.01875 0.0375
0 0.56953125 0.4671875 0.0328125 0.0375
0 0.67109375 0.50234375 0.0265625 0.0359375
0 0.73671875 0.4921875 0.0234375 0.03125
0 0.828125 0.5125 0.034375 0.034375
0 0.9359375 0.4875 0.025 0.0375
0 0.978125 0.503125 0.028125 0.03125
0 1.08046875 0.49375 0.0203125 0.034375
0 1.10078125 0.48515625 0.0359375 0.0390625
0 1.21640625 0.54609375 0.0140625 0.0140625
0 0.02109375 0.4875 0.0171875 0.025
0 1.16484375 0.54453125 0.0140625 0.0234375
0 1.2953125 0.55234375 0.015625 0.0171875
