0 0.3671875 0.72734375 0.028125 0.0359375
0 0.41796875 0.7234375 0.0296875 0.0375
0 0.47421875 0.703125 0.0265625 0.034375
0 0.51328125 0.6859375 0.0234375 0.03125
0 0.5421875 0.65078125 0.021875 0.0296875
0 0.63359375 0.6625 0.0265625 0.03125
0 0.7234375 0.67421875 0.025 0.0328125
0 0.74140625 0.65234375 0.0234375 0.0328125
0 0.79765625 0.64609375 0.0296875 0.0390625
0 0.8484375 0.66796875 0.025 0.0328125
0 0.89296875 0.6390625 0.0203125 0.028125
0 0.9265625 0.66796875 0.025 0.0296875
0 0.99453125 0.64921875 0.0234375 0.0359375
0 0.9734375 0.69609375 0.028125 0.0359375
0 1.04921875 0.70859375 0.0265625 0.0421875
0 1.090625 0.66875 0.025 0.03125
0 1.1859375 0.6484375 0.021875 0.025
0 1.15546875 0.6890625 0.0265625 0.03125
0 1.0828125 0.72421875 0.028125 0.0359375
0 1.1984375 0.6875 0.025 0.03125
0 1.25390625 0.6921875 0.0296875 0.0375
0 1.29453125 0.66640625 0.0234375 0.0296875
0 1.353125 0.6609375 0.025 0.034375
0 1.35 0.7046875 0.028125 0.0375
0 1.46796875 0.68046875 0.0234375 0.0296875
0 1.5671875 0.6 0.025 0.034375
0 0.0453125 0.7109375 0.028125 0.034375
0 0.12421875 0.690625 0.0296875 0.034375
0 0.178125 0.73671875 0.028125 0.0359375
0 0.2265625 0.66953125 0.021875 0.0328125
0 0.2375 0.7125 0.025 0.034375
0 0.27421875 0.71171875 0.0265625 0.0328125
0 0.31640625 0.6859375 0.0265625 0.0375
0 0.38515625 0.684375 0.0234375 0.034375
0 0.421875 0.6609375 0.021875 0.028125
