0 0.153125 0.48046875 0.025 0.0390625
0 0.178125 0.47109375 0.028125 0.0328125
0 0.325 0.48828125 0.025 0.0359375
0 0.55234375 0.48203125 0.0265625 0.0359375
0 0.78359375 0.4890625 0.0296875 0.040625
0 0.97578125 0.4875 0.0265625 0.0375
0 1.14296875 0.48046875 0.0296875 0.0359375
0 1.1796875 0.4796875 0.025 0.0375
0 1.24765625 0.5046875 0.0265625 0.0375
0 1.43671875 0.49375 0.0234375 0.0375
0 1.56015625 0.490625 0.0234375 0.034375
0 1.58125 0.4953125 0.015625 0.03125
0 1.5921875 0.49765625 0.015625 0.0328125
0 0.39609375 0.465625 0.0234375 0.0375
0 1.021875 0.47578125 0.028125 0.0359375
0 0.5875 0.4671875 0.025 0.0375
