0 0.06015625 0.43125 0.0234375 0.046875
0 0.08125 0.46328125 0.034375 0.0390625
0 0.1171875 0.4609375 0.021875 0.025
0 0.14296875 0.43515625 0.0171875 0.0171875
0 1.22265625 0.440625 0.0234375 0.025
0 1.3296875 0.4453125 0.034375 0.040625
0 1.36015625 0.4359375 0.0203125 0.03125
0 1.375 0.43984375 0.025 0.0234375
0 1.42265625 0.4359375 0.0296875 0.040625
0 0.56640625 0.45703125 0.0296875 0.0359375
0 0.621875 0.43671875 0.025 0.0328125
0 0.653125 0.428125 0.021875 0.028125
0 0.68671875 0.42578125 0.0203125 0.0265625
0 0.72734375 0.48203125 0.0265625 0.0359375
0 0.74140625 0.43984375 0.0171875 0.0265625
0 0.77578125 0.459375 0.0203125 0.025
0 0.81796875 0.43984375 0.0171875 0.0203125
0 0.83046875 0.47578125 0.0265625 0.0328125
0 0.8515625 0.52109375 0.028125 0.0296875
0 0.90390625 0.425 0.0203125 0.034375
0 0.4546875 0.67734375 0.04375 0.0609375
0 0.73984375 0.70625 0.0359375 0.05625
0 1.0078125 0.359375 0.06875 0.109375
0 1.13203125 0.46796875 0.0296875 0.0359375
0 1.47734375 0.4453125 0.0359375 0.0375
0 1.5171875 0.4265625 0.046875 0.05625
0 0.23515625 0.465625 0.0171875 0.025
0 0.40703125 0.47421875 0.0234375 0.0359375
0 0.21640625 0.45 0.0109375 0.025
0 0.265625 0.471875 0.015625 0.01875
0 0.31015625 0.45 0.0140625 0.015625
0 0.24609375 0.45 0.0109375 0.01875
0 0.29296875 0.46640625 0.0109375 0.0109375
0 0.33515625 0.4734375 0.0359375 0.040625
0 0.3640625 0.45078125 0.015625 0.0203125
0 0.4390625 0.47890625 0.028125 0.0390625
0 0.4890625 0.45859375 0.01875 0.0234375
0 0.52109375 0.46171875 0.0140625 0.0203125
0 0.52421875 0.44296875 0.0140625 0.0140625
0 1.2640625 0.44296875 0.021875 0.0296875
0 1.2296875 0.58359375 0.034375 0.0359375
