0 0.81484375 0.23515625 0.1453125 0.1984375
0 0.99453125 0.31796875 0.1140625 0.1109375
0 0.30390625 0.77890625 0.0671875 0.0796875
0 1.3515625 0.21953125 0.1125 0.1578125
0 1.15234375 0.92734375 0.2453125 0.2828125
0 0.25546875 2.40078125 0.0359375 0.0265625
0 0.265625 2.37890625 0.04375 0.0453125
0 0.53984375 2.28359375 0.0609375 0.0859375
0 0.63671875 2.228125 0.0734375 0.103125
0 0.325 2.76640625 0.078125 0.1109375
0 0.165625 2.8890625 0.084375 0.0875
0 0.56484375 2.7859375 0.0765625 0.096875
0 0.66328125 2.86171875 0.1234375 0.1765625
0 0.16015625 2.73203125 0.0328125 0.0359375
0 0.2328125 2.73359375 0.028125 0.0359375
0 0.24296875 2.7109375 0.0296875 0.040625
0 0.29140625 2.67578125 0.0203125 0.0234375
0 0.459375 2.81640625 0.078125 0.1015625
0 0.3015625 2.99765625 0.078125 0.1609375
0 0.8125 1.665625 0.046875 0.078125
0 1.03984375 1.76171875 0.0734375 0.1015625
0 1.11015625 1.765625 0.0546875 0.08125
0 1.1984375 1.81953125 0.08125 0.0984375
0 1.31640625 1.7875 0.0671875 0.09375
0 1.37109375 1.79453125 0.0546875 0.0828125
0 1.33046875 1.846875 0.0859375 0.11875
0 1.44453125 1.8671875 0.0796875 0.096875
0 0.9546875 2.3234375 0.034375 0.04375
0 0.97734375 2.328125 0.0296875 0.0375
0 1.06015625 2.290625 0.0296875 0.0375
0 1.16640625 2.215625 0.0671875 0.109375
0 1.2671875 2.27578125 0.034375 0.0453125
0 1.32734375 2.2265625 0.0421875 0.053125
0 1.30859375 2.14921875 0.0359375 0.0296875
0 1.3828125 2.221875 0.034375 0.05
0 1.41328125 2.2171875 0.0203125 0.025
0 1.46484375 2.18203125 0.0421875 0.0546875
0 1.5359375 2.17734375 0.0125 0.0515625
0 1.43203125 2.9171875 0.0140625 0.021875
0 1.459375 2.91171875 0.0125 0.0234375
0 0.97578125 2.76484375 0.0390625 0.0546875
0 1.003125 2.7546875 0.046875 0.071875
0 0.1890625 2.72734375 0.021875 0.0328125
0 0.41875 1.46328125 0.00625 0.0109375
0 0.32265625 1.31796875 0.0078125 0.0109375
0 0.41953125 1.33671875 0.0046875 0.0078125
0 0.37734375 1.29765625 0.0078125 0.0109375
0 0.16953125 1.6703125 0.0203125 0.034375
0 1.4046875 1.82265625 0.046875 0.0546875
0 1.4890625 2.203125 0.028125 0.03125
0 0.25234375 1.7828125 0.0171875 0.028125
0 0.0640625 1.715625 0.025 0.028125
0 0.72421875 1.76015625 0.0140625 0.0171875
