0 0.0421875 0.53828125 0.015625 0.0203125
0 0.09609375 0.53125 0.0140625 0.015625
0 0.07421875 0.471875 0.0171875 0.01875
0 0.14609375 0.47890625 0.0140625 0.0171875
0 0.18359375 0.48125 0.0140625 0.01875
0 0.159375 0.5875 0.015625 0.01875
0 0.2453125 0.590625 0.0125 0.01875
0 0.36171875 0.55390625 0.0140625 0.0203125
0 0.590625 0.6296875 0.021875 0.034375
0 0.67421875 0.5921875 0.0140625 0.01875
0 0.6015625 0.48828125 0.0125 0.0171875
0 1.09375 0.6140625 0.034375 0.04375
0 1.16484375 0.60859375 0.0109375 0.0140625
0 1.075 0.58203125 0.0125 0.0171875
0 1.10703125 0.57578125 0.0140625 0.0203125
0 0.90703125 0.5234375 0.0078125 0.0125
0 0.99921875 0.5328125 0.0109375 0.015625
0 1.025 0.525 0.0125 0.015625
0 1.04296875 0.57890625 0.0109375 0.0140625
0 1.01328125 0.5765625 0.0109375 0.009375
0 1.3 0.553125 0.009375 0.0125
0 1.32890625 0.55703125 0.0109375 0.0140625
0 1.36015625 0.60078125 0.0140625 0.0140625
0 1.3046875 0.6 0.009375 0.0125
0 0.02421875 0.5953125 0.0140625 0.01875
0 0.11328125 0.6046875 0.0109375 0.015625
0 0.60703125 0.53984375 0.0140625 0.0171875
0 0.7109375 0.609375 0.0125 0.015625
0 0.61875 0.60078125 0.015625 0.0171875
0 0.68125 0.55859375 0.0125 0.0171875
0 0.653125 0.54140625 0.0125 0.0171875
0 1.40859375 0.59765625 0.0078125 0.0109375
0 1.46875 0.6265625 0.00625 0.0125
0 1.51015625 0.6328125 0.0078125 0.0125
0 0.71640625 0.50859375 0.0109375 0.0203125
0 0.9640625 0.54609375 0.0125 0.0171875
0 0.51484375 0.496875 0.0078125 0.015625
0 0.5546875 0.525 0.009375 0.015625
0 1.2203125 0.546875 0.00625 0.009375
0 1.2359375 0.54140625 0.003125 0.0078125
0 1.25859375 0.64609375 0.0078125 0.0109375
