0 0.296875 0.41796875 0.034375 0.0546875
0 0.36171875 0.38984375 0.0265625 0.0421875
0 0.446875 0.40390625 0.028125 0.0359375
0 0.503125 0.3640625 0.021875 0.03125
0 0.55234375 0.4078125 0.0265625 0.040625
0 0.6609375 0.3640625 0.028125 0.0375
0 0.709375 0.40546875 0.028125 0.0484375
0 0.9109375 0.41875 0.034375 0.05625
0 0.98125 0.39296875 0.028125 0.0421875
0 1.06640625 0.40625 0.0265625 0.040625
0 1.1265625 0.36796875 0.025 0.0328125
0 1.2828125 0.36796875 0.025 0.0390625
0 1.328125 0.41171875 0.03125 0.0484375
0 1.171875 0.41015625 0.028125 0.0421875
