0 0.05859375 0.68359375 0.0140625 0.0171875
0 0.13359375 0.69375 0.0140625 0.01875
0 0.415625 0.6671875 0.0125 0.015625
0 0.47265625 0.63359375 0.0109375 0.0171875
0 0.59453125 0.6640625 0.0109375 0.015625
0 1.05703125 0.903125 0.0265625 0.0375
0 0.8671875 0.778125 0.01875 0.021875
0 0.9796875 0.7265625 0.0125 0.021875
0 1.01171875 0.73359375 0.0203125 0.0234375
0 0.8390625 0.73046875 0.015625 0.0203125
0 0.6875 0.7375 0.015625 0.01875
0 0.81328125 0.68125 0.0140625 0.015625
0 1.06796875 0.6515625 0.0109375 0.0125
0 1.0328125 0.64296875 0.009375 0.0109375
0 0.8921875 0.63984375 0.009375 0.0109375
0 1.0390625 0.6859375 0.0125 0.0125
0 1.11484375 0.6890625 0.0109375 0.015625
0 1.1796875 0.68359375 0.0125 0.0109375
0 0.83671875 0.54609375 0.0046875 0.0078125
0 0.734375 0.72890625 0.0125 0.0203125
0 0.4734375 0.7609375 0.009375 0.01875
0 1.2453125 0.69921875 0.009375 0.0140625
0 0.88359375 0.67421875 0.0109375 0.0140625
0 1.14765625 0.559375 0.0078125 0.009375
0 0.41328125 0.7109375 0.0140625 0.01875
0 0.45703125 0.6828125 0.0109375 0.0125
0 0.478125 0.6875 0.0125 0.015625
0 0.5203125 0.73046875 0.0125 0.0171875
0 0.63515625 0.65703125 0.0109375 0.0140625
0 0.753125 0.68203125 0.009375 0.0140625
0 0.77890625 0.634375 0.0109375 0.015625
0 0.1828125 0.65546875 0.0125 0.0140625
0 1.56640625 0.79609375 0.0234375 0.0265625
