0 0.33984375 0.05078125 0.0171875 0.0234375
0 0.56953125 0.18125 0.0171875 0.028125
0 0.23984375 0.0546875 0.0140625 0.015625
0 0.71796875 0.04453125 0.0140625 0.0203125
0 0.69609375 0.21171875 0.0203125 0.0390625
0 0.440625 0.14765625 0.015625 0.0203125
0 0.4046875 0.29453125 0.03125 0.0359375
0 0.15234375 0.60859375 0.0265625 0.0390625
0 0.31640625 0.60859375 0.0265625 0.0453125
0 0.4609375 0.6078125 0.0375 0.05625
0 0.3265625 0.5265625 0.034375 0.04375
0 0.32734375 0.4859375 0.0171875 0.021875
0 0.525 0.55 0.028125 0.040625
0 0.64375 0.40625 0.028125 0.040625
0 0.76953125 0.43671875 0.0234375 0.0359375
0 0.77890625 0.59921875 0.0328125 0.0421875
0 0.74453125 0.53046875 0.0296875 0.0421875
0 0.66796875 0.4859375 0.0234375 0.040625
0 0.90390625 0.65390625 0.0328125 0.0421875
0 0.88125 0.4875 0.03125 0.0375
0 0.81015625 0.38828125 0.0265625 0.0328125
0 0.64296875 0.4625 0.0140625 0.028125
0 1.4609375 0.790625 0.046875 0.05625
0 1.221875 0.77265625 0.028125 0.0484375
0 0.87578125 0.85234375 0.0359375 0.0515625
0 1.3046875 0.6 0.028125 0.04375
0 1.39296875 0.59921875 0.0328125 0.0515625
0 1.50234375 0.5359375 0.0390625 0.040625
0 1.196875 0.55078125 0.04375 0.0515625
0 1.0984375 0.56953125 0.034375 0.0484375
0 1.0078125 0.590625 0.0375 0.053125
0 0.98515625 0.5234375 0.0390625 0.05
0 1.07890625 0.48984375 0.0390625 0.0578125
0 0.62890625 0.2515625 0.0171875 0.028125
0 0.7984375 0.1671875 0.025 0.025
0 0.83359375 0.1671875 0.0203125 0.025
0 0.99296875 0.1703125 0.0203125 0.021875
0 1.14375 0.22734375 0.01875 0.0359375
0 1.15234375 0.146875 0.0203125 0.025
0 1.028125 0.3734375 0.021875 0.034375
0 0.96953125 0.26640625 0.0171875 0.0265625
0 1.16875 0.2671875 0.025 0.034375
0 1.275 0.34765625 0.03125 0.0359375
0 1.2234375 0.42421875 0.03125 0.0484375
0 1.26953125 0.23828125 0.0171875 0.0265625
0 0.925 0.37578125 0.01875 0.0328125
0 0.90078125 0.440625 0.0171875 0.034375
0 0.92734375 0.40546875 0.0203125 0.0296875
0 0.8375 0.38828125 0.015625 0.0265625
0 1.15546875 0.46015625 0.0296875 0.0421875
0 1.4625 0.3921875 0.03125 0.040625
0 1.584375 0.53203125 0.021875 0.0359375
0 0.64375 0.30234375 0.021875 0.0359375
0 1.309375 0.06171875 0.025 0.0328125
0 1.55390625 0.171875 0.0265625 0.028125
0 1.47421875 0.14140625 0.0203125 0.0296875
0 1.41328125 0.28828125 0.0265625 0.0390625
0 1.3953125 0.253125 0.021875 0.028125
0 1.471875 0.21328125 0.021875 0.0328125
0 1.18984375 0.23515625 0.0234375 0.0296875
0 1.28359375 0.27265625 0.0296875 0.0328125
0 1.2953125 0.24453125 0.021875 0.0359375
0 1.1015625 0.1890625 0.015625 0.021875
0 0.68359375 0.06171875 0.0140625 0.0203125
0 0.4375 0.05703125 0.015625 0.0234375
0 1.18203125 0.1078125 0.0171875 0.025
0 0.21328125 0.17734375 0.0328125 0.0390625
0 1.3875 0.4640625 0.028125 0.040625
0 1.56328125 0.428125 0.0234375 0.0375
0 1.31328125 0.01484375 0.0171875 0.0234375
0 1.17421875 0.05390625 0.0203125 0.0265625
0 1.38671875 0.07578125 0.0265625 0.0421875
0 1.52421875 0.0234375 0.0140625 0.021875
0 0.9 0.08125 0.0125 0.025
0 0.90234375 0.0328125 0.0109375 0.01875
0 0.91796875 0.071875 0.0140625 0.028125
0 0.621875 0.0921875 0.021875 0.040625
0 0.4109375 0.35859375 0.028125 0.0421875
0 0.66015625 0.38203125 0.0296875 0.0421875
0 1.0234375 0.2390625 0.025 0.0375
0 1.12890625 0.33515625 0.0171875 0.0265625
0 0.39609375 0.24453125 0.0296875 0.0421875
0 0.47109375 0.27421875 0.0234375 0.0328125
0 0.853125 0.06875 0.015625 0.01875
0 0.6671875 0.58671875 0.025 0.0421875
0 1.42734375 0.3453125 0.0359375 0.040625
0 1.1953125 0.29609375 0.03125 0.0328125
0 0.64921875 0.12421875 0.0234375 0.0421875
