0 0.78125 0.309375 0.20625 0.2875
0 1.19453125 0.48828125 0.0765625 0.0921875
0 1.27734375 0.65703125 0.0890625 0.0828125
0 1.428125 0.68203125 0.090625 0.0953125
0 1.303125 0.11796875 0.1375 0.1859375
0 0.16015625 0.73046875 0.0859375 0.0984375
0 0.365625 0.6609375 0.0875 0.09375
0 0.4140625 0.53984375 0.084375 0.1015625
0 0.40234375 0.45390625 0.0796875 0.0953125
0 0.1390625 0.56328125 0.084375 0.0859375
0 0.21171875 0.5609375 0.0703125 0.09375
0 0.14765625 0.659375 0.0796875 0.084375
0 0.025 0.5421875 0.046875 0.078125
0 0.409375 0.1078125 0.059375 0.06875
0 1.0453125 0.484375 0.053125 0.065625
0 0.94453125 0.27421875 0.0421875 0.0578125
0 1.10078125 0.26484375 0.0234375 0.0265625
0 1.409375 0.57890625 0.06875 0.0734375
0 1.37421875 0.5375 0.0515625 0.0625
0 1.3390625 0.571875 0.05 0.0625
0 1.03203125 0.2859375 0.0296875 0.0375
0 0.02890625 0.4484375 0.0328125 0.05625
0 0.04375 0.3328125 0.046875 0.0875
0 0.16796875 0.47265625 0.0546875 0.0515625
0 0.07578125 0.51875 0.0421875 0.05625
0 1.08125 0.4671875 0.04375 0.059375
0 1.0390625 0.33046875 0.040625 0.0453125
0 1.5859375 0.37578125 0.028125 0.0515625
0 1.5859375 0.309375 0.028125 0.046875
0 1.54609375 0.4890625 0.0296875 0.04375
