0 0.165625 0.48984375 0.025 0.0546875
0 0.0125 0.36640625 0.025 0.0328125
0 0.04296875 0.30078125 0.0359375 0.0515625
0 0.06953125 0.27734375 0.0265625 0.0421875
0 0.18515625 0.28828125 0.0390625 0.0453125
0 0.39375 0.37265625 0.03125 0.0453125
0 0.06171875 0.51484375 0.0359375 0.0484375
0 0.2125 0.51953125 0.0375 0.0421875
0 0.4765625 0.43203125 0.034375 0.0453125
0 0.284375 0.3765625 0.0375 0.0625
0 0.4265625 0.2671875 0.034375 0.04375
0 0.44921875 0.31015625 0.0296875 0.0328125
0 0.49140625 0.29140625 0.0359375 0.0515625
0 0.5140625 0.26328125 0.03125 0.0421875
0 0.55390625 0.25703125 0.0234375 0.0328125
0 0.1703125 0.2484375 0.040625 0.040625
0 0.2546875 0.2234375 0.0375 0.05
0 0.20078125 0.196875 0.0296875 0.034375
0 0.0546875 0.11640625 0.03125 0.0390625
0 0.03515625 0.04765625 0.0265625 0.0296875
0 0.13203125 0.04765625 0.0296875 0.0359375
0 0.19453125 0.10234375 0.0265625 0.0359375
0 0.2640625 0.07109375 0.03125 0.0359375
0 0.27578125 0.178125 0.0328125 0.040625
0 0.33046875 0.18125 0.0296875 0.040625
0 0.32265625 0.12109375 0.0265625 0.0390625
0 0.375 0.11796875 0.028125 0.0359375
0 0.4046875 0.09609375 0.025 0.0359375
0 0.40625 0.04765625 0.028125 0.0328125
0 0.27578125 0.0203125 0.0265625 0.028125
0 0.36015625 0.21484375 0.0265625 0.0359375
0 0.36953125 0.1828125 0.0203125 0.034375
0 0.3796875 0.17421875 0.01875 0.0296875
0 0.34296875 0.15546875 0.0203125 0.0296875
0 0.375 0.240625 0.01875 0.028125
0 0.4328125 0.02265625 0.025 0.0296875
0 0.43828125 0.0671875 0.0234375 0.025
0 0.06875 0.0078125 0.03125 0.015625
0 0.1859375 0.02421875 0.025 0.0296875
0 0.46796875 0.1625 0.0234375 0.028125
0 0.46171875 0.14140625 0.0265625 0.0328125
0 0.50390625 0.1453125 0.0234375 0.03125
0 0.51953125 0.0953125 0.0265625 0.034375
0 0.5609375 0.090625 0.025 0.0375
0 0.603125 0.09375 0.021875 0.025
0 0.62109375 0.1390625 0.0265625 0.034375
0 0.46484375 0.2 0.0234375 0.03125
0 0.43984375 0.22265625 0.0234375 0.0296875
0 0.48359375 0.23671875 0.0296875 0.0328125
0 0.5109375 0.19453125 0.025 0.0296875
0 0.52265625 0.225 0.0234375 0.028125
0 0.5453125 0.18515625 0.021875 0.0296875
0 0.59140625 0.184375 0.0296875 0.03125
0 0.60390625 0.21640625 0.0296875 0.0328125
0 0.578125 0.2953125 0.025 0.03125
0 0.6359375 0.16953125 0.025 0.0328125
0 0.65078125 0.13359375 0.0234375 0.0328125
0 0.68984375 0.1765625 0.0265625 0.03125
0 0.66640625 0.20546875 0.0265625 0.0328125
0 0.6796875 0.3203125 0.034375 0.046875
0 0.72734375 0.26640625 0.0203125 0.0328125
0 0.77421875 0.31328125 0.0359375 0.0421875
0 0.80234375 0.27109375 0.0265625 0.0359375
0 0.784375 0.215625 0.028125 0.034375
0 0.7703125 0.24453125 0.028125 0.0328125
0 0.7578125 0.190625 0.025 0.03125
0 0.74765625 0.084375 0.0265625 0.028125
0 0.8234375 0.11015625 0.028125 0.0359375
0 0.6953125 0.08984375 0.025 0.0296875
0 0.66015625 0.08515625 0.0234375 0.0265625
0 0.8203125 0.20234375 0.025 0.0390625
0 0.85625 0.21640625 0.03125 0.0359375
0 0.6375 0.05859375 0.021875 0.0328125
0 0.709375 0.0625 0.025 0.03125
0 0.76015625 0.05234375 0.0265625 0.0328125
0 0.79765625 0.04375 0.0203125 0.025
0 0.82265625 0.04140625 0.0203125 0.0265625
0 0.72734375 0.12578125 0.0234375 0.0265625
0 0.6515625 0.03203125 0.01875 0.0203125
0 0.71015625 0.03359375 0.0234375 0.0296875
0 0.6921875 0.03359375 0.01875 0.0234375
0 0.7734375 0.02890625 0.021875 0.0265625
0 0.76484375 0.01328125 0.0203125 0.0234375
0 0.83125 0.0109375 0.021875 0.021875
0 0.86796875 0.0671875 0.0203125 0.028125
0 0.88984375 0.1484375 0.0234375 0.03125
0 0.9140625 0.1 0.025 0.0375
0 0.9609375 0.11796875 0.025 0.0265625
0 0.9953125 0.07578125 0.01875 0.0265625
0 0.98359375 0.03671875 0.0234375 0.0296875
0 1.02109375 0.04296875 0.0234375 0.0296875
0 1.04453125 0.07109375 0.0203125 0.0265625
0 1.06875 0.06484375 0.021875 0.0296875
0 1.0984375 0.0609375 0.01875 0.03125
0 1.11484375 0.040625 0.0234375 0.025
0 1.059375 0.04375 0.021875 0.025
0 1.1203125 0.01875 0.021875 0.025
0 1.0171875 0.09765625 0.01875 0.0296875
0 1.08125 0.09765625 0.025 0.0328125
0 1.1265625 0.09921875 0.025 0.0296875
0 1.0984375 0.14609375 0.025 0.0328125
0 0.99609375 0.16875 0.0265625 0.028125
0 0.9109375 0.1828125 0.028125 0.028125
0 0.98046875 0.22578125 0.0265625 0.0328125
0 1.01875 0.23203125 0.028125 0.0328125
0 1.05078125 0.21171875 0.0234375 0.0265625
0 1.08984375 0.18671875 0.0296875 0.0296875
0 1.1796875 0.18671875 0.021875 0.0296875
0 1.246875 0.17890625 0.025 0.0296875
0 1.034375 0.25390625 0.028125 0.0328125
0 1.0625 0.24921875 0.025 0.0296875
0 1.078125 0.284375 0.028125 0.034375
0 0.95546875 0.27421875 0.0296875 0.0421875
0 0.925 0.303125 0.028125 0.040625
0 0.9609375 0.30859375 0.028125 0.0359375
0 1.00859375 0.3 0.0265625 0.0375
0 0.89296875 0.34609375 0.0265625 0.0328125
0 0.934375 0.36328125 0.028125 0.0359375
0 0.9703125 0.36328125 0.025 0.0296875
0 0.99453125 0.353125 0.0265625 0.034375
0 1.06484375 0.346875 0.0265625 0.040625
0 0.9953125 0.39140625 0.025 0.0390625
0 1.0421875 0.41875 0.028125 0.0375
0 1.1609375 0.3578125 0.03125 0.040625
0 1.1140625 0.32109375 0.028125 0.0328125
0 1.125 0.28828125 0.028125 0.0390625
0 1.1609375 0.28515625 0.028125 0.0390625
0 1.14453125 0.27421875 0.0265625 0.0328125
0 1.215625 0.29609375 0.025 0.0328125
0 1.19140625 0.34375 0.0203125 0.0375
0 1.2171875 0.34921875 0.025 0.0390625
0 1.22265625 0.4125 0.0265625 0.034375
0 1.23984375 0.34453125 0.0234375 0.0359375
0 1.23125 0.259375 0.025 0.028125
0 0.85390625 0.4390625 0.0390625 0.04375
0 0.8625 0.57109375 0.034375 0.0390625
0 0.946875 0.5703125 0.034375 0.040625
0 1.04765625 0.559375 0.0390625 0.04375
0 1.05625 0.53125 0.034375 0.04375
0 1.0703125 0.45703125 0.034375 0.0484375
0 1.25546875 0.5078125 0.0359375 0.05
0 1.16484375 0.60703125 0.0390625 0.0484375
0 1.17109375 0.54765625 0.0265625 0.0484375
0 1.29453125 0.45625 0.0328125 0.034375
0 1.26953125 0.4640625 0.0265625 0.034375
0 1.35234375 0.4984375 0.0296875 0.0375
0 1.31171875 0.5421875 0.0328125 0.040625
0 1.290625 0.60859375 0.034375 0.0390625
0 1.38671875 0.6046875 0.0359375 0.04375
0 1.3171875 0.59609375 0.034375 0.0515625
0 1.3890625 0.53203125 0.0375 0.0390625
0 1.42734375 0.5140625 0.0328125 0.0375
0 1.3734375 0.4609375 0.03125 0.028125
0 1.4796875 0.56484375 0.034375 0.0453125
0 1.1703125 0.50390625 0.03125 0.0328125
0 1.44453125 0.46484375 0.0203125 0.0296875
0 1.48984375 0.4984375 0.0328125 0.04375
0 1.28828125 0.3671875 0.0296875 0.03125
0 1.53203125 0.5546875 0.0328125 0.034375
0 1.50078125 0.61875 0.0359375 0.046875
0 1.559375 0.6734375 0.04375 0.05
0 1.53203125 0.46796875 0.0296875 0.0359375
0 1.571875 0.490625 0.0375 0.04375
0 1.49296875 0.44765625 0.0265625 0.0359375
0 1.46640625 0.41640625 0.0265625 0.0296875
0 1.4859375 0.39453125 0.028125 0.0328125
0 1.52421875 0.378125 0.0296875 0.040625
0 1.54765625 0.346875 0.0265625 0.03125
0 1.58203125 0.35625 0.0265625 0.040625
0 1.56328125 0.41875 0.0234375 0.04375
0 1.57734375 0.428125 0.0234375 0.034375
0 1.45078125 0.34140625 0.0234375 0.0359375
0 1.403125 0.33046875 0.028125 0.0359375
0 1.3296875 0.4953125 0.03125 0.040625
0 1.1859375 0.09765625 0.01875 0.0234375
0 1.22421875 0.053125 0.0203125 0.025
0 1.15 0.06484375 0.01875 0.0265625
0 1.23203125 0.1046875 0.0234375 0.028125
0 1.2296875 0.12265625 0.021875 0.0296875
0 1.24765625 0.1578125 0.0265625 0.03125
0 1.2703125 0.1359375 0.021875 0.028125
0 1.26953125 0.053125 0.0234375 0.025
0 1.33984375 0.10859375 0.0234375 0.0265625
0 1.296875 0.2078125 0.028125 0.03125
0 1.3453125 0.1953125 0.025 0.034375
0 1.359375 0.19765625 0.021875 0.0296875
0 1.37265625 0.16953125 0.0234375 0.0296875
0 1.35546875 0.07890625 0.0234375 0.0296875
0 1.390625 0.0953125 0.021875 0.028125
0 1.396875 0.146875 0.021875 0.028125
0 1.4375 0.13828125 0.021875 0.0296875
0 1.2421875 0.08671875 0.021875 0.0234375
0 1.26484375 0.06875 0.0171875 0.021875
0 1.30703125 0.090625 0.0171875 0.021875
0 1.4875 0.1109375 0.025 0.03125
0 1.446875 0.1984375 0.028125 0.03125
0 1.39453125 0.17109375 0.0265625 0.0265625
0 1.4265625 0.3015625 0.028125 0.0375
0 1.54375 0.23671875 0.028125 0.0359375
0 1.5484375 0.2 0.025 0.034375
0 1.49453125 0.3140625 0.0234375 0.03125
0 1.540625 0.3171875 0.025 0.034375
0 1.57109375 0.1703125 0.0265625 0.03125
0 1.59453125 0.2421875 0.0109375 0.025
0 1.57265625 0.09453125 0.0203125 0.0265625
0 1.57890625 0.13828125 0.0203125 0.0296875
0 1.4203125 0.01484375 0.021875 0.0265625
0 1.50625 0.24453125 0.01875 0.0265625
0 1.41875 0.2265625 0.021875 0.028125
0 1.2984375 0.1765625 0.025 0.025
0 0.64140625 0.75859375 0.0484375 0.0453125
0 0.85703125 0.7953125 0.0453125 0.05
0 0.94453125 0.76875 0.0453125 0.059375
0 1.01328125 0.76953125 0.0453125 0.0578125
0 0.06484375 0.7296875 0.0453125 0.046875
0 0.7078125 0.40390625 0.05 0.0671875
0 0.5359375 0.478125 0.03125 0.040625
0 1.35625 0.02890625 0.015625 0.0171875
0 1.3828125 0.0125 0.01875 0.021875
0 1.3109375 0.025 0.01875 0.021875
0 1.2234375 0.00703125 0.015625 0.0140625
0 1.37109375 0.05625 0.0171875 0.021875
0 1.16875 0.03515625 0.01875 0.0203125
0 0.528125 0.32578125 0.021875 0.0296875
0 1.5921875 0.27578125 0.0125 0.0265625
0 0.91484375 0.225 0.0203125 0.021875
0 0.20859375 0.084375 0.0171875 0.021875
0 0.33125 0.02578125 0.025 0.0234375
