0 1.1359375 0.11328125 0.028125 0.0328125
0 1.27265625 0.0953125 0.0390625 0.046875
0 0.65390625 0.07734375 0.0234375 0.0265625
0 0.565625 0.109375 0.01875 0.01875
0 0.50625 0.07578125 0.025 0.0265625
0 0.11953125 0.06328125 0.0265625 0.0359375
0 0.22578125 0.07734375 0.0359375 0.0453125
0 0.2890625 0.0671875 0.0375 0.040625
0 0.359375 0.046875 0.025 0.028125
0 0.396875 0.071875 0.0375 0.034375
0 0.03984375 0.040625 0.0109375 0.0125
0 0.065625 0.0546875 0.0125 0.0125
0 0.178125 0.07578125 0.025 0.0265625
0 1.025 0.08046875 0.015625 0.0171875
0 1.2296875 0.14375 0.009375 0.015625
0 1.21484375 0.1140625 0.0140625 0.015625
0 1.18671875 0.115625 0.0109375 0.0125
0 1.16875 0.109375 0.015625 0.01875
0 0.621875 0.41171875 0.05625 0.0515625
0 0.85234375 0.278125 0.0515625 0.059375
0 0.7171875 0.0796875 0.0375 0.040625
0 0.8265625 0.1015625 0.021875 0.025
0 0.86953125 0.11875 0.0234375 0.025
0 0.93046875 0.0828125 0.0265625 0.0375
0 1.03671875 0.1265625 0.0203125 0.028125
0 1.09921875 0.1203125 0.0234375 0.03125
0 0.0125 0.01875 0.01875 0.01875
0 0.88359375 0.09921875 0.0171875 0.0203125
0 0.90234375 0.08125 0.0234375 0.025
0 1.32109375 0.10625 0.0296875 0.028125
0 0.684375 0.0890625 0.015625 0.021875
0 0.596875 0.07265625 0.025 0.0265625
0 0.5640625 0.0703125 0.03125 0.021875
0 0.7984375 0.11015625 0.009375 0.0109375
0 0.2453125 0.0734375 0.015625 0.01875
0 0.56015625 0.09296875 0.0140625 0.0109375
0 0.54765625 0.109375 0.0109375 0.0125
0 0.53828125 0.096875 0.0078125 0.0125
