0 0.77890625 0.56015625 0.0765625 0.1453125
0 1.02421875 0.45078125 0.0328125 0.0453125
0 1.06015625 0.37265625 0.0140625 0.0203125
0 0.9984375 0.3703125 0.021875 0.025
0 0.8890625 0.378125 0.021875 0.025
0 0.87421875 0.38203125 0.0109375 0.0171875
0 0.82265625 0.36484375 0.0203125 0.0296875
0 0.7859375 0.37109375 0.0375 0.0421875
0 0.690625 0.38046875 0.025 0.0328125
0 0.58828125 0.37734375 0.0578125 0.0734375
0 0.6109375 0.34765625 0.03125 0.0390625
0 0.63671875 0.37265625 0.0203125 0.0265625
0 0.4984375 0.359375 0.025 0.034375
0 0.45703125 0.36328125 0.0453125 0.0484375
0 0.3828125 0.36640625 0.034375 0.0390625
0 0.31796875 0.36953125 0.0421875 0.0421875
0 0.20390625 0.36953125 0.1015625 0.1203125
0 0.046875 0.35859375 0.090625 0.0828125
