0 1.13984375 0.3390625 0.1203125 0.134375
0 1.29375 0.0453125 0.01875 0.025
0 1.4515625 0.2546875 0.075 0.10625
0 1.353125 0.109375 0.01875 0.01875
0 1.39453125 0.15859375 0.0203125 0.0234375
0 1.46875 0.13046875 0.01875 0.0234375
0 1.48203125 0.16953125 0.0203125 0.0234375
0 1.29609375 0.30390625 0.0390625 0.0453125
0 1.36953125 0.2796875 0.0203125 0.028125
0 1.53671875 0.20078125 0.0421875 0.0515625
0 1.53515625 0.15390625 0.0140625 0.0203125
0 1.340625 0.27578125 0.021875 0.0265625
0 0.6234375 0.809375 0.075 0.096875
0 0.84609375 0.8234375 0.0765625 0.10625
0 0.88125 0.92265625 0.134375 0.1453125
0 0.03203125 0.8703125 0.0640625 0.1
0 0.30703125 1.07265625 0.2671875 0.1890625
0 1.3265625 1.3 0.228125 0.309375
0 1.23828125 0.340625 0.0296875 0.034375
0 0.19375 0.88359375 0.0875 0.1171875
0 0.93515625 0.35390625 0.0328125 0.0390625
0 0.01171875 0.5890625 0.0234375 0.034375
0 0.03203125 0.4703125 0.0265625 0.028125
0 0.1125 0.55 0.03125 0.046875
0 0.1640625 0.4703125 0.03125 0.03125
0 0.18046875 0.521875 0.0328125 0.040625
0 0.225 0.503125 0.034375 0.05
0 0.28046875 0.50625 0.0328125 0.04375
0 0.2546875 0.48515625 0.0125 0.0203125
0 0.2859375 0.546875 0.0375 0.05625
0 0.3625 0.559375 0.0375 0.05
0 0.3203125 0.48828125 0.034375 0.0421875
0 0.4546875 0.47109375 0.03125 0.0421875
0 0.4796875 0.4578125 0.034375 0.046875
0 0.3921875 0.459375 0.015625 0.01875
0 0.5421875 0.43828125 0.021875 0.0359375
0 0.56640625 0.44375 0.0390625 0.046875
0 0.653125 0.428125 0.028125 0.0375
0 0.7265625 0.46328125 0.046875 0.0640625
0 0.759375 0.44375 0.01875 0.034375
0 0.74140625 0.41640625 0.0234375 0.0390625
0 0.80859375 0.453125 0.0421875 0.05625
0 0.828125 0.39453125 0.03125 0.0421875
0 0.8484375 0.3140625 0.034375 0.065625
0 1.04921875 0.38046875 0.0328125 0.0515625
0 1.0828125 0.33984375 0.03125 0.0453125
