0 0.17890625 0.28671875 0.1671875 0.2515625
0 0.69375 0.24296875 0.196875 0.2109375
0 1.053125 0.22421875 0.175 0.2640625
0 1.47421875 0.44609375 0.1578125 0.2171875
0 0.36171875 0.98984375 0.0765625 0.0828125
0 0.30625 0.87734375 0.046875 0.0703125
0 0.33828125 0.8046875 0.0515625 0.071875
0 0.49765625 0.58203125 0.0421875 0.0609375
0 0.4375 0.30234375 0.0375 0.0515625
0 0.53515625 0.3625 0.0359375 0.053125
0 0.39140625 0.35625 0.0359375 0.046875
0 0.296875 0.30625 0.0375 0.046875
0 0.37734375 0.2484375 0.0359375 0.046875
0 0.41484375 0.15625 0.0421875 0.053125
0 0.48828125 0.2703125 0.0328125 0.053125
0 0.50546875 0.1546875 0.0359375 0.05
0 0.81015625 0.2296875 0.0390625 0.05625
0 0.871875 0.15625 0.034375 0.05
0 0.4546875 0.19296875 0.034375 0.0515625
0 0.2765625 0.16171875 0.034375 0.0390625
0 0.25078125 0.04921875 0.0328125 0.0453125
0 0.19140625 0.13515625 0.0453125 0.0578125
0 0.1265625 0.0421875 0.034375 0.0375
0 0.42734375 0.08046875 0.0296875 0.0421875
0 0.31875 0.05703125 0.0375 0.0453125
0 0.2328125 0.10390625 0.0375 0.0484375
0 0.0140625 0.07890625 0.028125 0.0578125
0 0.11015625 0.1078125 0.0484375 0.0625
0 0.02734375 0.31796875 0.0484375 0.0609375
0 0.1671875 0.0890625 0.040625 0.05625
0 0.3796875 0.0984375 0.0375 0.05625
0 0.34453125 0.55 0.0578125 0.071875
0 1.47109375 1.003125 0.0828125 0.103125
0 1.371875 0.9671875 0.065625 0.084375
0 1.40390625 0.84453125 0.0546875 0.0828125
0 1.51953125 0.84375 0.0546875 0.0875
0 1.5671875 0.9765625 0.059375 0.08125
0 1.5859375 0.778125 0.028125 0.06875
0 1.57265625 0.61171875 0.0421875 0.0609375
0 1.47109375 0.2875 0.0515625 0.075
0 1.41328125 0.32109375 0.0484375 0.0796875
0 1.3390625 0.265625 0.040625 0.059375
0 1.4109375 0.25546875 0.05 0.0609375
0 1.3109375 0.40390625 0.05 0.0828125
0 1.5828125 0.3265625 0.034375 0.059375
0 1.40546875 0.15234375 0.0390625 0.0515625
0 1.4734375 0.11171875 0.03125 0.0453125
0 1.50390625 0.15625 0.0359375 0.046875
0 1.48125 0.23046875 0.03125 0.0390625
0 1.3015625 0.075 0.034375 0.040625
0 1.2640625 0.1328125 0.03125 0.0375
0 1.2984375 0.20546875 0.03125 0.0359375
0 1.15234375 0.05078125 0.0265625 0.0359375
0 1.21640625 0.02734375 0.0296875 0.0359375
0 0.9 0.02578125 0.040625 0.0515625
0 0.81171875 0.03515625 0.0421875 0.0484375
0 0.93671875 0.07265625 0.0390625 0.0515625
0 1.20078125 0.19375 0.0359375 0.05
0 1.23828125 0.08046875 0.0421875 0.0484375
0 1.45390625 0.04140625 0.0296875 0.0453125
0 1.4109375 0.11875 0.0375 0.04375
0 1.3796875 0.0125 0.028125 0.025
0 1.54765625 0.03046875 0.0296875 0.0328125
0 1.51484375 0.0890625 0.0296875 0.0375
0 1.5359375 0.059375 0.025 0.0375
0 0.33828125 0.7421875 0.0515625 0.071875
0 0.046875 0.0171875 0.05 0.034375
0 1.1859375 0.0921875 0.034375 0.04375
0 1.1421875 0.14609375 0.0375 0.0609375
0 1.3125 0.1484375 0.0375 0.046875
