0 1.0890625 0.4828125 0.059375 0.0625
0 0.1265625 0.14296875 0.040625 0.0484375
0 0.265625 0.14375 0.034375 0.04375
0 0.425 0.16015625 0.0375 0.0453125
0 0.4984375 0.28359375 0.0125 0.0171875
0 0.325 0.13125 0.00625 0.009375
0 0.371875 0.14375 0.00625 0.009375
0 0.3625 0.13671875 0.00625 0.0078125
0 0.31484375 0.12890625 0.0078125 0.0109375
0 0.47890625 0.1484375 0.0078125 0.009375
0 0.4640625 0.1421875 0.00625 0.0125
0 0.4515625 0.13125 0.00625 0.009375
0 0.503125 0.1140625 0.009375 0.009375
0 0.51015625 0.09765625 0.0078125 0.0078125
0 0.5828125 0.09921875 0.00625 0.0109375
0 0.6046875 0.24765625 0.00625 0.0078125
0 0.5390625 0.23984375 0.009375 0.0109375
0 0.37265625 0.1296875 0.0078125 0.009375
