0 0.1421875 0.89453125 0.153125 0.1734375
0 1.19296875 1.271875 0.1859375 0.184375
0 1.05078125 1.09375 0.0984375 0.146875
0 1.5140625 1.58203125 0.171875 0.2703125
0 1.384375 1.02109375 0.171875 0.1796875
0 1.55546875 1.22109375 0.0890625 0.1640625
0 1.53828125 0.83671875 0.1140625 0.1640625
0 1.3625 0.709375 0.090625 0.11875
0 0.2078125 0.80078125 0.115625 0.1390625
0 0.36875 0.59296875 0.096875 0.1234375
0 0.646875 0.57890625 0.265625 0.3078125
0 1.16796875 0.6296875 0.1078125 0.15
0 1.2859375 0.47890625 0.103125 0.1265625
0 1.5171875 0.4921875 0.090625 0.115625
0 1.57265625 0.36796875 0.0546875 0.1140625
0 1.52734375 0.22421875 0.0671875 0.0828125
0 0.896875 0.35234375 0.078125 0.1046875
0 1.2015625 0.29296875 0.075 0.0890625
0 0.33125 0.2703125 0.065625 0.078125
0 0.87265625 0.12890625 0.0578125 0.0671875
0 0.94921875 0.5671875 0.0734375 0.0875
0 1.03984375 0.27109375 0.0515625 0.0703125
0 1.10390625 0.12265625 0.0609375 0.0703125
0 1.3578125 0.13984375 0.05625 0.0640625
0 1.4640625 0.1859375 0.053125 0.06875
0 0.27421875 0.184375 0.0546875 0.053125
0 0.38515625 0.0984375 0.0484375 0.0625
0 0.8078125 0.22421875 0.040625 0.0640625
0 0.71484375 0.20625 0.0328125 0.04375
0 0.24375 0.4828125 0.05625 0.06875
0 1.18828125 0.0921875 0.0515625 0.053125
0 1.53515625 0.10859375 0.0578125 0.0765625
0 0.4265625 0.209375 0.04375 0.06875
0 0.26171875 0.10703125 0.0734375 0.0703125
0 0.49296875 0.09375 0.0515625 0.05
0 0.571875 0.1109375 0.04375 0.05
0 0.01640625 1.4984375 0.0328125 0.2375
