0 0.34765625 0.84453125 0.0703125 0.1203125
0 0.60546875 0.85 0.0359375 0.128125
0 0.05078125 0.9140625 0.0421875 0.078125
0 0.01796875 0.75859375 0.0234375 0.0328125
0 0.0953125 0.78671875 0.021875 0.0234375
0 0.12109375 0.68203125 0.0140625 0.0171875
0 0.07421875 0.6953125 0.0109375 0.0125
0 0.20390625 0.70234375 0.0109375 0.0109375
0 1.325 0.63046875 0.046875 0.0578125
0 1.4640625 0.61484375 0.05625 0.0609375
0 1.515625 0.66640625 0.04375 0.0484375
0 0.99453125 0.72265625 0.0171875 0.0234375
0 0.28515625 0.7734375 0.0171875 0.025
