0 1.5296875 0.52578125 0.090625 0.1140625
0 1.321875 0.54765625 0.109375 0.1015625
0 0.98359375 1.1171875 0.2296875 0.225
0 0.675 1.0296875 0.159375 0.221875
0 0.49609375 0.8984375 0.1578125 0.121875
0 0.290625 0.85390625 0.10625 0.1140625
0 0.55625 0.61171875 0.065625 0.0671875
0 0.771875 0.628125 0.075 0.08125
0 0.15625 0.61640625 0.08125 0.1109375
0 0.2234375 0.52265625 0.04375 0.0546875
0 0.2765625 0.4578125 0.034375 0.034375
0 1.21796875 0.55859375 0.0359375 0.0421875
0 1.4 0.5453125 0.040625 0.053125
0 0.9390625 0.53515625 0.025 0.0421875
0 1.21015625 0.42421875 0.0171875 0.0234375
0 1.09765625 0.3390625 0.0140625 0.015625
0 1.165625 0.3109375 0.01875 0.01875
0 1.11796875 0.3046875 0.0171875 0.01875
0 1.0078125 0.33671875 0.015625 0.0140625
0 0.965625 0.428125 0.021875 0.025
0 0.88515625 0.55078125 0.0203125 0.0265625
0 0.8390625 0.49609375 0.025 0.0328125
0 0.540625 0.4875 0.028125 0.0375
0 0.66328125 0.41953125 0.0140625 0.0203125
0 0.66953125 0.3671875 0.0171875 0.021875
0 0.6296875 0.36796875 0.0125 0.0171875
0 0.74140625 0.38125 0.0171875 0.021875
0 0.74453125 0.5328125 0.0234375 0.025
0 0.80234375 0.53203125 0.0203125 0.0234375
0 0.790625 0.49453125 0.01875 0.0234375
0 0.715625 0.49453125 0.015625 0.0234375
0 0.70390625 0.4890625 0.0140625 0.025
0 0.64921875 0.48515625 0.0171875 0.0234375
0 0.7296875 0.425 0.01875 0.025
0 0.61875 0.42109375 0.015625 0.0234375
0 0.5640625 0.4265625 0.015625 0.021875
0 0.746875 0.478125 0.015625 0.015625
0 0.7671875 0.31171875 0.015625 0.0203125
0 0.33828125 0.3171875 0.0171875 0.021875
0 0.35078125 0.271875 0.0203125 0.01875
0 0.50078125 0.25390625 0.0171875 0.0203125
0 0.56875 0.24375 0.015625 0.01875
0 0.40546875 0.2171875 0.0140625 0.0125
0 0.446875 0.21015625 0.01875 0.0171875
0 0.38515625 0.19765625 0.0171875 0.0203125
0 0.25 0.19765625 0.01875 0.0171875
0 0.3125 0.3984375 0.021875 0.025
0 0.28203125 0.31953125 0.0171875 0.0171875
0 0.925 0.51015625 0.015625 0.0234375
0 0.89921875 0.49140625 0.0140625 0.0171875
0 0.78828125 0.3953125 0.0140625 0.01875
0 0.9140625 0.42421875 0.0125 0.0171875
0 0.80859375 0.3140625 0.0109375 0.0125
0 0.8234375 0.28125 0.0125 0.015625
0 0.753125 0.3515625 0.009375 0.0125
0 0.8171875 0.35703125 0.009375 0.0140625
0 0.86171875 0.35703125 0.0078125 0.0140625
0 0.96875 0.30078125 0.0125 0.0140625
0 1.00390625 0.3 0.0140625 0.015625
0 1.06640625 0.30625 0.0140625 0.015625
0 1.146875 0.36171875 0.01875 0.0140625
0 1.26640625 0.42265625 0.0171875 0.0171875
0 1.12421875 0.4609375 0.0140625 0.015625
0 0.99296875 0.48671875 0.0140625 0.0140625
0 0.659375 0.3109375 0.015625 0.015625
0 0.53828125 0.3734375 0.0171875 0.01875
0 0.578125 0.33203125 0.0125 0.0171875
0 0.6375 0.27890625 0.0125 0.0171875
0 0.6390625 0.30234375 0.0125 0.0140625
0 0.65234375 0.2671875 0.0078125 0.0125
0 0.61796875 0.22734375 0.0140625 0.0203125
0 0.56484375 0.221875 0.0140625 0.0125
0 0.52578125 0.21796875 0.0140625 0.0140625
0 0.634375 0.2015625 0.0125 0.015625
0 0.68671875 0.22734375 0.0140625 0.0171875
0 0.5875 0.296875 0.0125 0.01875
0 0.5046875 0.55 0.046875 0.046875
0 0.6765625 0.5484375 0.034375 0.040625
0 0.640625 0.52890625 0.03125 0.0484375
0 1.57890625 0.825 0.0421875 0.153125
0 1.034375 0.6953125 0.0625 0.08125
0 1.10078125 0.60390625 0.0265625 0.0328125
0 1.09765625 0.525 0.0171875 0.028125
0 0.990625 0.52421875 0.025 0.0265625
0 1.14921875 0.41640625 0.0171875 0.0171875
0 1.09921875 0.41328125 0.0140625 0.0203125
0 1.01875 0.48515625 0.01875 0.0203125
0 1.41640625 0.4765625 0.0171875 0.021875
0 0.56015625 0.2671875 0.0140625 0.015625
0 0.7671875 0.24296875 0.009375 0.0140625
0 0.75546875 0.275 0.0140625 0.015625
0 0.71015625 0.2859375 0.0109375 0.0125
0 0.53359375 0.3359375 0.0171875 0.021875
0 0.44375 0.28984375 0.015625 0.0203125
0 0.4546875 0.24765625 0.0125 0.0171875
0 0.3859375 0.2578125 0.015625 0.015625
0 0.40625 0.2546875 0.015625 0.015625
0 0.48203125 0.4078125 0.0203125 0.025
0 0.50234375 0.478125 0.0203125 0.021875
0 0.6328125 0.4765625 0.015625 0.028125
0 0.6609375 0.44140625 0.015625 0.0171875
0 0.634375 0.2234375 0.009375 0.015625
0 0.66953125 0.2828125 0.0140625 0.021875
0 0.71015625 0.3375 0.0171875 0.01875
0 0.70390625 0.40234375 0.0140625 0.0203125
0 0.7859375 0.35234375 0.0125 0.0171875
0 0.44453125 0.35859375 0.0578125 0.0703125
0 0.33515625 0.25234375 0.0109375 0.0203125
0 0.39375 0.30234375 0.021875 0.0234375
0 0.3015625 0.2796875 0.01875 0.01875
0 0.30078125 0.24765625 0.0171875 0.0171875
0 0.4078125 0.1765625 0.0125 0.01875
0 0.49375 0.1796875 0.0125 0.01875
0 0.528125 0.1859375 0.01875 0.01875
0 0.5609375 0.1640625 0.01875 0.015625
0 0.5953125 0.2015625 0.0125 0.01875
0 0.67109375 0.2046875 0.0140625 0.01875
0 0.321875 0.1671875 0.015625 0.015625
0 0.2828125 0.171875 0.01875 0.028125
0 0.03203125 0.48671875 0.0265625 0.0296875
0 0.06171875 0.47109375 0.0203125 0.0296875
0 0.09140625 0.5171875 0.0390625 0.0375
0 0.1703125 0.45625 0.021875 0.028125
0 0.2578125 0.478125 0.025 0.03125
0 0.31015625 0.55859375 0.0328125 0.0546875
0 0.13515625 0.4078125 0.0203125 0.025
0 0.09765625 0.4078125 0.0203125 0.025
0 0.12421875 0.3515625 0.0203125 0.025
0 0.0703125 0.34765625 0.01875 0.0265625
0 0.0234375 0.3171875 0.01875 0.025
0 0.18046875 0.30859375 0.0203125 0.0203125
0 0.234375 0.27890625 0.015625 0.0203125
0 0.12734375 0.2484375 0.0140625 0.021875
0 0.0921875 0.190625 0.015625 0.021875
0 0.165625 0.1984375 0.015625 0.01875
0 0.2078125 0.1609375 0.01875 0.021875
0 0.0609375 0.24296875 0.015625 0.0171875
0 0.1515625 0.5203125 0.01875 0.03125
0 0.16640625 0.14375 0.0140625 0.015625
0 0.1296875 0.1125 0.0125 0.0125
0 0.1828125 0.1234375 0.015625 0.0125
0 0.27890625 0.096875 0.0078125 0.0125
0 0.3078125 0.0921875 0.0125 0.0125
0 0.04375 0.1453125 0.015625 0.015625
0 0.034375 0.10625 0.01875 0.021875
0 0.07109375 0.10703125 0.0140625 0.0171875
0 0.0546875 0.09609375 0.0125 0.0171875
0 0.08984375 0.09375 0.0140625 0.015625
0 0.14453125 0.0984375 0.0140625 0.015625
0 0.225 0.22109375 0.0125 0.0234375
0 0.1921875 0.23515625 0.015625 0.0234375
0 0.3546875 0.2046875 0.0125 0.01875
0 0.36953125 0.16796875 0.0140625 0.0265625
0 0.3578125 0.146875 0.015625 0.01875
0 0.40703125 0.1078125 0.0171875 0.021875
0 0.37421875 0.08046875 0.0234375 0.0296875
0 0.46484375 0.11015625 0.0109375 0.0109375
0 0.5 0.12265625 0.0125 0.0140625
0 0.725 0.20625 0.009375 0.0125
0 0.64140625 0.13671875 0.0109375 0.0140625
0 0.6859375 0.16796875 0.0125 0.0140625
0 0.6046875 0.15859375 0.009375 0.0140625
0 0.6625 0.17734375 0.009375 0.0171875
0 0.61953125 0.14609375 0.0109375 0.0171875
0 0.534375 0.15234375 0.015625 0.0171875
0 0.978125 0.26015625 0.015625 0.0140625
0 1.10859375 0.22890625 0.0140625 0.0140625
0 0.94609375 0.265625 0.0078125 0.0125
0 1.046875 0.24765625 0.0125 0.0140625
0 0.93984375 0.209375 0.0109375 0.0125
0 0.99765625 0.2078125 0.0109375 0.0125
0 1.034375 0.1875 0.015625 0.015625
0 1.059375 0.175 0.0125 0.015625
0 0.84453125 0.18203125 0.0109375 0.0140625
0 0.83203125 0.16875 0.0109375 0.0125
0 1.496875 0.35546875 0.0125 0.0140625
0 1.53984375 0.31328125 0.0109375 0.0109375
0 1.5609375 0.2828125 0.009375 0.0125
0 1.5640625 0.38125 0.0125 0.015625
0 1.46875 0.27265625 0.009375 0.0109375
0 1.5046875 0.2765625 0.0125 0.0125
0 1.55078125 0.24453125 0.0140625 0.0140625
0 1.58203125 0.32578125 0.0109375 0.0140625
0 1.58359375 0.275 0.0140625 0.015625
0 1.484375 0.30625 0.015625 0.015625
0 1.45234375 0.25546875 0.0171875 0.0171875
0 1.49375 0.26328125 0.01875 0.0171875
0 1.51171875 0.2484375 0.0171875 0.01875
0 1.5671875 0.24375 0.0125 0.021875
0 1.5890625 0.2109375 0.015625 0.015625
0 1.590625 0.1515625 0.0125 0.015625
0 1.46796875 0.1625 0.0171875 0.015625
0 1.559375 0.14453125 0.015625 0.0140625
0 1.5234375 0.17421875 0.0125 0.0171875
0 1.4203125 0.18046875 0.0125 0.0140625
0 1.4046875 0.1546875 0.0125 0.01875
0 1.42421875 0.14296875 0.0140625 0.0203125
0 1.44609375 0.1390625 0.0140625 0.0125
0 1.5078125 0.1828125 0.015625 0.01875
0 1.45625 0.1921875 0.015625 0.021875
0 1.49140625 0.2265625 0.0140625 0.015625
0 1.475 0.1375 0.0125 0.01875
0 1.35625 0.10234375 0.01875 0.0203125
0 1.403125 0.0671875 0.015625 0.01875
0 1.38828125 0.10625 0.0171875 0.015625
0 1.37265625 0.128125 0.0171875 0.01875
0 1.484375 0.08515625 0.01875 0.0171875
0 1.5578125 0.1109375 0.015625 0.01875
0 1.52421875 0.03671875 0.0109375 0.0171875
0 1.51015625 0.02421875 0.0140625 0.0203125
0 1.490625 0.0484375 0.01875 0.01875
0 1.46328125 0.06640625 0.0140625 0.0171875
0 1.359375 0.065625 0.015625 0.0125
0 1.39453125 0.01875 0.0109375 0.0125
0 1.3625 0.01484375 0.0125 0.0109375
0 1.34140625 0.0203125 0.0109375 0.0125
0 1.33125 0.0359375 0.0125 0.0125
0 1.334375 0.053125 0.015625 0.015625
0 1.296875 0.03203125 0.0125 0.0109375
0 1.30703125 0.01015625 0.0140625 0.0109375
0 1.278125 0.01171875 0.0125 0.0140625
0 1.5203125 0.12265625 0.015625 0.0203125
0 1.41640625 0.0765625 0.0140625 0.021875
0 1.55 0.08046875 0.0125 0.0140625
0 1.5125 0.06171875 0.015625 0.0203125
0 1.54453125 0.0328125 0.0140625 0.025
0 1.5828125 0.07890625 0.0125 0.0140625
0 1.5640625 0.03203125 0.01875 0.0234375
0 1.44140625 0.03515625 0.0171875 0.0234375
0 1.39140625 0.0453125 0.0203125 0.015625
0 1.36015625 0.03671875 0.0171875 0.0171875
0 1.43671875 0.08671875 0.0171875 0.0171875
0 1.45703125 0.09375 0.0140625 0.01875
0 1.4578125 0.05234375 0.015625 0.0234375
0 1.2078125 0.13203125 0.015625 0.0171875
0 1.1234375 0.13203125 0.015625 0.0171875
0 1.14296875 0.08515625 0.0203125 0.0234375
0 1.1703125 0.090625 0.015625 0.021875
0 1.18046875 0.0484375 0.0171875 0.025
0 1.0796875 0.02734375 0.0125 0.0109375
0 1.0203125 0.05390625 0.015625 0.0140625
0 1.08984375 0.1 0.0140625 0.015625
0 1.05078125 0.08359375 0.0140625 0.0171875
0 1.08125 0.08046875 0.015625 0.0171875
0 1.01796875 0.13046875 0.0140625 0.0234375
0 0.96328125 0.13359375 0.0203125 0.0234375
0 0.99765625 0.1203125 0.0171875 0.015625
0 0.9859375 0.0875 0.015625 0.015625
0 0.971875 0.0578125 0.0125 0.015625
0 0.9703125 0.0390625 0.0125 0.0125
0 0.99296875 0.053125 0.0109375 0.015625
0 1.009375 0.0296875 0.0125 0.015625
0 1.22421875 0.1234375 0.0140625 0.01875
0 1.240625 0.1359375 0.015625 0.01875
0 1.0671875 0.1296875 0.0125 0.015625
0 1.0546875 0.1515625 0.0125 0.015625
0 1.09140625 0.13125 0.0140625 0.021875
0 1.11953125 0.03125 0.0171875 0.021875
0 1.09921875 0.0609375 0.0140625 0.0125
0 1.109375 0.07890625 0.015625 0.0140625
0 1.140625 0.04375 0.0125 0.01875
0 1.04453125 0.0109375 0.0171875 0.015625
0 0.690625 0.0390625 0.0125 0.0125
0 0.71484375 0.03359375 0.0171875 0.0140625
0 0.775 0.065625 0.015625 0.0125
0 0.80078125 0.07265625 0.0140625 0.0140625
0 0.85546875 0.11953125 0.0140625 0.0171875
0 0.83984375 0.09140625 0.0140625 0.0140625
0 0.85859375 0.1515625 0.0203125 0.01875
0 0.91796875 0.15 0.0171875 0.021875
0 0.8796875 0.1890625 0.015625 0.025
0 0.92890625 0.10546875 0.0171875 0.0234375
0 0.88046875 0.096875 0.0171875 0.021875
0 0.93984375 0.07734375 0.0171875 0.0203125
0 0.928125 0.03828125 0.015625 0.0140625
0 0.9 0.03671875 0.015625 0.0234375
0 0.865625 0.03203125 0.015625 0.0140625
0 0.7625 0.1 0.01875 0.01875
0 0.71953125 0.06640625 0.0140625 0.0140625
0 0.78671875 0.015625 0.0140625 0.01875
0 0.76015625 0.02109375 0.0171875 0.0140625
0 0.6828125 0.0125 0.009375 0.009375
0 0.78671875 0.0375 0.0140625 0.015625
0 0.8015625 0.0359375 0.0125 0.015625
0 0.759375 0.0375 0.015625 0.015625
0 0.6640625 0.01640625 0.015625 0.0171875
0 0.646875 0.10390625 0.0125 0.0140625
0 0.596875 0.1078125 0.015625 0.015625
0 0.6046875 0.059375 0.0125 0.0125
0 0.578125 0.05078125 0.0125 0.0140625
0 0.56484375 0.07265625 0.0140625 0.0140625
0 0.51796875 0.0515625 0.0140625 0.01875
0 0.5453125 0.05234375 0.0125 0.0171875
0 0.55703125 0.03359375 0.0171875 0.0171875
0 0.5109375 0.01015625 0.009375 0.0140625
0 0.53984375 0.0796875 0.0140625 0.0125
0 0.515625 0.0859375 0.015625 0.015625
0 0.4296875 0.0671875 0.015625 0.01875
0 0.3578125 0.05 0.025 0.01875
0 0.3296875 0.0765625 0.01875 0.021875
0 0.396875 0.0234375 0.01875 0.01875
0 0.478125 0.02578125 0.015625 0.0171875
0 0.4265625 0.0390625 0.01875 0.01875
0 0.496875 0.08984375 0.015625 0.0171875
0 0.3515625 0.09609375 0.015625 0.0171875
0 0.37734375 0.02890625 0.0140625 0.0171875
0 0.41953125 0.01875 0.0140625 0.015625
0 0.43203125 0.01875 0.0171875 0.01875
0 0.45390625 0.021875 0.0140625 0.01875
0 0.30625 0.05703125 0.015625 0.0140625
0 0.2328125 0.0484375 0.015625 0.015625
0 0.25859375 0.02890625 0.0140625 0.0203125
0 0.18828125 0.08359375 0.0171875 0.0203125
0 0.171875 0.0609375 0.01875 0.01875
0 0.13125 0.04296875 0.015625 0.0203125
0 0.01484375 0.03203125 0.0171875 0.0171875
0 0.0875 0.03515625 0.0125 0.0140625
0 0.02265625 0.06015625 0.0171875 0.0203125
0 0.0234375 0.153125 0.015625 0.021875
0 0.05625 0.18125 0.025 0.021875
0 0.265625 0.0640625 0.01875 0.021875
0 0.00546875 0.15234375 0.0109375 0.0203125
0 0.08359375 0.0671875 0.0203125 0.015625
0 0.1109375 0.08515625 0.015625 0.0171875
0 0.19609375 0.0234375 0.0140625 0.015625
0 0.16875 0.0109375 0.01875 0.021875
0 0.22578125 0.34765625 0.0203125 0.0265625
0 1.06015625 0.56484375 0.0390625 0.0515625
