0 0.81484375 0.77578125 0.1296875 0.1703125
0 0.43984375 0.04765625 0.0234375 0.0390625
0 0.46640625 0.03515625 0.0203125 0.0328125
0 0.51015625 0.02734375 0.0265625 0.0390625
0 0.5140625 0.0984375 0.03125 0.040625
0 0.4890625 0.07421875 0.025 0.0390625
0 0.3734375 0.10234375 0.034375 0.0328125
0 0.4578125 0.15 0.03125 0.053125
0 0.384375 0.02578125 0.025 0.0265625
0 0.5640625 0.07265625 0.028125 0.0328125
0 0.6578125 0.0375 0.021875 0.0375
0 0.62265625 0.259375 0.0359375 0.084375
0 0.44140625 0.33203125 0.0484375 0.0796875
0 0.58203125 0.340625 0.0578125 0.0875
0 0.11796875 0.2890625 0.0578125 0.090625
0 0.74375 0.28125 0.053125 0.065625
0 0.69453125 0.44140625 0.0578125 0.0828125
0 0.040625 0.0671875 0.028125 0.034375
0 0.79296875 0.13359375 0.0328125 0.0546875
0 0.79296875 0.065625 0.0328125 0.040625
0 0.81953125 0.02265625 0.0234375 0.0328125
0 0.9390625 0.11171875 0.03125 0.0390625
0 0.93125 0.21953125 0.04375 0.0546875
0 1.00078125 0.02734375 0.0265625 0.0296875
0 0.93359375 0.00859375 0.0234375 0.0171875
0 0.92578125 0.07109375 0.0234375 0.0328125
0 0.871875 0.05703125 0.021875 0.0328125
0 0.76015625 0.0703125 0.0265625 0.0375
0 1.49765625 0.23125 0.0484375 0.0875
0 1.37109375 0.0828125 0.0296875 0.0375
0 1.5765625 0.22421875 0.025 0.0578125
0 1.59296875 0.23828125 0.0140625 0.0578125
0 0.4078125 0.203125 0.053125 0.096875
0 1.41796875 0.02578125 0.0234375 0.0359375
0 1.4046875 0.028125 0.015625 0.021875
