0 1.12578125 0.2390625 0.0515625 0.0625
0 1.27265625 0.546875 0.0359375 0.053125
0 1.0234375 0.553125 0.040625 0.046875
0 0.75078125 0.30859375 0.0453125 0.0515625
0 0.72578125 0.6 0.0546875 0.05
0 0.56171875 0.56640625 0.0484375 0.0546875
0 0.65390625 0.5515625 0.0359375 0.04375
0 0.28984375 0.37890625 0.0484375 0.0546875
0 0.2046875 0.53984375 0.053125 0.0515625
0 0.3484375 0.5796875 0.034375 0.046875
0 0.15234375 0.6625 0.0484375 0.06875
0 0.7328125 0.89765625 0.09375 0.0984375
0 0.2578125 0.9484375 0.05 0.10625
