0 1.18671875 0.21484375 0.0421875 0.0578125
0 0.67109375 0.17109375 0.0671875 0.0828125
0 0.59296875 0.240625 0.0640625 0.0875
0 0.76875 0.36484375 0.075 0.0890625
0 0.70078125 0.471875 0.0703125 0.103125
0 0.76953125 0.71875 0.0859375 0.121875
0 0.9421875 0.56484375 0.06875 0.0890625
0 0.9828125 0.76484375 0.0875 0.1171875
0 1.04140625 0.63828125 0.0828125 0.1109375
0 0.97578125 0.36953125 0.0578125 0.0828125
0 0.7703125 0.2203125 0.084375 0.0875
0 0.86171875 0.19921875 0.0703125 0.0953125
0 0.95859375 0.2265625 0.0828125 0.1125
0 1.059375 0.14375 0.075 0.10625
0 1.11953125 0.271875 0.0859375 0.10625
0 1.1625 0.39609375 0.0875 0.0984375
0 1.25078125 0.30703125 0.0734375 0.1078125
0 1.25703125 0.209375 0.0734375 0.0875
0 1.41953125 0.29921875 0.0796875 0.0921875
0 1.4375 0.40703125 0.084375 0.0953125
0 1.40703125 0.54609375 0.0828125 0.0984375
0 1.24609375 0.7859375 0.0796875 0.1
0 1.3328125 0.77578125 0.1 0.1078125
0 1.140625 0.17109375 0.0625 0.0859375
0 1.3578125 0.215625 0.04375 0.0875
0 1.0140625 0.134375 0.05 0.06875
