0 0.928125 0.2328125 0.0875 0.109375
0 1.08125 0.1765625 0.05 0.053125
0 1.03203125 0.18828125 0.0421875 0.0484375
0 0.88671875 0.18359375 0.0609375 0.0671875
0 1.50078125 0.18046875 0.0796875 0.0953125
0 1.5703125 0.1765625 0.05625 0.075
0 0.240625 0.1515625 0.0375 0.04375
0 0.7875 0.11640625 0.0375 0.0421875
0 0.58671875 0.26015625 0.0828125 0.1046875
0 0.45 0.25625 0.0875 0.10625
0 0.37109375 0.21875 0.0796875 0.0875
0 0.11484375 0.2421875 0.0765625 0.084375
0 0.203125 0.2046875 0.05625 0.0625
0 0.078125 0.20078125 0.0625 0.0796875
0 0.43125 0.1671875 0.065625 0.08125
0 0.61640625 0.1390625 0.0453125 0.046875
0 0.68203125 0.21015625 0.0546875 0.0703125
0 0.7078125 0.15078125 0.05 0.0609375
0 0.78515625 0.2390625 0.0734375 0.0875
0 1.390625 0.184375 0.04375 0.0625
0 1.44609375 0.1359375 0.0359375 0.046875
0 1.00859375 0.14453125 0.0421875 0.0421875
0 0.95859375 0.1375 0.0359375 0.046875
0 1.053125 0.1359375 0.028125 0.040625
0 0.02265625 0.203125 0.0453125 0.0625
0 0.31796875 0.21328125 0.0578125 0.0859375
0 0.50859375 0.18359375 0.0609375 0.0859375
0 1.14609375 0.1578125 0.0640625 0.078125
