0 0.27890625 0.44140625 0.0171875 0.0234375
0 0.43515625 0.453125 0.0265625 0.03125
0 0.49453125 0.475 0.0265625 0.025
0 0.49375 0.375 0.015625 0.021875
0 0.53515625 0.4 0.0171875 0.025
0 0.73046875 0.4828125 0.0359375 0.04375
0 0.79765625 0.50234375 0.0359375 0.0421875
0 0.96875 0.48515625 0.04375 0.0609375
0 0.60625 0.38046875 0.0125 0.0171875
0 0.659375 0.36171875 0.0125 0.0171875
0 0.63359375 0.4578125 0.0234375 0.028125
0 0.5875 0.4625 0.021875 0.028125
0 0.53125 0.3609375 0.015625 0.015625
0 0.5375 0.37578125 0.0125 0.0171875
0 0.7890625 0.35546875 0.015625 0.0203125
0 1.3625 0.5546875 0.053125 0.071875
0 1.10703125 0.35390625 0.0171875 0.0171875
0 1.359375 0.32265625 0.0125 0.0234375
0 1.4625 0.353125 0.0125 0.01875
0 0.15859375 0.4484375 0.0234375 0.028125
0 0.29375 0.4625 0.021875 0.028125
0 0.20078125 0.403125 0.0140625 0.021875
0 0.15 0.4171875 0.015625 0.021875
0 0.3890625 0.3859375 0.01875 0.028125
0 0.52109375 0.415625 0.0171875 0.021875
0 0.45234375 0.43125 0.0171875 0.021875
