0 0.2546875 0.553125 0.03125 0.053125
0 0.36640625 0.5625 0.0484375 0.0625
0 0.28046875 0.4328125 0.0390625 0.04375
0 0.54375 0.5234375 0.0375 0.053125
0 0.70078125 0.53125 0.0453125 0.059375
0 0.78359375 0.56171875 0.0484375 0.0609375
0 1.0421875 0.36015625 0.05 0.0640625
0 1.19140625 0.40625 0.0453125 0.059375
0 1.0546875 0.50078125 0.05 0.0609375
0 1.2078125 0.496875 0.046875 0.05625
0 1.2625 0.459375 0.046875 0.059375
0 1.4109375 0.59453125 0.04375 0.0609375
0 1.39140625 0.4484375 0.0453125 0.053125
0 1.3625 0.56328125 0.053125 0.0484375
0 0.95234375 0.4765625 0.0421875 0.0625
0 0.8953125 0.40234375 0.0375 0.0484375
0 0.675 0.50078125 0.034375 0.0453125
0 1.125 0.3125 0.0125 0.028125
0 1.5828125 0.48515625 0.034375 0.0546875
0 0.82109375 0.51796875 0.0328125 0.0296875
0 0.075 0.42109375 0.021875 0.0359375
