0 0.94921875 0.1703125 0.0828125 0.1375
0 0.05078125 0.50703125 0.0671875 0.0953125
0 0.33671875 0.54921875 0.0484375 0.0609375
0 0.31875 0.6140625 0.0625 0.071875
0 0.4015625 0.62734375 0.0625 0.0921875
0 0.4890625 0.57109375 0.05625 0.0765625
0 0.68203125 0.55546875 0.0328125 0.0578125
0 0.72265625 0.6171875 0.0515625 0.078125
0 1.3421875 0.54375 0.071875 0.09375
0 1.26640625 0.6046875 0.0484375 0.08125
0 1.49609375 0.63203125 0.0609375 0.0765625
0 1.50703125 0.5515625 0.0484375 0.059375
0 0.7796875 0.6015625 0.059375 0.071875
0 1.4125 0.58984375 0.053125 0.0703125
0 0.13984375 0.62890625 0.0609375 0.0796875
