0 0.2296875 0.196875 0.0375 0.04375
0 0.1671875 0.259375 0.046875 0.053125
0 0.2921875 0.296875 0.040625 0.05
0 0.3421875 0.2640625 0.034375 0.04375
0 0.465625 0.2328125 0.0375 0.040625
0 0.5875 0.2796875 0.0375 0.046875
0 0.6578125 0.3140625 0.0375 0.053125
0 0.7046875 0.22265625 0.034375 0.0453125
0 0.759375 0.325 0.0375 0.046875
0 0.634375 0.390625 0.040625 0.05
0 0.50625 0.4171875 0.040625 0.05625
0 0.42421875 0.309375 0.0390625 0.05
0 0.38203125 0.43203125 0.0421875 0.0515625
0 0.52265625 0.3359375 0.0359375 0.046875
0 0.25390625 0.4296875 0.0421875 0.05625
0 0.228125 0.49921875 0.05 0.0578125
0 0.528125 0.52421875 0.04375 0.0578125
0 0.6671875 0.53828125 0.05 0.0546875
0 0.37421875 0.534375 0.0453125 0.0625
0 0.090625 0.478125 0.05 0.059375
0 0.92890625 0.24453125 0.0359375 0.0390625
0 1.04296875 0.26953125 0.0328125 0.0421875
0 1.06796875 0.3140625 0.0390625 0.05
0 1.19609375 0.32734375 0.0390625 0.0453125
0 1.1625 0.22578125 0.034375 0.0390625
0 1.26796875 0.4015625 0.0390625 0.053125
0 0.94296875 0.50078125 0.0421875 0.0578125
0 1.07890625 0.51796875 0.0453125 0.0546875
0 1.09296875 0.415625 0.0359375 0.046875
0 1.234375 0.50625 0.040625 0.059375
0 1.39296875 0.50234375 0.0453125 0.0546875
0 0.91953125 0.43046875 0.0390625 0.0546875
0 0.78671875 0.41015625 0.0453125 0.0515625
0 0.8046875 0.559375 0.04375 0.059375
0 0.94453125 0.3171875 0.0390625 0.046875
0 0.8109375 0.22734375 0.0375 0.0515625
