0 0.1171875 0.375 0.08125 0.090625
0 0.20546875 0.4546875 0.0578125 0.078125
0 0.26171875 0.44375 0.0484375 0.065625
0 0.3296875 0.4875 0.053125 0.078125
0 0.4046875 0.49609375 0.059375 0.0734375
0 0.52734375 0.484375 0.0546875 0.065625
0 0.45625 0.471875 0.053125 0.065625
0 0.21875 0.703125 0.075 0.0875
0 0.32890625 0.64140625 0.0703125 0.0859375
0 0.665625 0.48359375 0.0625 0.0734375
0 0.5890625 0.44375 0.053125 0.06875
0 0.71875 0.43046875 0.059375 0.0703125
0 0.80390625 0.4609375 0.0609375 0.08125
0 0.82109375 0.3859375 0.0546875 0.0625
0 0.89453125 0.44765625 0.0515625 0.0765625
0 0.94765625 0.48671875 0.0546875 0.0671875
0 1.0546875 0.4953125 0.059375 0.06875
0 0.98046875 0.41796875 0.0484375 0.0609375
0 1.10234375 0.43515625 0.0453125 0.0703125
0 1.28046875 0.43828125 0.0578125 0.0890625
0 1.4140625 0.47421875 0.0625 0.0828125
0 1.521875 0.40859375 0.065625 0.0921875
0 1.375 0.6109375 0.075 0.109375
0 1.2703125 0.690625 0.071875 0.103125
0 1.1921875 0.48203125 0.04375 0.0578125
0 1.2078125 0.63125 0.05625 0.09375
0 1.36640625 0.46796875 0.0484375 0.0890625
0 0.67265625 0.415625 0.0421875 0.053125
