0 1.56796875 0.60703125 0.0453125 0.0671875
0 1.5578125 0.70859375 0.05 0.0796875
0 1.49453125 0.61796875 0.0390625 0.0515625
0 1.3984375 0.603125 0.034375 0.034375
0 1.32890625 0.5578125 0.0265625 0.028125
0 1.2796875 0.55703125 0.025 0.0265625
0 1.18984375 0.59765625 0.0234375 0.0390625
0 1.23359375 0.54765625 0.0234375 0.0234375
0 1.1375 0.559375 0.021875 0.034375
0 1.1703125 0.5375 0.01875 0.025
0 1.14609375 0.63515625 0.0390625 0.0578125
0 1.10859375 0.64921875 0.0390625 0.0640625
0 1.46015625 0.5953125 0.0328125 0.028125
0 1.065625 0.584375 0.034375 0.040625
0 0.9828125 0.57890625 0.025 0.0390625
0 0.89296875 0.57890625 0.0328125 0.0453125
0 0.825 0.62890625 0.040625 0.0546875
0 0.78125 0.6078125 0.025 0.046875
0 0.653125 0.6515625 0.05625 0.071875
0 0.66875 0.53125 0.021875 0.03125
0 0.6296875 0.54296875 0.021875 0.0296875
0 0.70234375 0.53515625 0.0203125 0.0234375
0 0.771875 0.559375 0.021875 0.03125
0 0.7484375 0.52578125 0.015625 0.0171875
0 0.92421875 0.53828125 0.0203125 0.0296875
0 0.77265625 0.49453125 0.0109375 0.0140625
0 0.77109375 0.5421875 0.0203125 0.021875
0 0.503125 0.596875 0.034375 0.046875
0 0.53046875 0.56796875 0.0171875 0.0296875
0 0.46015625 0.5359375 0.0203125 0.025
0 0.4765625 0.5125 0.015625 0.021875
0 0.390625 0.5375 0.021875 0.034375
0 0.39609375 0.6421875 0.0671875 0.084375
0 0.20703125 0.68125 0.0828125 0.0875
0 0.29453125 0.5953125 0.0265625 0.05
0 0.31484375 0.55546875 0.0296875 0.0359375
0 0.04765625 0.67890625 0.0609375 0.0796875
