0 1.5171875 0.20859375 0.040625 0.0609375
0 1.303125 0.20234375 0.053125 0.0734375
0 1.15546875 0.17109375 0.0390625 0.0546875
0 1.440625 0.25390625 0.028125 0.0390625
0 0.8734375 0.20546875 0.04375 0.0703125
0 0.715625 0.19375 0.05 0.05625
0 0.6546875 0.23828125 0.0625 0.0828125
0 0.76875 0.334375 0.046875 0.053125
0 0.3421875 0.1953125 0.05 0.059375
0 0.25390625 0.25390625 0.0484375 0.0671875
0 0.2265625 0.13046875 0.04375 0.0703125
0 0.28984375 0.259375 0.0421875 0.059375
0 0.4875 0.25546875 0.05625 0.0609375
0 0.08046875 0.14296875 0.0484375 0.0578125
0 0.3765625 0.16484375 0.034375 0.0546875
0 1.08203125 0.31015625 0.0296875 0.0453125
