0 0.65390625 0.38515625 0.0078125 0.0109375
0 0.67734375 0.37890625 0.0109375 0.0109375
0 0.6921875 0.3765625 0.009375 0.009375
0 0.775 0.43359375 0.021875 0.0234375
0 0.8796875 0.41640625 0.01875 0.0203125
0 0.83125 0.43515625 0.0125 0.0109375
0 1.015625 0.37734375 0.025 0.0328125
0 1.0078125 0.41796875 0.028125 0.0359375
0 1.20625 0.4 0.015625 0.01875
0 1.5921875 0.38828125 0.015625 0.0265625
0 1.4859375 0.4359375 0.009375 0.009375
0 1.38359375 0.43984375 0.0078125 0.0078125
0 0.35078125 0.42890625 0.0109375 0.0140625
0 0.3953125 0.4359375 0.0125 0.0125
0 0.184375 0.36484375 0.0125 0.0140625
0 0.21953125 0.4109375 0.0109375 0.0125
0 0.25 0.396875 0.0125 0.0125
0 0.28828125 0.440625 0.0109375 0.0125
0 0.25078125 0.434375 0.0109375 0.0125
0 0.2484375 0.471875 0.01875 0.01875
0 0.19140625 0.57109375 0.0203125 0.0171875
0 0.3015625 0.51953125 0.015625 0.0171875
0 0.43125 0.49453125 0.0125 0.0140625
0 0.39296875 0.4515625 0.0171875 0.01875
0 0.52578125 0.4140625 0.0171875 0.021875
0 0.5765625 0.50234375 0.009375 0.0140625
0 0.44453125 0.4328125 0.0109375 0.0125
0 0.45546875 0.4015625 0.0078125 0.009375
0 0.47421875 0.41015625 0.0109375 0.0109375
0 0.4265625 0.3953125 0.009375 0.0125
0 0.38984375 0.396875 0.0109375 0.0125
0 0.409375 0.34296875 0.009375 0.0109375
0 0.34453125 0.3765625 0.0109375 0.009375
0 0.328125 0.3703125 0.009375 0.009375
0 0.34609375 0.33984375 0.0109375 0.0109375
0 0.48671875 0.35 0.0078125 0.009375
0 0.55078125 0.36328125 0.0078125 0.0109375
0 0.58359375 0.375 0.0109375 0.009375
0 0.60625 0.41015625 0.009375 0.0078125
0 0.61875 0.40859375 0.009375 0.0109375
0 0.11171875 0.6640625 0.0328125 0.075
0 0.8921875 0.3671875 0.0125 0.0125
0 1.2453125 0.42578125 0.009375 0.0109375
0 0.01484375 0.40078125 0.0140625 0.0109375
0 0.54296875 0.43515625 0.0140625 0.0140625
0 0.53828125 0.41484375 0.0140625 0.0140625
0 0.746875 0.3484375 0.00625 0.009375
0 0.04296875 0.56640625 0.0171875 0.0203125
0 0.7421875 0.42421875 0.009375 0.0109375
0 1.2765625 0.39296875 0.015625 0.0203125
0 1.32890625 0.45234375 0.0078125 0.0078125
