0 1.4625 0.43671875 0.09375 0.0984375
0 1.46484375 0.27421875 0.0515625 0.0515625
0 1.5390625 0.30390625 0.04375 0.0453125
0 1.46640625 0.153125 0.0296875 0.03125
0 1.25546875 0.41796875 0.0734375 0.0921875
0 1.38046875 0.3609375 0.0421875 0.078125
0 1.15078125 0.37109375 0.0578125 0.0734375
0 1.29453125 0.26875 0.0390625 0.040625
0 1.21875 0.315625 0.046875 0.059375
0 1.01015625 0.30859375 0.0484375 0.0578125
0 0.98125 0.30078125 0.040625 0.0453125
0 0.95859375 0.2546875 0.0328125 0.0375
0 0.9515625 0.15703125 0.034375 0.0390625
0 1.08125 0.1296875 0.025 0.034375
0 0.83515625 0.271875 0.0484375 0.053125
0 0.909375 0.309375 0.0375 0.040625
0 0.8390625 0.39609375 0.065625 0.0796875
0 0.75859375 0.4890625 0.0859375 0.090625
0 0.56484375 0.39921875 0.0671875 0.0828125
0 0.803125 0.1453125 0.03125 0.0375
0 0.5984375 0.16796875 0.053125 0.0515625
0 0.1375 0.16953125 0.128125 0.2671875
0 1.46796875 0.54921875 0.0859375 0.0921875
0 1.2703125 0.81875 0.153125 0.19375
0 0.321875 0.18515625 0.025 0.0296875
0 1.46484375 0.3734375 0.0515625 0.075
