0 1.5484375 0.2828125 0.021875 0.028125
0 1.4921875 0.26328125 0.025 0.0359375
0 1.38671875 0.278125 0.0203125 0.03125
0 1.325 0.2578125 0.025 0.034375
0 1.190625 0.24140625 0.025 0.0296875
0 1.1125 0.2390625 0.015625 0.021875
0 1.04140625 0.25625 0.0109375 0.0125
0 0.96796875 0.24296875 0.0078125 0.0109375
0 0.84609375 0.20625 0.0171875 0.028125
0 0.65859375 0.21171875 0.0140625 0.0203125
0 0.68515625 0.19765625 0.0109375 0.0171875
0 0.6125 0.21171875 0.0125 0.0203125
0 0.62734375 0.2015625 0.0109375 0.01875
0 0.5796875 0.2046875 0.0125 0.01875
0 0.1703125 0.15625 0.01875 0.025
0 0.23359375 0.1609375 0.0203125 0.025
0 0.4234375 0.19921875 0.01875 0.0203125
0 0.48828125 0.20078125 0.0171875 0.0203125
0 0.084375 0.13515625 0.01875 0.0296875
0 0.021875 0.1390625 0.01875 0.03125
0 0.05546875 0.134375 0.0171875 0.034375
0 0.93046875 0.23828125 0.0109375 0.0140625
0 0.91796875 0.2359375 0.0109375 0.015625
0 0.98515625 0.23828125 0.0109375 0.0140625
0 1.01796875 0.24609375 0.0109375 0.0140625
0 0.87734375 0.26015625 0.0109375 0.0203125
0 0.3296875 0.196875 0.0125 0.01875
0 0.75625 0.234375 0.0125 0.0125
0 0.7625 0.228125 0.009375 0.0125
0 0.77890625 0.2390625 0.0140625 0.01875
0 0.64296875 0.1953125 0.0109375 0.015625
0 0.703125 0.2046875 0.015625 0.021875
