0 1.49453125 0.72578125 0.0609375 0.0671875
0 1.57421875 0.8140625 0.0515625 0.075
0 1.22109375 0.728125 0.0609375 0.06875
0 1.36796875 0.67421875 0.0578125 0.0765625
0 1.4921875 0.67578125 0.053125 0.0671875
0 1.5203125 0.58125 0.05 0.05625
0 1.3328125 0.6078125 0.040625 0.046875
0 1.1265625 0.696875 0.053125 0.0625
0 1.05 0.8546875 0.065625 0.078125
0 1.0484375 0.75390625 0.05 0.0515625
0 1.396875 0.6203125 0.040625 0.05
0 1.4453125 0.57734375 0.040625 0.0484375
0 1.33671875 0.5375 0.0359375 0.034375
0 1.2703125 0.55546875 0.0375 0.0390625
0 1.45859375 0.5390625 0.0328125 0.03125
0 1.5328125 0.49765625 0.03125 0.0328125
0 1.47734375 0.49609375 0.0296875 0.0328125
0 1.4234375 0.45078125 0.028125 0.0296875
0 1.36484375 0.49140625 0.0296875 0.0265625
0 1.571875 0.46875 0.025 0.03125
0 1.203125 0.60078125 0.0375 0.0484375
0 1.2484375 0.5265625 0.028125 0.034375
0 1.28046875 0.47890625 0.0234375 0.0265625
0 0.909375 0.615625 0.05 0.053125
0 0.91953125 0.540625 0.0328125 0.0375
0 0.98046875 0.528125 0.0296875 0.034375
0 1.00625 0.48046875 0.028125 0.0328125
0 1.06328125 0.4234375 0.0234375 0.028125
0 0.93515625 0.49296875 0.0296875 0.0328125
0 0.89140625 0.5109375 0.0296875 0.03125
0 0.89375 0.46953125 0.028125 0.0265625
0 0.94609375 0.45703125 0.0234375 0.0234375
0 0.97421875 0.44453125 0.0171875 0.0265625
0 0.98203125 0.40546875 0.0234375 0.0265625
0 0.89921875 0.4296875 0.0265625 0.025
0 0.784375 0.528125 0.03125 0.034375
0 0.81953125 0.471875 0.0234375 0.028125
0 0.76640625 0.5796875 0.0328125 0.040625
0 0.81875 0.43046875 0.021875 0.0234375
0 0.87421875 0.42109375 0.0171875 0.0203125
0 0.915625 0.38671875 0.021875 0.0234375
0 0.7859375 0.4078125 0.01875 0.021875
0 0.83203125 0.39296875 0.0203125 0.0203125
0 1.02890625 0.39375 0.0234375 0.025
0 1.0859375 0.40234375 0.025 0.0234375
0 1.11328125 0.3890625 0.0171875 0.021875
0 1.1515625 0.41171875 0.021875 0.0265625
0 1.16484375 0.38125 0.0203125 0.01875
0 0.66171875 0.66171875 0.0453125 0.0421875
0 0.740625 0.4640625 0.028125 0.03125
0 0.68984375 0.48046875 0.0328125 0.0359375
0 0.71875 0.4375 0.028125 0.028125
0 0.640625 0.4671875 0.028125 0.03125
0 0.66953125 0.4078125 0.0203125 0.025
0 0.5546875 0.5453125 0.034375 0.040625
0 0.61171875 0.52265625 0.0328125 0.0359375
0 0.52421875 0.5125 0.0328125 0.034375
0 0.4625 0.50390625 0.025 0.0265625
0 0.4671875 0.459375 0.025 0.028125
0 0.45234375 0.56015625 0.0296875 0.0359375
0 0.43359375 0.5140625 0.0234375 0.028125
0 0.44296875 0.4078125 0.0203125 0.025
0 0.5234375 0.434375 0.021875 0.028125
0 0.55625 0.4359375 0.021875 0.028125
0 0.61796875 0.42109375 0.0203125 0.0203125
0 0.6140625 0.45 0.01875 0.025
0 0.71484375 0.4109375 0.0234375 0.025
0 0.69375 0.384375 0.01875 0.021875
0 0.721875 0.35 0.01875 0.01875
0 0.78984375 0.37734375 0.0171875 0.0203125
0 0.7625 0.4109375 0.015625 0.01875
0 0.8625 0.38125 0.01875 0.021875
0 0.55390625 0.38515625 0.0203125 0.0234375
0 0.59609375 0.39765625 0.0203125 0.0265625
0 0.62109375 0.3828125 0.0203125 0.021875
0 0.509375 0.3921875 0.01875 0.025
0 0.4578125 0.39375 0.021875 0.021875
0 0.446875 0.36328125 0.01875 0.0234375
0 0.4703125 0.35 0.01875 0.01875
0 0.53125 0.3640625 0.01875 0.021875
0 0.57265625 0.34921875 0.0203125 0.0234375
0 0.60859375 0.35546875 0.0171875 0.0203125
0 0.6328125 0.34765625 0.015625 0.0203125
0 0.65859375 0.3703125 0.0140625 0.01875
0 0.515625 0.35390625 0.015625 0.0171875
0 0.4234375 0.33671875 0.015625 0.0171875
0 0.453125 0.34140625 0.0125 0.0140625
0 0.44140625 0.3171875 0.0109375 0.015625
0 0.48359375 0.3140625 0.0109375 0.015625
0 0.534375 0.33359375 0.009375 0.0140625
0 0.53828125 0.31328125 0.0140625 0.0140625
0 0.590625 0.3328125 0.0125 0.015625
0 0.61328125 0.33515625 0.0140625 0.0171875
0 0.63203125 0.325 0.0140625 0.0125
0 0.60234375 0.31796875 0.0140625 0.0171875
0 0.61953125 0.3015625 0.0140625 0.015625
0 0.58359375 0.309375 0.0171875 0.015625
0 0.56796875 0.29921875 0.0109375 0.0140625
0 0.5953125 0.290625 0.0125 0.015625
0 0.51953125 0.30234375 0.0140625 0.0140625
0 0.5453125 0.29921875 0.0125 0.0140625
0 0.53125 0.2765625 0.009375 0.0125
0 0.51953125 0.26953125 0.0109375 0.0109375
0 0.50625 0.2921875 0.009375 0.0125
0 0.48515625 0.27890625 0.0109375 0.0109375
0 0.4703125 0.28828125 0.0125 0.0140625
0 0.43203125 0.296875 0.0140625 0.0125
0 0.4375 0.28359375 0.0125 0.0140625
0 0.45078125 0.26953125 0.0109375 0.0140625
0 0.4921875 0.26171875 0.009375 0.0140625
0 0.65625 0.309375 0.0125 0.015625
0 0.68203125 0.3296875 0.0140625 0.015625
0 0.66953125 0.31484375 0.0109375 0.0171875
0 0.6859375 0.29609375 0.0125 0.0140625
0 0.71484375 0.31171875 0.0109375 0.0140625
0 0.7390625 0.2953125 0.0125 0.015625
0 0.7859375 0.33125 0.015625 0.01875
0 0.77109375 0.325 0.0140625 0.015625
0 0.7546875 0.32265625 0.0125 0.0171875
0 0.76640625 0.2890625 0.0109375 0.015625
0 0.77421875 0.27890625 0.0109375 0.0140625
0 0.7375 0.2734375 0.0125 0.015625
0 0.69296875 0.27734375 0.0109375 0.0140625
0 0.6671875 0.2703125 0.0125 0.0125
0 0.6515625 0.2859375 0.0125 0.0125
0 0.6421875 0.2796875 0.0125 0.015625
0 0.6578125 0.2625 0.0125 0.0125
0 0.62109375 0.2703125 0.0109375 0.009375
0 0.571875 0.27578125 0.009375 0.0140625
0 0.59375 0.25703125 0.009375 0.0109375
0 0.55703125 0.26015625 0.0078125 0.0109375
0 0.571875 0.25703125 0.009375 0.0109375
0 0.58203125 0.24765625 0.0078125 0.0109375
0 0.5421875 0.253125 0.0125 0.0125
0 0.5203125 0.23984375 0.009375 0.0078125
0 0.50546875 0.246875 0.0078125 0.009375
0 0.53984375 0.23828125 0.0078125 0.0109375
0 0.553125 0.2359375 0.00625 0.009375
0 0.48515625 0.25234375 0.0109375 0.0109375
0 0.4625 0.2484375 0.009375 0.0125
0 0.4734375 0.24609375 0.009375 0.0078125
0 0.4390625 0.26484375 0.0125 0.0109375
0 0.403125 0.27109375 0.009375 0.0140625
0 0.41484375 0.26796875 0.0078125 0.0109375
0 0.71015625 0.259375 0.0109375 0.0125
0 0.6921875 0.253125 0.009375 0.0125
0 0.72734375 0.25390625 0.0109375 0.0140625
0 0.7515625 0.2375 0.009375 0.0125
0 0.940625 0.3640625 0.021875 0.021875
0 1.0140625 0.36953125 0.01875 0.0234375
0 1.07578125 0.3640625 0.0203125 0.01875
0 1.05703125 0.38515625 0.0203125 0.0234375
0 1.1375 0.365625 0.01875 0.025
0 1.1125 0.35 0.01875 0.021875
0 1.20078125 0.35234375 0.0234375 0.0234375
0 1.178125 0.3484375 0.01875 0.021875
0 1.13984375 0.328125 0.0203125 0.01875
0 1.16484375 0.31796875 0.0140625 0.0171875
0 1.10703125 0.33359375 0.0203125 0.0203125
0 0.9859375 0.30546875 0.015625 0.0171875
0 0.96328125 0.32890625 0.0140625 0.0171875
0 0.93203125 0.3203125 0.0171875 0.01875
0 0.91640625 0.359375 0.0140625 0.01875
0 0.88671875 0.36796875 0.0203125 0.0203125
0 0.88828125 0.32890625 0.0171875 0.0171875
0 0.86640625 0.346875 0.0171875 0.015625
0 0.8484375 0.3625 0.015625 0.021875
0 0.84140625 0.3390625 0.0140625 0.015625
0 0.85703125 0.3078125 0.0140625 0.0125
0 0.9 0.2921875 0.0125 0.015625
0 0.92734375 0.29375 0.0140625 0.015625
0 0.94921875 0.29921875 0.0109375 0.0140625
0 0.96796875 0.30234375 0.0140625 0.0171875
0 0.83671875 0.3 0.0140625 0.015625
0 0.878125 0.2859375 0.0125 0.015625
0 0.85390625 0.290625 0.0078125 0.009375
0 0.85078125 0.275 0.0109375 0.0125
0 0.86796875 0.27265625 0.0109375 0.0171875
0 0.7921875 0.27109375 0.009375 0.0109375
0 0.81875 0.2640625 0.015625 0.015625
0 0.87265625 0.259375 0.0109375 0.009375
0 0.8890625 0.278125 0.0125 0.0125
0 0.91796875 0.275 0.0109375 0.015625
0 0.9234375 0.25859375 0.0125 0.0140625
0 0.8859375 0.24921875 0.009375 0.0109375
0 0.9671875 0.275 0.009375 0.009375
0 1.00546875 0.27265625 0.0109375 0.0109375
0 1.02109375 0.284375 0.0140625 0.015625
0 0.99296875 0.2625 0.0109375 0.0125
0 0.978125 0.25546875 0.0125 0.0109375
0 1.0421875 0.26796875 0.0125 0.0140625
0 1.028125 0.2625 0.009375 0.0125
0 1.07578125 0.3171875 0.0140625 0.01875
0 1.03671875 0.33203125 0.0140625 0.0140625
0 1.14765625 0.3 0.0109375 0.015625
0 1.18046875 0.2921875 0.0140625 0.01875
0 1.203125 0.325 0.015625 0.01875
0 1.2328125 0.3078125 0.015625 0.01875
0 1.23359375 0.378125 0.0203125 0.021875
0 1.23515625 0.3515625 0.0171875 0.021875
0 1.26796875 0.44453125 0.0234375 0.0265625
0 1.2625 0.40078125 0.021875 0.0234375
0 1.25859375 0.3328125 0.0140625 0.01875
0 1.28515625 0.31875 0.0140625 0.01875
0 1.278125 0.29296875 0.0125 0.0171875
0 1.2578125 0.29765625 0.015625 0.0171875
0 1.2 0.2859375 0.0125 0.015625
0 1.228125 0.2875 0.0125 0.0125
0 1.18203125 0.27265625 0.0140625 0.0140625
0 1.165625 0.275 0.0125 0.0125
0 1.14609375 0.28359375 0.0109375 0.0140625
0 1.10859375 0.2765625 0.0109375 0.0125
0 1.06171875 0.29375 0.0140625 0.015625
0 1.03359375 0.3015625 0.0109375 0.015625
0 1.09765625 0.26484375 0.0109375 0.0140625
0 1.0734375 0.253125 0.009375 0.009375
0 1.06171875 0.2375 0.0109375 0.0125
0 1.03984375 0.25078125 0.0109375 0.0140625
0 1.01875 0.24296875 0.009375 0.0109375
0 0.99453125 0.23359375 0.0109375 0.0109375
0 1.040625 0.23359375 0.009375 0.0140625
0 1.12734375 0.29609375 0.0109375 0.0171875
0 1.09296875 0.28671875 0.0109375 0.0109375
0 1.1421875 0.26796875 0.0125 0.0140625
0 1.14140625 0.25390625 0.0109375 0.0109375
0 1.175 0.2390625 0.0125 0.0125
0 1.1328125 0.23671875 0.009375 0.0078125
0 1.14140625 0.24453125 0.0109375 0.0109375
0 1.12578125 0.25390625 0.0109375 0.0109375
0 1.56328125 0.43125 0.0265625 0.028125
0 1.58671875 0.4140625 0.0265625 0.028125
0 1.5078125 0.4109375 0.028125 0.025
0 1.475 0.44453125 0.028125 0.0296875
0 1.41953125 0.4234375 0.0265625 0.025
0 1.44140625 0.39921875 0.0234375 0.0234375
0 1.4140625 0.3859375 0.025 0.025
0 1.33046875 0.43125 0.0265625 0.025
0 1.340625 0.4703125 0.028125 0.028125
0 1.315625 0.41171875 0.025 0.0265625
0 1.3546875 0.39375 0.025 0.025
0 1.378125 0.37421875 0.021875 0.0234375
0 1.33828125 0.3734375 0.0203125 0.021875
0 1.3 0.375 0.025 0.025
0 1.29765625 0.34375 0.0203125 0.021875
0 1.32265625 0.340625 0.0140625 0.01875
0 1.34765625 0.346875 0.0171875 0.021875
0 1.40078125 0.34609375 0.0171875 0.0203125
0 1.43984375 0.3421875 0.0171875 0.021875
0 1.49375 0.390625 0.021875 0.025
0 1.48125 0.37578125 0.028125 0.0296875
0 1.51484375 0.3734375 0.0171875 0.021875
0 1.4921875 0.34296875 0.01875 0.0203125
0 1.53359375 0.34140625 0.0203125 0.0203125
0 1.5859375 0.3625 0.021875 0.025
0 1.56796875 0.36640625 0.0203125 0.0234375
0 1.58515625 0.34453125 0.0203125 0.0234375
0 1.52109375 0.31796875 0.0171875 0.0203125
0 1.49296875 0.30546875 0.0171875 0.0171875
0 1.47421875 0.32734375 0.0171875 0.0203125
0 1.453125 0.32421875 0.01875 0.0203125
0 1.43125 0.31015625 0.015625 0.0140625
0 1.46015625 0.29921875 0.0171875 0.0171875
0 1.40703125 0.32421875 0.0171875 0.0171875
0 1.38984375 0.309375 0.0171875 0.015625
0 1.3453125 0.3234375 0.01875 0.015625
0 1.334375 0.3140625 0.01875 0.01875
0 1.35 0.29296875 0.0125 0.0171875
0 1.29375 0.2890625 0.0125 0.009375
0 1.39609375 0.2859375 0.0140625 0.0125
0 1.43671875 0.28828125 0.0140625 0.0171875
0 1.4171875 0.2890625 0.015625 0.015625
0 1.41953125 0.2703125 0.0140625 0.015625
0 1.403125 0.27109375 0.015625 0.0171875
0 1.5625 0.321875 0.015625 0.01875
0 1.5765625 0.30703125 0.015625 0.0171875
0 1.59609375 0.2921875 0.0078125 0.015625
0 1.5671875 0.2921875 0.0125 0.015625
0 1.47890625 0.29296875 0.0171875 0.0171875
0 1.5140625 0.2609375 0.015625 0.015625
0 1.47734375 0.26328125 0.0140625 0.0109375
0 1.45625 0.2765625 0.0125 0.015625
0 1.4609375 0.2609375 0.0125 0.015625
0 1.4421875 0.26875 0.0125 0.015625
0 1.42109375 0.2453125 0.0109375 0.0125
0 1.4125 0.25390625 0.0125 0.0140625
0 1.39296875 0.253125 0.0140625 0.015625
0 1.37421875 0.25390625 0.0140625 0.0140625
0 1.36015625 0.28046875 0.0140625 0.0140625
0 1.33984375 0.27890625 0.0109375 0.0109375
0 1.2953125 0.28203125 0.0125 0.0171875
0 0.80234375 0.290625 0.0140625 0.015625
0 0.8109375 0.3375 0.015625 0.01875
0 0.6296875 0.25703125 0.0125 0.0109375
0 0.62265625 0.24765625 0.0109375 0.0140625
0 0.83828125 0.23046875 0.0109375 0.0109375
0 0.82109375 0.240625 0.0078125 0.009375
0 0.95625 0.23515625 0.009375 0.0109375
0 0.9828125 0.28046875 0.0125 0.0140625
0 0.8390625 0.25390625 0.0125 0.0140625
0 0.80390625 0.2640625 0.0140625 0.0125
0 1.05 0.34609375 0.015625 0.0171875
0 1.55546875 0.24609375 0.0109375 0.0109375
0 1.5734375 0.26171875 0.009375 0.0109375
0 1.590625 0.24453125 0.0125 0.0140625
0 1.3421875 0.25546875 0.015625 0.0140625
0 1.3390625 0.21875 0.009375 0.0125
0 1.3421875 0.23984375 0.0125 0.0140625
0 1.30546875 0.26171875 0.0140625 0.0140625
0 0.68125 0.53671875 0.034375 0.0390625
0 1.3078125 0.30234375 0.015625 0.0171875
0 1.31328125 0.2859375 0.0140625 0.0125
0 0.675 0.36875 0.015625 0.01875
0 0.4765625 0.38125 0.01875 0.01875
0 0.79921875 0.315625 0.0171875 0.01875
