0 0.15390625 0.3125 0.0671875 0.08125
0 0.4828125 0.3546875 0.0375 0.05625
0 0.32265625 0.01953125 0.0078125 0.0109375
0 0.35859375 0.3453125 0.0109375 0.01875
0 0.5125 0.05859375 0.009375 0.0109375
0 0.52109375 0.05859375 0.0078125 0.0109375
0 0.45859375 0.04140625 0.0140625 0.0171875
0 0.63203125 0.0953125 0.0078125 0.009375
0 0.6421875 0.1 0.00625 0.009375
0 0.7171875 0.11875 0.00625 0.009375
0 0.728125 0.1203125 0.00625 0.009375
0 0.915625 0.303125 0.075 0.103125
0 1.1578125 0.3453125 0.01875 0.028125
0 1.3046875 0.34375 0.009375 0.0125
0 1.26171875 0.34609375 0.0109375 0.0140625
0 1.4234375 0.3421875 0.0125 0.015625
0 1.36953125 0.33984375 0.0203125 0.0265625
0 1.546875 0.34140625 0.025 0.0265625
0 1.5265625 0.3328125 0.015625 0.01875
0 1.575 0.31953125 0.015625 0.0203125
0 1.4609375 0.346875 0.0125 0.01875
0 0.265625 0.26328125 0.05625 0.0609375
