0 1.4765625 0.521875 0.08125 0.115625
0 1.2875 0.51484375 0.09375 0.1140625
0 1.11953125 0.49765625 0.0546875 0.0734375
0 0.959375 0.52890625 0.1 0.1328125
0 1.00703125 0.39140625 0.0453125 0.0578125
0 0.81484375 0.33828125 0.0421875 0.0609375
0 0.5875 0.4859375 0.09375 0.125
0 0.24921875 0.5828125 0.1046875 0.15
0 0.21328125 0.4171875 0.0859375 0.1
0 0.403125 0.359375 0.053125 0.075
0 0.27890625 0.33828125 0.0515625 0.0546875
0 1.38828125 0.43203125 0.0453125 0.0578125
0 1.15625 0.28984375 0.0125 0.0203125
0 1.17734375 0.4203125 0.0515625 0.065625
0 0.8625 0.2875 0.01875 0.021875
0 0.73359375 0.27734375 0.0109375 0.0171875
0 0.58359375 0.2609375 0.0109375 0.015625
0 0.45703125 0.42265625 0.0703125 0.0890625
0 0.66015625 0.428125 0.0484375 0.065625
0 0.41171875 0.32109375 0.0390625 0.0359375
0 0.3484375 0.2421875 0.009375 0.015625
0 0.39921875 0.25546875 0.0140625 0.0171875
0 0.4328125 0.259375 0.009375 0.015625
0 0.09765625 0.2640625 0.0265625 0.034375
0 0.22578125 0.26953125 0.0171875 0.0203125
0 0.24609375 0.246875 0.0109375 0.015625
0 0.03515625 0.42109375 0.0703125 0.1109375
0 0.18203125 0.2203125 0.0078125 0.009375
0 0.29140625 0.228125 0.0078125 0.009375
0 0.309375 0.22734375 0.00625 0.0078125
0 0.09609375 0.20625 0.0109375 0.0125
