0 0.22421875 0.4484375 0.2984375 0.453125
0 0.6328125 0.628125 0.0125 0.01875
0 0.58515625 0.615625 0.0078125 0.00625
0 0.6734375 0.62734375 0.0125 0.0171875
0 0.7828125 0.62890625 0.009375 0.0140625
0 0.803125 0.6328125 0.015625 0.01875
0 0.82890625 0.628125 0.0078125 0.015625
0 0.8546875 0.6375 0.009375 0.01875
0 0.86875 0.6390625 0.009375 0.015625
0 0.8625 0.62265625 0.0125 0.0109375
0 0.89609375 0.64140625 0.0140625 0.0171875
0 0.88125 0.63671875 0.00625 0.0140625
0 0.8984375 0.73359375 0.01875 0.0171875
0 0.765625 0.8015625 0.021875 0.03125
0 0.74921875 0.8625 0.0390625 0.046875
0 0.85390625 0.878125 0.0328125 0.046875
0 0.95 0.73359375 0.015625 0.0203125
0 1.08984375 0.79453125 0.1265625 0.1765625
0 0.94921875 0.640625 0.0109375 0.01875
0 0.9671875 0.6390625 0.009375 0.015625
0 0.98359375 0.64296875 0.0140625 0.0171875
0 0.99921875 0.646875 0.0140625 0.01875
0 1.0375 0.6375 0.015625 0.01875
0 1.046875 0.6578125 0.015625 0.01875
0 1.08828125 0.634375 0.0140625 0.01875
0 1.1078125 0.659375 0.015625 0.025
0 1.16875 0.65 0.01875 0.01875
0 1.20859375 0.6421875 0.0140625 0.021875
0 1.2421875 0.65234375 0.015625 0.0265625
0 1.25546875 0.64921875 0.0140625 0.0203125
0 1.2953125 0.65078125 0.01875 0.0234375
0 1.26796875 0.75859375 0.0171875 0.0265625
0 1.25078125 0.8375 0.0265625 0.0375
0 1.2859375 0.84375 0.03125 0.0375
0 1.271875 0.78828125 0.0125 0.0234375
0 1.3328125 0.65078125 0.01875 0.0265625
0 1.3859375 0.66015625 0.021875 0.0265625
0 1.39296875 0.69765625 0.0296875 0.0359375
0 1.32265625 0.77578125 0.0171875 0.0296875
0 1.43828125 0.6671875 0.0234375 0.028125
0 1.51171875 0.6640625 0.0234375 0.03125
0 1.52890625 0.66796875 0.0171875 0.0234375
0 1.54765625 0.64921875 0.0171875 0.0234375
0 1.57421875 0.671875 0.0203125 0.028125
0 1.5859375 0.890625 0.028125 0.04375
0 1.54296875 0.93671875 0.0390625 0.0484375
0 1.4796875 0.89296875 0.034375 0.0453125
0 1.44765625 0.9328125 0.0421875 0.05625
0 1.3546875 0.93515625 0.05 0.0609375
0 0.57890625 0.6296875 0.0109375 0.015625
0 1.1140625 0.63984375 0.015625 0.0203125
0 0.9171875 0.63359375 0.0125 0.0171875
0 1.0703125 0.678125 0.01875 0.021875
