0 0.2828125 0.92265625 0.01875 0.0265625
0 0.23515625 0.88203125 0.0171875 0.0234375
0 0.1921875 0.9390625 0.01875 0.025
0 0.1859375 0.98828125 0.01875 0.0203125
0 0.09296875 0.92421875 0.0203125 0.0265625
0 0.1859375 0.7609375 0.015625 0.021875
0 0.30390625 0.828125 0.0140625 0.01875
0 0.046875 0.84296875 0.01875 0.0265625
0 0.0984375 0.78515625 0.015625 0.0234375
0 0.00859375 0.80390625 0.0140625 0.0203125
0 0.25625 0.67734375 0.015625 0.0203125
0 0.41953125 0.70859375 0.0140625 0.0203125
0 0.48125 0.69140625 0.015625 0.0203125
0 0.76328125 0.9953125 0.0171875 0.028125
0 0.75546875 0.96640625 0.0203125 0.0234375
0 0.80703125 0.94609375 0.0203125 0.0265625
0 0.92109375 1.01015625 0.0171875 0.0203125
0 0.8375 0.89921875 0.015625 0.0203125
0 0.784375 0.87578125 0.015625 0.0265625
0 0.66328125 0.88125 0.0171875 0.025
0 0.55234375 0.828125 0.0171875 0.025
0 0.6359375 0.825 0.0125 0.01875
0 0.9609375 0.996875 0.015625 0.021875
0 1.0109375 0.97890625 0.01875 0.0265625
0 1.01953125 0.9296875 0.0171875 0.021875
0 1.12421875 0.9875 0.0203125 0.025
0 1.14375 0.81796875 0.015625 0.0234375
0 1.0921875 0.82109375 0.015625 0.0203125
0 1.03671875 0.81484375 0.0109375 0.0203125
0 1.08203125 0.7890625 0.0140625 0.021875
0 1.02109375 0.79296875 0.0140625 0.0203125
0 0.9546875 0.88515625 0.0125 0.0203125
0 0.92578125 0.840625 0.0140625 0.021875
0 0.84453125 0.85546875 0.0203125 0.0234375
0 1.2046875 0.88203125 0.015625 0.0203125
0 1.25546875 0.88046875 0.0171875 0.0265625
0 1.33515625 0.91484375 0.0171875 0.0265625
0 1.38515625 0.9296875 0.0171875 0.021875
0 1.46640625 0.86875 0.0171875 0.025
0 1.50390625 0.83203125 0.0171875 0.0234375
0 1.5875 0.9171875 0.01875 0.025
0 1.45390625 0.78828125 0.0171875 0.0234375
0 1.40703125 0.8265625 0.0171875 0.021875
0 1.3703125 0.83984375 0.015625 0.0234375
0 1.240625 0.8046875 0.01875 0.021875
0 1.33984375 0.79140625 0.0140625 0.0203125
0 1.19140625 0.80703125 0.0140625 0.0203125
0 1.1421875 0.77578125 0.015625 0.0203125
0 1.16796875 0.7484375 0.0140625 0.021875
0 1.2796875 0.78984375 0.015625 0.0203125
0 1.21484375 0.75390625 0.0140625 0.0203125
0 1.2828125 0.7140625 0.015625 0.01875
0 0.58359375 0.81875 0.0140625 0.015625
0 0.69375 0.7984375 0.015625 0.021875
0 0.8109375 0.80234375 0.0125 0.0171875
0 0.83046875 0.771875 0.0140625 0.015625
0 0.76796875 0.70703125 0.0140625 0.0171875
0 0.83203125 0.7140625 0.0109375 0.015625
0 0.8671875 0.7046875 0.0125 0.015625
0 0.8953125 0.7015625 0.015625 0.01875
0 0.71875 0.74609375 0.015625 0.0171875
0 0.7390625 0.6953125 0.015625 0.01875
0 0.82734375 0.68359375 0.0140625 0.0171875
0 0.55546875 0.79609375 0.0203125 0.0234375
0 0.515625 0.74921875 0.0125 0.0171875
0 1.5921875 0.70546875 0.0125 0.0203125
0 1.52890625 0.690625 0.0171875 0.021875
0 1.465625 0.68125 0.0125 0.01875
0 1.55078125 0.59375 0.0140625 0.015625
0 1.51484375 0.58125 0.0109375 0.01875
0 1.48046875 0.5953125 0.0109375 0.0125
0 1.47890625 0.58671875 0.0109375 0.0140625
0 1.3984375 0.65859375 0.0125 0.0171875
0 1.2359375 0.6875 0.015625 0.01875
0 1.31015625 0.62109375 0.0140625 0.0171875
0 1.33515625 0.6109375 0.0109375 0.015625
0 1.41015625 0.5859375 0.0109375 0.015625
0 1.353125 0.58125 0.0125 0.0125
0 1.30078125 0.58203125 0.0109375 0.0171875
0 1.11484375 0.73515625 0.0140625 0.0171875
0 1.15390625 0.66015625 0.0140625 0.0171875
0 1.128125 0.6328125 0.015625 0.01875
0 1.16953125 0.64375 0.0140625 0.01875
0 1.43671875 0.65234375 0.0171875 0.0171875
0 1.3828125 0.6203125 0.0125 0.01875
0 1.0234375 0.7109375 0.0125 0.01875
0 1.07890625 0.6921875 0.0140625 0.021875
0 1.03671875 0.66640625 0.0140625 0.0171875
0 1.0375 0.646875 0.0125 0.015625
0 1.07265625 0.640625 0.0140625 0.01875
0 1.34375 0.509375 0.009375 0.0125
0 1.25859375 0.55 0.0109375 0.0125
0 1.20078125 0.5578125 0.0109375 0.015625
0 1.16171875 0.53046875 0.0109375 0.0171875
0 1.22265625 0.5140625 0.0109375 0.015625
0 1.23984375 0.48828125 0.0109375 0.0140625
0 1.2671875 0.49140625 0.009375 0.0109375
0 1.41015625 0.45625 0.0109375 0.0125
0 1.44921875 0.45546875 0.0109375 0.0140625
0 1.0671875 0.45078125 0.0125 0.0140625
0 1.04609375 0.44921875 0.0109375 0.0140625
0 1.02890625 0.4484375 0.0109375 0.015625
0 1.5734375 0.45625 0.009375 0.015625
0 1.56015625 0.3890625 0.0078125 0.009375
0 1.51015625 0.3953125 0.0078125 0.009375
0 1.48671875 0.39453125 0.0078125 0.0109375
0 1.471875 0.38671875 0.00625 0.0078125
0 1.4140625 0.3953125 0.009375 0.0125
0 1.37734375 0.4265625 0.0078125 0.009375
0 1.2953125 0.3328125 0.00625 0.009375
0 1.2765625 0.32265625 0.00625 0.0078125
0 1.33046875 0.3328125 0.0078125 0.009375
0 1.321875 0.34453125 0.009375 0.0078125
0 1.35703125 0.33828125 0.0078125 0.0109375
0 1.19140625 0.32890625 0.0078125 0.0078125
0 1.140625 0.29375 0.00625 0.009375
0 1.10703125 0.29140625 0.0078125 0.0109375
0 0.2921875 0.5703125 0.0125 0.01875
0 0.35078125 0.571875 0.0109375 0.015625
0 0.38359375 0.6046875 0.0140625 0.01875
0 0.39765625 0.53984375 0.0109375 0.0140625
0 0.66953125 0.675 0.0171875 0.01875
0 0.71171875 0.6765625 0.0140625 0.021875
0 0.83984375 0.65625 0.0140625 0.01875
0 0.8453125 0.62109375 0.0125 0.0171875
0 0.528125 0.63984375 0.0125 0.0140625
0 0.4796875 0.64765625 0.015625 0.0140625
0 0.878125 0.65078125 0.009375 0.0109375
0 0.7984375 0.62265625 0.009375 0.0109375
0 0.66171875 0.646875 0.0140625 0.015625
0 0.89140625 0.615625 0.0140625 0.01875
0 0.79375 0.60234375 0.0125 0.0140625
0 1.0359375 0.76328125 0.0125 0.0140625
0 0.9671875 0.740625 0.0125 0.015625
0 0.984375 0.7359375 0.0125 0.01875
0 0.96875 0.69453125 0.0125 0.0171875
0 0.9859375 0.6296875 0.009375 0.0125
0 0.9703125 0.6125 0.0125 0.015625
0 0.4109375 0.6328125 0.0125 0.01875
0 0.421875 0.58828125 0.0125 0.0171875
0 0.2046875 0.5375 0.015625 0.01875
0 0.27421875 0.534375 0.0140625 0.015625
0 0.33515625 0.52265625 0.0140625 0.0171875
0 0.484375 0.571875 0.0125 0.015625
0 0.44375 0.57734375 0.0125 0.0171875
0 0.46953125 0.55 0.0109375 0.015625
0 0.296875 0.52265625 0.0125 0.0140625
0 0.5828125 0.66484375 0.0125 0.0171875
0 0.62109375 0.65546875 0.0109375 0.0203125
0 0.50234375 0.59765625 0.0109375 0.0140625
0 0.53515625 0.5609375 0.0109375 0.01875
0 0.5453125 0.5390625 0.0125 0.015625
0 0.54765625 0.51875 0.0140625 0.015625
0 0.48515625 0.51875 0.0109375 0.015625
0 0.37109375 0.54921875 0.0109375 0.0171875
0 0.56875 0.58046875 0.0125 0.0171875
0 0.5921875 0.575 0.009375 0.0125
0 0.634375 0.57109375 0.0125 0.0140625
0 0.7046875 0.54140625 0.0125 0.0171875
0 0.65 0.5484375 0.0125 0.01875
0 0.66640625 0.503125 0.0109375 0.0125
0 0.746875 0.58984375 0.015625 0.0171875
0 0.6953125 0.58125 0.0125 0.015625
0 0.75 0.57265625 0.0125 0.0171875
0 0.75546875 0.53828125 0.0109375 0.0140625
0 0.565625 0.5265625 0.0125 0.015625
0 0.6421875 0.5109375 0.0125 0.015625
0 0.71171875 0.59375 0.0078125 0.015625
0 0.67734375 0.57421875 0.0109375 0.0109375
0 0.80703125 0.5828125 0.0140625 0.015625
0 0.84453125 0.58828125 0.0109375 0.0140625
0 0.66328125 0.62734375 0.0171875 0.0171875
0 0.93203125 0.67421875 0.0171875 0.0203125
0 0.92109375 0.621875 0.0140625 0.015625
0 1.09921875 0.6140625 0.0109375 0.015625
0 0.98359375 0.59375 0.0109375 0.01875
0 0.80234375 0.565625 0.0140625 0.015625
0 0.9390625 0.63984375 0.0125 0.0171875
0 0.80078125 0.66875 0.0109375 0.01875
0 0.78203125 0.5328125 0.0109375 0.0125
0 0.83828125 0.5109375 0.0171875 0.01875
0 0.8328125 0.578125 0.0125 0.01875
0 0.89296875 0.57578125 0.0109375 0.0140625
0 0.88125 0.5609375 0.0125 0.015625
0 0.8265625 0.61328125 0.0125 0.0171875
0 1.02734375 0.63203125 0.0140625 0.0171875
0 1.0 0.6625 0.0125 0.015625
0 0.91796875 0.66328125 0.0140625 0.0203125
0 1.00703125 0.61640625 0.0140625 0.0171875
0 0.9640625 0.55390625 0.0125 0.0140625
0 0.9703125 0.4265625 0.009375 0.0125
0 0.30625 0.603125 0.0125 0.01875
0 0.86640625 0.6109375 0.0140625 0.01875
0 1.03203125 0.58359375 0.0140625 0.0171875
0 1.165625 0.49375 0.009375 0.0125
0 0.175 0.47421875 0.009375 0.0140625
0 0.184375 0.4328125 0.009375 0.015625
0 0.275 0.8265625 0.01875 0.021875
0 1.3265625 0.75390625 0.015625 0.0203125
0 0.7796875 0.69296875 0.015625 0.0234375
0 0.74765625 0.65546875 0.0171875 0.0234375
0 0.78203125 0.6234375 0.0109375 0.015625
0 0.58515625 0.63984375 0.0140625 0.0171875
0 0.75703125 0.8125 0.0171875 0.021875
0 0.984375 0.83046875 0.015625 0.0265625
0 0.9484375 0.803125 0.01875 0.021875
0 0.3359375 0.490625 0.015625 0.015625
0 0.36953125 0.48984375 0.0140625 0.0203125
0 0.4953125 0.475 0.0125 0.015625
0 0.46484375 0.47890625 0.0109375 0.0171875
0 0.6765625 0.53046875 0.015625 0.0203125
0 0.6171875 0.484375 0.0125 0.015625
0 0.62734375 0.5171875 0.0140625 0.015625
0 0.66171875 0.48515625 0.0140625 0.0171875
0 0.58125 0.61484375 0.0125 0.0140625
0 0.58515625 0.7015625 0.0140625 0.01875
0 0.54765625 0.49609375 0.0140625 0.0171875
0 0.503125 0.546875 0.0125 0.015625
0 0.32578125 0.53203125 0.0109375 0.0171875
0 0.72890625 0.525 0.0140625 0.01875
0 0.709375 0.50625 0.015625 0.01875
0 0.75 0.609375 0.0125 0.01875
0 0.73203125 0.63515625 0.0140625 0.0234375
0 0.57421875 0.540625 0.0140625 0.01875
0 0.5203125 0.51796875 0.0125 0.0171875
0 0.453125 0.53046875 0.0125 0.0171875
0 0.3890625 0.484375 0.0125 0.021875
0 0.559375 0.753125 0.0125 0.01875
0 0.7421875 0.48828125 0.015625 0.0171875
0 0.575 0.490625 0.015625 0.01875
0 0.959375 0.65078125 0.0125 0.0234375
0 0.928125 0.71953125 0.015625 0.0171875
0 0.9546875 0.7 0.0125 0.01875
0 0.928125 0.690625 0.0125 0.01875
0 1.028125 0.68828125 0.0125 0.0171875
0 0.6796875 0.81953125 0.015625 0.0203125
0 0.67734375 0.753125 0.0140625 0.01875
0 0.61796875 0.61640625 0.0140625 0.0171875
0 0.6546875 0.61953125 0.0125 0.0140625
0 0.92109375 0.54453125 0.0140625 0.0203125
0 0.92890625 0.5890625 0.0140625 0.01875
0 0.140625 0.4515625 0.0125 0.015625
0 0.29921875 0.42890625 0.0109375 0.0140625
0 0.33046875 0.44765625 0.0140625 0.0203125
0 0.26484375 0.42265625 0.0109375 0.0140625
0 0.2328125 0.4703125 0.0125 0.015625
0 0.4453125 0.41015625 0.0125 0.0140625
0 0.434375 0.41015625 0.0125 0.0171875
0 0.44609375 0.43359375 0.0109375 0.0140625
0 0.39296875 0.4 0.0140625 0.015625
0 0.4125 0.4390625 0.0125 0.015625
0 0.23515625 0.36484375 0.0140625 0.0171875
0 0.25390625 0.40390625 0.0109375 0.0140625
0 0.31328125 0.37421875 0.0109375 0.0171875
0 0.10625 0.37890625 0.0125 0.0140625
0 0.1203125 0.41875 0.009375 0.015625
0 0.05703125 0.45390625 0.0109375 0.0140625
0 0.09140625 0.4078125 0.0109375 0.015625
0 0.071875 0.35 0.009375 0.0125
0 0.0515625 0.3515625 0.009375 0.0125
0 0.09921875 0.35234375 0.0109375 0.0140625
0 0.1625 0.35546875 0.009375 0.0140625
0 0.190625 0.353125 0.009375 0.0125
0 0.19765625 0.325 0.0109375 0.015625
0 0.5359375 0.434375 0.0125 0.015625
0 0.64375 0.365625 0.0125 0.015625
0 0.33203125 0.415625 0.0171875 0.01875
0 0.31328125 0.40390625 0.0171875 0.0171875
0 0.7984375 0.38515625 0.009375 0.0140625
0 0.565625 0.41328125 0.0125 0.0171875
0 0.49765625 0.62265625 0.0140625 0.0234375
0 0.278125 0.47109375 0.015625 0.0203125
0 0.25234375 0.48125 0.0140625 0.01875
0 0.26640625 0.59375 0.0140625 0.01875
0 0.7265625 0.5625 0.0125 0.01875
0 0.821875 0.52109375 0.015625 0.0265625
0 1.12734375 0.76015625 0.0140625 0.0203125
0 1.32890625 0.73671875 0.0171875 0.0234375
0 1.10703125 0.64453125 0.0171875 0.0203125
0 0.62734375 0.78671875 0.0171875 0.0234375
0 0.6171875 0.715625 0.015625 0.01875
0 0.61171875 0.55078125 0.0140625 0.0203125
0 0.503125 0.53828125 0.015625 0.0171875
0 0.52734375 0.66328125 0.0140625 0.0171875
0 0.75625 0.6390625 0.021875 0.01875
0 1.40234375 0.62421875 0.0140625 0.0171875
0 1.54296875 0.65703125 0.0140625 0.0203125
