0 1.5703125 0.49609375 0.05 0.0859375
0 1.50078125 0.4125 0.0390625 0.04375
0 1.36953125 0.6015625 0.0640625 0.071875
0 1.34140625 0.409375 0.0265625 0.03125
0 1.24765625 0.49140625 0.0390625 0.0484375
0 1.253125 0.3765625 0.01875 0.025
0 1.28125 0.39375 0.01875 0.021875
0 1.36328125 0.50234375 0.0328125 0.0515625
0 1.165625 0.3953125 0.021875 0.03125
0 1.00390625 0.47421875 0.0484375 0.0484375
0 1.10703125 0.50078125 0.0328125 0.0453125
0 0.89921875 0.4703125 0.0390625 0.046875
0 0.9609375 0.696875 0.075 0.071875
0 1.14609375 0.56171875 0.0296875 0.0515625
0 0.8234375 0.47578125 0.03125 0.0484375
0 0.82421875 0.43515625 0.0359375 0.0359375
0 0.878125 0.3640625 0.01875 0.021875
0 0.8265625 0.365625 0.01875 0.025
0 0.759375 0.35625 0.0125 0.021875
0 0.7 0.56484375 0.05625 0.0640625
0 0.43984375 0.5671875 0.0546875 0.06875
0 0.35546875 0.54296875 0.0515625 0.0609375
0 0.1265625 0.55390625 0.040625 0.0609375
0 0.0265625 0.50625 0.05 0.053125
0 0.19453125 0.4578125 0.0265625 0.03125
0 0.1265625 0.425 0.028125 0.0375
0 0.5015625 0.54453125 0.04375 0.0609375
