0 1.4 0.81875 0.028125 0.034375
0 1.190625 0.8453125 0.034375 0.04375
0 1.54453125 0.94375 0.0359375 0.046875
0 1.54453125 0.8625 0.0421875 0.04375
0 1.44609375 0.778125 0.0265625 0.034375
0 1.2140625 0.76328125 0.028125 0.0328125
0 1.090625 0.7234375 0.025 0.034375
0 1.38203125 0.59921875 0.0203125 0.0265625
0 1.44140625 0.5875 0.0203125 0.025
0 1.5203125 0.6171875 0.025 0.028125
0 1.5296875 0.70078125 0.028125 0.0359375
0 1.35625 0.6890625 0.025 0.034375
0 1.415625 0.66875 0.021875 0.028125
0 1.325 0.71171875 0.025 0.0328125
0 0.93984375 0.68984375 0.0234375 0.0234375
0 0.93359375 0.728125 0.0203125 0.021875
0 1.07734375 0.6390625 0.0203125 0.025
0 1.14375 0.57421875 0.01875 0.0234375
0 1.28125 0.56875 0.01875 0.025
0 1.30625 0.5859375 0.01875 0.025
0 1.31171875 0.54375 0.0140625 0.021875
0 1.24453125 0.96796875 0.0203125 0.0359375
0 1.14140625 1.00859375 0.0390625 0.0515625
0 1.3328125 0.890625 0.028125 0.03125
0 1.409375 1.05234375 0.040625 0.0328125
0 1.19609375 0.6484375 0.0265625 0.025
0 1.08203125 0.51328125 0.0140625 0.0171875
0 0.903125 0.51953125 0.0125 0.0171875
0 1.13125 0.525 0.0125 0.025
0 1.196875 0.60390625 0.01875 0.0234375
0 1.5390625 0.5140625 0.015625 0.021875
0 1.59296875 0.621875 0.0140625 0.028125
0 1.37734375 0.559375 0.0140625 0.01875
0 0.46171875 0.90625 0.0359375 0.04375
0 0.5109375 0.928125 0.03125 0.04375
0 0.44296875 0.80390625 0.0328125 0.0359375
0 0.62109375 0.59296875 0.0171875 0.0234375
0 0.46328125 0.64375 0.0234375 0.028125
0 0.43828125 0.63203125 0.0203125 0.0265625
0 0.55546875 0.61171875 0.0171875 0.0171875
0 0.63359375 0.55546875 0.0171875 0.0203125
0 0.67265625 0.54609375 0.0140625 0.0171875
0 0.7484375 0.51640625 0.0125 0.0171875
0 0.5671875 0.540625 0.0125 0.015625
0 0.47109375 0.584375 0.0171875 0.025
0 0.48671875 0.5484375 0.0171875 0.01875
0 0.71796875 0.59296875 0.0140625 0.0203125
0 0.8140625 0.63046875 0.01875 0.0234375
0 0.82421875 0.75 0.0265625 0.028125
0 0.825 0.8046875 0.021875 0.028125
0 0.81640625 0.709375 0.0203125 0.021875
0 0.8859375 0.60859375 0.021875 0.0265625
0 0.75390625 0.63046875 0.0234375 0.0296875
0 0.59375 0.5125 0.0125 0.021875
0 0.5515625 0.5078125 0.0125 0.01875
0 0.52421875 0.60859375 0.0171875 0.0234375
0 0.66328125 0.48828125 0.0109375 0.0171875
0 0.9453125 0.51015625 0.0125 0.0234375
0 0.73515625 0.56328125 0.0140625 0.0234375
0 0.7265625 0.5390625 0.0125 0.01875
0 0.02421875 0.84921875 0.0265625 0.0359375
0 0.09609375 0.97578125 0.0234375 0.0296875
0 0.025 1.03984375 0.03125 0.0390625
0 0.23125 0.996875 0.0375 0.0375
0 0.36796875 1.0390625 0.0296875 0.046875
0 0.3546875 0.85390625 0.028125 0.0328125
0 0.315625 0.76484375 0.025 0.0296875
0 0.18828125 0.75078125 0.0265625 0.0328125
0 0.1421875 0.6921875 0.025 0.028125
0 0.2828125 0.72109375 0.021875 0.0265625
0 0.38046875 0.68125 0.0203125 0.028125
0 0.2171875 0.653125 0.021875 0.025
0 0.2421875 0.61484375 0.01875 0.0265625
0 0.32421875 0.621875 0.0171875 0.025
0 0.31171875 0.653125 0.0203125 0.021875
0 0.409375 0.56640625 0.015625 0.0203125
0 0.409375 0.71640625 0.01875 0.0265625
0 0.06171875 0.8265625 0.0234375 0.021875
0 0.15703125 0.74375 0.0203125 0.025
0 0.33671875 0.57890625 0.0171875 0.0203125
0 0.50546875 0.83671875 0.0234375 0.0296875
0 0.2984375 0.51015625 0.015625 0.0203125
0 0.28203125 0.45703125 0.0140625 0.0171875
0 1.46875 0.4046875 0.015625 0.025
0 1.49140625 0.48984375 0.0140625 0.0203125
0 1.13046875 0.49140625 0.0140625 0.0171875
0 1.3984375 0.47265625 0.015625 0.0171875
0 1.47421875 0.46953125 0.0140625 0.0203125
0 1.12109375 0.40859375 0.0140625 0.0171875
0 1.19609375 0.3859375 0.0109375 0.015625
0 1.15859375 0.4515625 0.0140625 0.01875
0 1.40703125 0.40234375 0.0109375 0.0171875
0 0.88203125 0.39375 0.0078125 0.0125
0 0.83125 0.39375 0.009375 0.0125
0 0.7703125 0.421875 0.009375 0.0125
0 0.7734375 0.4703125 0.009375 0.0125
0 0.71796875 0.47421875 0.0109375 0.0140625
0 0.79375 0.42265625 0.009375 0.0140625
0 0.85390625 0.39296875 0.0078125 0.0109375
0 0.8984375 0.4578125 0.0125 0.01875
0 0.95703125 0.47265625 0.0140625 0.0171875
0 0.78828125 0.40703125 0.0109375 0.0109375
0 0.74609375 0.40078125 0.0078125 0.0109375
0 0.721875 0.40078125 0.009375 0.0140625
0 0.678125 0.409375 0.009375 0.0125
0 0.53828125 0.4921875 0.0109375 0.015625
0 0.33125 0.521875 0.0125 0.015625
0 0.353125 0.41875 0.009375 0.0125
0 0.590625 0.453125 0.0125 0.015625
0 0.0765625 0.59140625 0.015625 0.0234375
0 0.15078125 0.6328125 0.0203125 0.025
0 0.03671875 0.71953125 0.0234375 0.0234375
0 0.25078125 0.6875 0.0171875 0.021875
0 1.31171875 0.48515625 0.0140625 0.0203125
0 0.39609375 0.48984375 0.0140625 0.0140625
0 0.3140625 0.4734375 0.0125 0.015625
0 0.309375 0.446875 0.009375 0.0125
0 0.29765625 0.4515625 0.0109375 0.0125
0 0.521875 0.396875 0.009375 0.0125
0 0.4953125 0.41171875 0.009375 0.0140625
0 0.48359375 0.409375 0.0078125 0.0125
0 0.53046875 0.47265625 0.0078125 0.0140625
0 0.60078125 0.4109375 0.0078125 0.0125
0 0.56796875 0.43515625 0.0109375 0.0140625
0 0.45234375 0.40859375 0.0078125 0.0109375
0 0.43671875 0.39609375 0.0078125 0.0109375
0 0.65234375 0.36953125 0.0078125 0.0109375
0 0.37734375 0.38828125 0.0078125 0.0109375
0 0.31875 0.4234375 0.009375 0.009375
0 0.540625 0.4546875 0.009375 0.009375
0 0.48671875 0.39296875 0.0078125 0.0078125
0 0.41953125 0.37734375 0.0078125 0.0078125
0 0.58359375 0.39921875 0.0078125 0.0109375
0 1.196875 0.47109375 0.0125 0.0171875
0 1.33515625 0.4015625 0.0140625 0.015625
0 1.27421875 0.51640625 0.0140625 0.0203125
0 1.25625 0.42890625 0.0125 0.0171875
0 0.23359375 0.5015625 0.0109375 0.015625
0 0.3640625 0.40546875 0.009375 0.0109375
0 0.78828125 0.36953125 0.0078125 0.0109375
0 0.82421875 0.37421875 0.0078125 0.0109375
0 0.82578125 0.35859375 0.0078125 0.0109375
0 0.88671875 0.3640625 0.0078125 0.009375
0 0.91953125 0.3796875 0.0078125 0.0125
0 0.8984375 0.390625 0.009375 0.0125
0 0.95546875 0.3921875 0.0078125 0.0125
0 0.97421875 0.37109375 0.0078125 0.0109375
0 1.07890625 0.3625 0.0078125 0.009375
0 0.90234375 0.35703125 0.0078125 0.0109375
0 0.8515625 0.36875 0.00625 0.009375
0 0.7671875 0.37421875 0.00625 0.0109375
0 0.2078125 0.7953125 0.034375 0.034375
0 0.16484375 0.90078125 0.0234375 0.0328125
0 0.05546875 0.7859375 0.0265625 0.025
0 0.1859375 0.6125 0.01875 0.025
0 1.56328125 0.48984375 0.0171875 0.0203125
0 1.578125 0.51953125 0.015625 0.0203125
0 1.20234375 0.44765625 0.0109375 0.0140625
0 0.6578125 0.528125 0.0125 0.015625
0 0.8171875 0.459375 0.0125 0.0125
0 0.2671875 0.603125 0.015625 0.01875
