0 1.51171875 0.93359375 0.0359375 0.0421875
0 1.49296875 0.8875 0.0421875 0.05
0 1.29609375 0.91015625 0.0421875 0.0515625
0 1.34296875 0.86640625 0.0328125 0.0484375
0 1.08671875 1.0328125 0.0390625 0.05
0 0.74375 0.9671875 0.03125 0.046875
0 0.74375 0.87890625 0.021875 0.0359375
0 0.4828125 0.90234375 0.04375 0.0515625
0 0.5390625 0.8875 0.028125 0.046875
0 0.890625 0.77421875 0.021875 0.0390625
0 0.8671875 0.83671875 0.021875 0.0390625
0 0.9296875 0.81171875 0.025 0.0390625
0 0.2640625 0.9875 0.040625 0.053125
0 0.425 0.91171875 0.021875 0.0421875
0 0.303125 0.86015625 0.015625 0.0296875
0 0.046875 0.721875 0.034375 0.046875
0 0.19296875 0.63984375 0.0265625 0.0359375
0 0.3390625 0.6703125 0.03125 0.04375
0 0.375 0.64375 0.028125 0.0375
0 0.2765625 0.70859375 0.028125 0.0421875
0 0.10625 0.68046875 0.025 0.0390625
0 0.30859375 0.9578125 0.0234375 0.04375
0 1.2765625 0.77265625 0.034375 0.0453125
0 1.19921875 0.6859375 0.0359375 0.04375
0 1.26796875 0.6921875 0.0296875 0.040625
0 0.7265625 0.6859375 0.03125 0.040625
0 0.68359375 0.64921875 0.0265625 0.0421875
0 0.65 0.6890625 0.034375 0.040625
0 0.50703125 0.7078125 0.0328125 0.040625
0 0.4125 0.6875 0.025 0.03125
0 0.5109375 0.59375 0.028125 0.040625
0 0.4078125 0.596875 0.034375 0.028125
0 0.3453125 0.56171875 0.028125 0.0359375
0 0.4875 0.5515625 0.021875 0.03125
0 0.2765625 0.4984375 0.028125 0.0375
0 0.17265625 0.55625 0.0234375 0.0375
0 0.1828125 0.4578125 0.025 0.034375
0 0.23984375 0.46796875 0.0234375 0.0359375
0 0.14453125 0.3515625 0.0203125 0.03125
0 0.20859375 0.39296875 0.0234375 0.0328125
0 0.2109375 0.3515625 0.01875 0.034375
0 0.1328125 0.41484375 0.028125 0.0390625
0 0.0875 0.36171875 0.025 0.0328125
0 0.06953125 0.31484375 0.0234375 0.0265625
0 0.02421875 0.278125 0.0234375 0.028125
0 1.221875 0.52890625 0.028125 0.0390625
0 1.3796875 0.51328125 0.03125 0.0359375
0 1.3359375 0.5828125 0.025 0.0375
0 1.12421875 0.56484375 0.0328125 0.0390625
0 1.03828125 0.54296875 0.0296875 0.0359375
0 0.9125 0.5609375 0.03125 0.0375
0 0.89765625 0.61015625 0.0296875 0.0390625
0 0.84375 0.54453125 0.028125 0.0390625
0 0.846875 0.6046875 0.03125 0.04375
0 0.990625 0.6078125 0.025 0.0375
0 0.76171875 0.590625 0.0328125 0.04375
0 0.790625 0.5609375 0.028125 0.0375
0 0.7265625 0.540625 0.028125 0.040625
0 0.76953125 0.51796875 0.0265625 0.0390625
0 0.6921875 0.52109375 0.028125 0.0421875
0 0.6453125 0.57890625 0.025 0.0296875
0 0.61953125 0.55859375 0.0265625 0.0359375
0 0.55390625 0.54765625 0.0296875 0.0390625
0 0.51953125 0.50703125 0.0296875 0.0421875
0 0.68046875 0.46484375 0.0265625 0.0390625
0 0.653125 0.471875 0.025 0.034375
0 0.596875 0.5203125 0.021875 0.03125
0 0.52734375 0.4640625 0.0265625 0.028125
0 0.24453125 0.37734375 0.0203125 0.0328125
0 0.22734375 0.32421875 0.0234375 0.0296875
0 0.35390625 0.3203125 0.0140625 0.01875
0 0.3265625 0.41953125 0.01875 0.0296875
0 0.175 0.2203125 0.01875 0.028125
0 0.21484375 0.20234375 0.0171875 0.0234375
0 0.17265625 0.2671875 0.0171875 0.021875
0 1.3953125 0.4078125 0.028125 0.040625
0 1.5234375 0.4265625 0.025 0.0375
0 1.45390625 0.4234375 0.0203125 0.028125
0 1.384375 0.36328125 0.021875 0.0265625
0 1.34765625 0.3609375 0.0234375 0.034375
0 1.40703125 0.3578125 0.0171875 0.025
0 1.47890625 0.34453125 0.0171875 0.0265625
0 1.40546875 0.46015625 0.0234375 0.0328125
0 0.77578125 0.45 0.0265625 0.034375
0 0.91171875 0.4828125 0.0265625 0.0375
0 0.8765625 0.46171875 0.021875 0.0328125
0 0.8125 0.4359375 0.028125 0.040625
0 0.98828125 0.45078125 0.0234375 0.0453125
0 0.97578125 0.4265625 0.0234375 0.0375
0 0.5734375 0.3953125 0.021875 0.034375
0 0.6328125 0.4015625 0.025 0.034375
0 0.66484375 0.3515625 0.0234375 0.034375
0 0.5703125 0.45078125 0.021875 0.0296875
0 0.88203125 0.3796875 0.0234375 0.03125
0 0.81171875 0.353125 0.0234375 0.028125
0 0.7859375 0.3609375 0.015625 0.021875
0 0.7703125 0.34375 0.025 0.03125
0 0.83046875 0.30859375 0.0171875 0.0203125
0 0.76328125 0.40625 0.0234375 0.028125
0 0.35234375 0.47265625 0.0234375 0.0359375
0 0.33125 0.36171875 0.025 0.0328125
0 0.3796875 0.29609375 0.015625 0.0203125
0 0.553125 0.3265625 0.021875 0.03125
0 0.46484375 0.3078125 0.0203125 0.025
0 0.5 0.35234375 0.01875 0.0328125
0 0.50390625 0.33203125 0.0171875 0.0234375
0 0.44140625 0.28125 0.0203125 0.025
0 0.3359375 0.25546875 0.015625 0.0265625
0 0.29296875 0.26484375 0.0171875 0.0265625
0 0.24375 0.19765625 0.015625 0.0140625
0 1.00859375 0.309375 0.0203125 0.028125
0 1.0203125 0.3671875 0.021875 0.028125
0 0.9546875 0.35390625 0.01875 0.0265625
0 0.890625 0.315625 0.01875 0.028125
0 0.8015625 0.284375 0.021875 0.025
0 0.93671875 0.396875 0.0234375 0.03125
0 0.95703125 0.2765625 0.0203125 0.028125
0 0.9953125 0.2765625 0.015625 0.025
0 0.8328125 0.26328125 0.01875 0.0265625
0 1.14375 0.23671875 0.01875 0.0265625
0 1.090625 0.22578125 0.01875 0.0234375
0 1.1046875 0.20703125 0.01875 0.0234375
0 1.171875 0.21328125 0.0125 0.0171875
0 1.13359375 0.2015625 0.0140625 0.021875
0 0.75859375 0.2515625 0.0171875 0.028125
0 0.75546875 0.28984375 0.0203125 0.0265625
0 0.90859375 0.225 0.0171875 0.025
0 0.496875 0.18046875 0.015625 0.0234375
0 0.96796875 0.21875 0.0203125 0.03125
0 0.93515625 0.215625 0.0171875 0.025
0 0.9046875 0.18984375 0.015625 0.0203125
0 0.56875 0.2109375 0.0125 0.015625
0 0.64453125 0.221875 0.0171875 0.021875
0 0.6046875 0.2609375 0.01875 0.03125
0 1.1953125 0.27890625 0.01875 0.0328125
0 1.19140625 0.25234375 0.0140625 0.0203125
0 1.28671875 0.3171875 0.0234375 0.03125
0 1.37265625 0.4140625 0.0203125 0.03125
0 1.28125 0.26796875 0.01875 0.0203125
0 1.41484375 0.29765625 0.0234375 0.0296875
0 1.2984375 0.36875 0.028125 0.03125
0 1.21484375 0.30859375 0.0140625 0.0234375
0 1.240625 0.31171875 0.01875 0.0296875
0 0.53203125 0.28515625 0.0140625 0.0234375
0 0.43203125 0.23984375 0.0140625 0.0203125
0 0.509375 0.0984375 0.01875 0.025
0 0.7609375 0.18671875 0.01875 0.0234375
0 0.8140625 0.2 0.01875 0.025
0 0.80234375 0.16796875 0.0234375 0.0234375
0 0.76875 0.15078125 0.015625 0.0234375
0 1.3171875 0.2171875 0.015625 0.021875
0 0.90078125 0.459375 0.0265625 0.034375
0 0.97734375 0.36328125 0.0265625 0.0359375
0 0.9 0.4328125 0.028125 0.0375
0 0.86953125 0.5234375 0.0265625 0.0375
0 0.834375 0.34609375 0.021875 0.0359375
0 0.94296875 0.26875 0.0234375 0.028125
0 0.4328125 0.53125 0.028125 0.028125
0 0.12578125 0.52265625 0.0265625 0.0328125
0 0.153125 0.51796875 0.028125 0.0421875
