0 1.57890625 0.20546875 0.0390625 0.0953125
0 1.51875 0.1640625 0.075 0.090625
0 1.353125 0.2 0.090625 0.096875
0 1.30546875 0.26484375 0.1265625 0.1296875
0 1.31875 0.45390625 0.15 0.1859375
0 1.2484375 0.15 0.0375 0.046875
0 1.0953125 0.165625 0.06875 0.0875
0 1.04296875 0.18359375 0.0390625 0.0484375
0 1.0015625 0.2078125 0.0375 0.034375
0 1.009375 0.17421875 0.021875 0.0234375
0 0.953125 0.165625 0.028125 0.03125
0 0.8359375 0.2328125 0.096875 0.125
0 0.9 0.2421875 0.05625 0.096875
0 0.76875 0.190625 0.059375 0.075
0 0.76640625 0.51796875 0.1453125 0.1734375
0 0.62890625 0.3484375 0.1078125 0.125
0 0.55 0.28671875 0.04375 0.0578125
0 0.45546875 0.265625 0.0578125 0.059375
0 0.28125 0.3046875 0.103125 0.109375
0 0.0609375 0.31171875 0.121875 0.1953125
