0 1.2921875 0.46328125 0.009375 0.0109375
0 1.040625 0.471875 0.009375 0.009375
0 1.0171875 0.4609375 0.009375 0.009375
0 0.99296875 0.465625 0.0078125 0.009375
0 0.97265625 0.46171875 0.0078125 0.0078125
0 1.09296875 0.46875 0.0078125 0.009375
0 0.7765625 0.46640625 0.00625 0.0078125
0 0.7453125 0.471875 0.009375 0.009375
0 0.73125 0.47109375 0.009375 0.0109375
0 0.6453125 0.4328125 0.0375 0.046875
0 0.1 0.45703125 0.0125 0.0140625
0 0.0453125 0.4515625 0.0125 0.0125
0 0.08125 0.4578125 0.009375 0.009375
0 0.17421875 0.4796875 0.0203125 0.01875
0 0.43671875 0.43203125 0.0421875 0.0484375
0 0.33203125 0.3703125 0.0484375 0.059375
