0 1.21171875 0.6140625 0.0546875 0.0625
0 0.978125 0.58046875 0.0625 0.0828125
0 0.9 0.63828125 0.065625 0.0703125
0 0.78671875 0.62890625 0.0359375 0.0421875
0 0.69453125 0.603125 0.0390625 0.040625
0 0.6 0.609375 0.034375 0.03125
0 1.38828125 0.61171875 0.0484375 0.0421875
0 1.2890625 0.60703125 0.034375 0.0359375
0 1.51484375 0.62109375 0.0359375 0.0453125
0 0.53359375 0.63125 0.0296875 0.0375
0 0.48359375 0.6296875 0.0296875 0.034375
0 0.4234375 0.6078125 0.025 0.040625
0 0.37578125 0.6265625 0.0265625 0.03125
0 0.325 0.63359375 0.01875 0.0234375
0 0.01796875 0.6421875 0.0171875 0.015625
0 0.06171875 0.63515625 0.0109375 0.0140625
0 0.121875 0.63046875 0.015625 0.0171875
0 0.22890625 0.63984375 0.0140625 0.0203125
0 0.29765625 0.62890625 0.0140625 0.0234375
0 0.26328125 0.6359375 0.0203125 0.015625
0 0.21171875 0.6359375 0.0109375 0.01875
0 0.19453125 0.63359375 0.0140625 0.0203125
0 0.16796875 0.63671875 0.0171875 0.0203125
