0 1.565625 0.38984375 0.06875 0.1515625
0 1.32109375 0.3734375 0.1328125 0.14375
0 1.37578125 0.28359375 0.0890625 0.1203125
0 1.51953125 0.22109375 0.0734375 0.0828125
0 1.328125 0.0140625 0.025 0.028125
0 1.03515625 0.19765625 0.0421875 0.0734375
0 1.03515625 0.03515625 0.0390625 0.0390625
0 0.75703125 0.1515625 0.0203125 0.028125
0 0.8359375 0.22578125 0.028125 0.0484375
0 0.7515625 0.39453125 0.1125 0.1484375
0 0.57265625 0.396875 0.1546875 0.175
0 0.434375 0.28203125 0.078125 0.0765625
0 0.37265625 0.26953125 0.0609375 0.0734375
0 0.54375 0.1421875 0.0125 0.025
0 0.5109375 0.10546875 0.009375 0.0109375
0 0.30859375 0.228125 0.0359375 0.046875
0 0.3078125 0.284375 0.040625 0.046875
0 0.246875 0.13203125 0.0125 0.0203125
0 0.24609375 0.43203125 0.1359375 0.1828125
0 0.1859375 0.2953125 0.0875 0.1125
0 0.021875 0.246875 0.04375 0.09375
0 0.06796875 0.25234375 0.0296875 0.0453125
0 0.53984375 0.94921875 0.0546875 0.0859375
0 0.378125 0.86015625 0.0375 0.0421875
0 0.1359375 0.81328125 0.03125 0.0359375
