0 1.51953125 0.24453125 0.0609375 0.0859375
0 1.2703125 0.2109375 0.109375 0.153125
0 1.10078125 0.2265625 0.0578125 0.115625
0 0.928125 0.29609375 0.040625 0.0640625
0 0.86875 0.26640625 0.025 0.0453125
0 0.78984375 0.24609375 0.0453125 0.0671875
0 0.72421875 0.2640625 0.0328125 0.071875
0 0.68046875 0.26171875 0.0359375 0.0515625
0 0.609375 0.284375 0.021875 0.05
0 0.55859375 0.25625 0.0296875 0.05625
0 0.48828125 0.253125 0.0265625 0.034375
0 0.44453125 0.2703125 0.0328125 0.046875
0 0.3875 0.271875 0.028125 0.040625
0 0.3421875 0.25546875 0.028125 0.0328125
0 0.284375 0.2671875 0.028125 0.03125
0 0.234375 0.26484375 0.03125 0.0328125
0 0.15703125 0.271875 0.0296875 0.03125
0 0.12265625 0.3375 0.0234375 0.021875
0 0.04140625 0.34453125 0.0265625 0.0265625
0 0.10546875 0.2859375 0.0265625 0.03125
0 0.0890625 0.265625 0.021875 0.025
0 0.05234375 0.271875 0.0203125 0.021875
0 0.03203125 0.26015625 0.0171875 0.0234375
