0 0.4140625 0.0640625 0.0125 0.015625
0 0.47578125 0.090625 0.0109375 0.015625
0 0.490625 0.090625 0.009375 0.0125
0 0.621875 0.1359375 0.009375 0.0125
0 0.63515625 0.14609375 0.0078125 0.0109375
0 0.7390625 0.171875 0.00625 0.009375
0 0.72578125 0.16875 0.0078125 0.009375
0 0.23515625 0.040625 0.0078125 0.0125
0 0.03515625 0.4171875 0.0171875 0.01875
0 0.07890625 0.4359375 0.0296875 0.03125
0 0.10546875 0.43046875 0.0140625 0.0203125
0 0.2015625 0.440625 0.021875 0.025
0 0.23125 0.42734375 0.01875 0.0234375
0 0.35546875 0.38984375 0.0453125 0.0609375
0 0.396875 0.60390625 0.040625 0.0265625
0 0.50546875 0.4421875 0.0203125 0.025
0 0.72578125 0.47421875 0.0171875 0.0234375
0 0.77421875 0.45625 0.0171875 0.025
0 0.596875 0.45 0.009375 0.0125
0 0.68515625 0.45078125 0.0140625 0.0203125
0 0.98515625 0.46953125 0.0296875 0.0359375
0 1.25234375 0.4640625 0.0109375 0.015625
0 1.38515625 0.43984375 0.0140625 0.0203125
0 1.515625 0.44609375 0.01875 0.0234375
0 1.57265625 0.4578125 0.0140625 0.01875
0 1.2140625 0.50859375 0.03125 0.0296875
