0 0.01171875 0.33984375 0.0171875 0.0265625
0 0.1046875 0.28125 0.015625 0.015625
0 0.221875 0.43671875 0.03125 0.0546875
0 0.25859375 0.28984375 0.0203125 0.0203125
0 0.25703125 0.39140625 0.0234375 0.0328125
0 0.29453125 0.44296875 0.0390625 0.0171875
0 0.6625 0.34609375 0.028125 0.0296875
0 0.6859375 0.41953125 0.04375 0.0515625
0 0.74609375 0.3328125 0.0234375 0.03125
0 0.80703125 0.3546875 0.0328125 0.025
0 0.78203125 0.30859375 0.0140625 0.0171875
0 0.64921875 0.31484375 0.0140625 0.0203125
0 0.840625 0.359375 0.01875 0.01875
0 0.87578125 0.3765625 0.0171875 0.025
0 0.8546875 0.32265625 0.015625 0.0171875
0 0.91640625 0.36953125 0.0203125 0.0203125
0 1.24453125 0.45859375 0.0546875 0.0671875
0 1.3015625 0.50546875 0.065625 0.1078125
0 1.47265625 0.44765625 0.0484375 0.0796875
0 1.5875 0.44375 0.025 0.040625
0 1.196875 0.38828125 0.03125 0.0484375
0 1.33828125 0.3625 0.0203125 0.03125
0 1.40859375 0.43203125 0.0328125 0.0484375
