0 0.00703125 0.65546875 0.0140625 0.0390625
0 0.06484375 0.65390625 0.0234375 0.0265625
0 0.1046875 0.6640625 0.021875 0.034375
0 0.12109375 0.68359375 0.0171875 0.0234375
0 0.14296875 0.70078125 0.0203125 0.0296875
0 0.1359375 0.64765625 0.021875 0.0265625
0 0.17578125 0.65546875 0.0296875 0.0421875
0 0.20625 0.66484375 0.028125 0.0328125
0 0.23828125 0.67890625 0.0171875 0.0203125
0 0.24921875 0.66015625 0.0203125 0.0234375
0 0.26953125 0.6703125 0.0265625 0.0375
0 0.19140625 0.62109375 0.0203125 0.0234375
0 0.03671875 0.91328125 0.0453125 0.0609375
0 0.246875 1.02265625 0.059375 0.0765625
0 0.01015625 0.8421875 0.0140625 0.0375
0 0.025 0.8296875 0.015625 0.025
0 0.07890625 0.90390625 0.0171875 0.0296875
0 0.103125 0.9421875 0.034375 0.04375
0 0.2234375 0.86796875 0.025 0.0359375
0 0.10234375 0.86328125 0.0234375 0.0328125
0 0.340625 0.63203125 0.05625 0.0671875
0 0.3875 0.63125 0.015625 0.015625
0 0.44765625 0.70390625 0.0171875 0.0265625
0 0.48984375 0.69921875 0.0265625 0.0265625
0 0.52578125 0.70703125 0.0296875 0.0359375
0 0.4203125 0.91171875 0.03125 0.0453125
0 0.43515625 0.86484375 0.0234375 0.0328125
0 0.5046875 0.8453125 0.028125 0.034375
0 0.4890625 0.8625 0.028125 0.03125
0 0.61328125 0.928125 0.0421875 0.053125
0 0.62734375 0.87890625 0.0296875 0.0390625
0 0.6109375 0.86171875 0.021875 0.0296875
0 0.6015625 0.86328125 0.01875 0.0265625
0 0.54921875 0.690625 0.0203125 0.025
0 0.603125 0.63984375 0.0125 0.0171875
0 0.60625 0.659375 0.01875 0.025
0 0.58125 0.70546875 0.025 0.0359375
0 0.596875 0.68515625 0.021875 0.0296875
0 0.62421875 0.6765625 0.0171875 0.025
0 0.6265625 0.7125 0.025 0.03125
0 0.66015625 0.70625 0.0234375 0.025
0 0.67890625 0.70859375 0.0171875 0.0265625
0 0.70859375 0.6828125 0.0203125 0.028125
0 0.68515625 0.86171875 0.0328125 0.0421875
0 0.70625 0.85625 0.025 0.03125
0 0.740625 0.83671875 0.021875 0.0296875
0 0.76875 0.85859375 0.028125 0.0328125
0 0.79609375 0.86796875 0.0265625 0.0296875
0 0.84765625 0.86015625 0.0265625 0.0328125
0 0.8546875 0.82421875 0.015625 0.0234375
0 0.87578125 0.8515625 0.0234375 0.034375
0 0.85625 0.90078125 0.0375 0.0484375
0 0.734375 0.93359375 0.034375 0.0453125
0 0.78671875 0.928125 0.0453125 0.05625
0 0.82578125 1.03046875 0.0453125 0.0609375
0 0.85703125 1.01875 0.0640625 0.078125
0 0.7203125 0.67578125 0.01875 0.0265625
0 0.74765625 0.68828125 0.0203125 0.0265625
0 0.81484375 0.7078125 0.0203125 0.028125
0 0.846875 0.7046875 0.01875 0.021875
0 0.846875 0.671875 0.0125 0.025
0 0.871875 0.69140625 0.015625 0.0203125
0 0.87890625 0.71796875 0.0140625 0.0171875
0 0.90078125 0.709375 0.0171875 0.021875
0 0.92734375 0.68828125 0.0140625 0.0234375
0 0.92265625 0.82734375 0.0234375 0.0265625
0 0.89921875 0.86875 0.0234375 0.03125
0 0.95703125 0.83984375 0.0234375 0.0296875
0 0.9828125 0.8328125 0.015625 0.025
0 1.025 0.83359375 0.021875 0.0265625
0 0.9765625 0.87421875 0.025 0.0421875
0 0.99140625 0.9 0.0359375 0.04375
0 0.9984375 0.98046875 0.028125 0.0453125
0 0.90546875 0.89140625 0.0328125 0.0515625
0 0.92109375 0.9234375 0.0453125 0.05625
0 1.05625 1.0171875 0.040625 0.05625
0 1.0796875 1.021875 0.059375 0.078125
0 1.065625 0.85703125 0.021875 0.0296875
0 1.0796875 0.88984375 0.021875 0.0265625
0 1.1 0.83984375 0.0125 0.0234375
0 1.12109375 0.83515625 0.0171875 0.0203125
0 1.08046875 0.94375 0.0390625 0.034375
0 1.11484375 0.93671875 0.0296875 0.0546875
0 1.12890625 0.97109375 0.0453125 0.0484375
0 1.175 0.8546875 0.025 0.040625
0 1.215625 0.8625 0.025 0.028125
0 1.20234375 0.92890625 0.0453125 0.0484375
0 1.15859375 0.890625 0.0296875 0.040625
0 0.95546875 0.68125 0.0171875 0.025
0 1.00078125 0.70234375 0.0140625 0.0234375
0 1.01015625 0.71875 0.0171875 0.021875
0 1.02578125 0.70234375 0.0171875 0.0203125
0 1.03671875 0.68984375 0.0140625 0.0203125
0 1.09765625 0.6953125 0.0171875 0.025
0 1.13046875 0.7234375 0.0140625 0.015625
0 1.11640625 0.73359375 0.0140625 0.0203125
0 1.08046875 0.69609375 0.0109375 0.0171875
0 1.1609375 0.70390625 0.0125 0.0203125
0 1.190625 0.696875 0.015625 0.028125
0 1.21640625 0.71328125 0.0140625 0.0234375
0 1.23515625 0.690625 0.0140625 0.021875
0 1.2375 0.6828125 0.015625 0.021875
0 1.275 0.68828125 0.015625 0.0203125
0 1.290625 0.715625 0.01875 0.028125
0 1.3078125 0.69921875 0.015625 0.0203125
0 1.20859375 0.64609375 0.0109375 0.0140625
0 1.18125 0.64921875 0.0125 0.0171875
0 1.2578125 0.690625 0.0125 0.0125
0 1.2015625 0.6921875 0.015625 0.015625
0 1.3265625 0.70234375 0.015625 0.0203125
0 1.32890625 0.6921875 0.0140625 0.015625
0 1.38125 0.7109375 0.0125 0.01875
0 1.3796875 0.68984375 0.0125 0.0171875
0 1.34140625 0.7546875 0.0140625 0.025
0 1.4484375 0.6984375 0.015625 0.025
0 1.4796875 0.71953125 0.0125 0.0171875
0 1.515625 0.7 0.015625 0.01875
0 1.50078125 0.69921875 0.0109375 0.0140625
0 1.56015625 0.68359375 0.0140625 0.0171875
0 1.58359375 0.70703125 0.0140625 0.0203125
0 1.56328125 0.7203125 0.0140625 0.01875
0 1.59296875 0.71640625 0.0140625 0.0203125
0 1.52578125 0.82265625 0.0234375 0.0296875
0 1.48125 0.825 0.021875 0.025
0 1.409375 0.86015625 0.025 0.0296875
0 1.2359375 0.82890625 0.0125 0.0203125
0 1.25625 0.83984375 0.021875 0.0296875
0 1.26015625 0.87890625 0.0265625 0.0328125
0 1.25859375 0.91171875 0.0171875 0.0234375
0 1.2328125 0.98671875 0.0375 0.0515625
0 1.2734375 0.825 0.01875 0.01875
0 1.3203125 0.8484375 0.021875 0.025
0 1.31875 0.93828125 0.034375 0.0421875
0 1.32109375 0.8203125 0.0203125 0.021875
0 1.33828125 0.83828125 0.0171875 0.0203125
0 1.35703125 0.85078125 0.0234375 0.0296875
0 1.37421875 0.88671875 0.0328125 0.0421875
0 1.453125 0.88671875 0.028125 0.0421875
0 1.46640625 0.91328125 0.0328125 0.0453125
0 1.43984375 0.79609375 0.0140625 0.0203125
0 1.49609375 0.82734375 0.0203125 0.0296875
0 1.57890625 0.84375 0.0203125 0.03125
0 1.58359375 0.88515625 0.0328125 0.0453125
0 1.55625 0.9 0.034375 0.040625
0 1.5484375 0.9609375 0.05625 0.071875
0 1.5578125 1.00703125 0.053125 0.0703125
