0 0.1109375 0.68046875 0.034375 0.0515625
0 0.246875 0.746875 0.028125 0.0375
0 0.428125 0.696875 0.0375 0.046875
0 0.5421875 0.71171875 0.0375 0.0453125
0 0.58046875 0.71015625 0.0265625 0.0359375
0 0.70546875 0.71015625 0.0234375 0.0328125
0 0.66796875 0.753125 0.0359375 0.040625
0 0.8546875 0.7515625 0.03125 0.0375
0 0.9546875 0.7265625 0.040625 0.04375
0 1.0390625 0.6921875 0.025 0.034375
0 0.99296875 0.6828125 0.0421875 0.065625
0 1.146875 0.6859375 0.034375 0.05
0 1.36484375 0.70859375 0.0421875 0.0546875
0 1.5609375 0.68125 0.0375 0.040625
0 0.74296875 0.74140625 0.0359375 0.0484375
