0 1.56015625 1.025 0.0296875 0.034375
0 1.296875 1.0890625 0.009375 0.03125
0 1.384375 1.07265625 0.015625 0.0390625
0 1.55078125 0.92265625 0.0078125 0.0140625
0 1.21953125 0.9453125 0.0140625 0.021875
0 1.3921875 0.90859375 0.0125 0.0171875
0 1.534375 0.9015625 0.00625 0.009375
0 1.5171875 0.88046875 0.00625 0.0109375
0 1.39296875 0.9390625 0.0140625 0.01875
0 1.4015625 0.84765625 0.00625 0.0078125
0 1.4859375 0.85625 0.00625 0.009375
0 1.3484375 0.88203125 0.00625 0.0078125
0 1.57421875 0.909375 0.0140625 0.015625
0 1.18515625 0.89765625 0.0078125 0.0109375
0 1.2421875 0.90078125 0.009375 0.0109375
0 1.265625 0.9 0.009375 0.0125
0 1.115625 0.92578125 0.0125 0.0140625
0 1.075 0.915625 0.009375 0.0125
0 1.05625 0.95234375 0.015625 0.0171875
0 0.9421875 0.94765625 0.009375 0.0203125
0 1.05546875 0.91328125 0.0078125 0.0109375
0 0.93515625 0.91171875 0.0078125 0.0109375
0 0.86328125 0.97109375 0.0140625 0.0171875
0 0.8046875 1.01796875 0.015625 0.0203125
0 0.80234375 0.9046875 0.0078125 0.009375
0 0.7703125 0.94296875 0.009375 0.0109375
0 0.7421875 0.9203125 0.0125 0.0125
0 0.7015625 0.92421875 0.009375 0.0109375
0 0.778125 0.89765625 0.00625 0.0078125
0 0.8703125 0.91796875 0.0125 0.0140625
0 0.66015625 0.98671875 0.0140625 0.0296875
0 0.5734375 0.9890625 0.025 0.03125
0 0.6171875 0.959375 0.01875 0.01875
0 0.50625 0.92578125 0.0125 0.0140625
0 0.453125 0.95859375 0.01875 0.0234375
0 0.428125 0.88984375 0.0125 0.0203125
0 0.40703125 0.89453125 0.0046875 0.0203125
0 0.61015625 0.92734375 0.0109375 0.0140625
0 0.92734375 0.94296875 0.0109375 0.0140625
0 0.93671875 0.92578125 0.0140625 0.0171875
0 0.90625 0.90234375 0.009375 0.0140625
0 0.18515625 0.8890625 0.0078125 0.0125
0 0.1609375 0.88515625 0.009375 0.0109375
0 0.14375 0.90390625 0.00625 0.0078125
0 0.68671875 0.90078125 0.0078125 0.0109375
0 0.64765625 0.9296875 0.0109375 0.0125
0 0.4828125 0.9046875 0.009375 0.009375
0 0.60390625 0.9078125 0.0078125 0.009375
0 0.58359375 0.90546875 0.0109375 0.0140625
0 0.57265625 0.890625 0.0078125 0.009375
0 1.3140625 0.921875 0.009375 0.015625
0 1.31484375 0.8859375 0.0046875 0.009375
0 1.15546875 0.90234375 0.0078125 0.0078125
0 1.27578125 0.9328125 0.0140625 0.015625
0 1.13203125 0.9109375 0.0109375 0.0125
0 1.121875 0.87265625 0.00625 0.0078125
0 1.2171875 0.87421875 0.00625 0.0078125
0 1.53828125 0.8953125 0.0078125 0.009375
0 1.42734375 0.90546875 0.0078125 0.0140625
0 1.425 0.8796875 0.0125 0.0125
0 1.5453125 0.8796875 0.009375 0.009375
0 1.5546875 0.8859375 0.009375 0.00625
0 1.5390625 0.90234375 0.00625 0.0078125
0 1.54375 0.88984375 0.00625 0.0078125
0 1.00703125 0.96171875 0.0109375 0.0171875
0 1.03984375 0.94609375 0.0171875 0.0171875
0 0.90625 0.9296875 0.0125 0.0125
0 0.9203125 0.91484375 0.009375 0.0109375
0 1.11171875 0.89296875 0.0078125 0.0109375
0 0.9984375 0.89296875 0.009375 0.0078125
0 0.68828125 0.93984375 0.0078125 0.0171875
0 0.72265625 0.9875 0.0109375 0.021875
0 1.1703125 0.921875 0.009375 0.0125
0 1.4640625 0.90703125 0.009375 0.0109375
0 1.47109375 0.9375 0.0109375 0.01875
0 1.1015625 0.871875 0.00625 0.00625
