0 1.4109375 1.4046875 0.0375 0.05
0 1.49921875 1.3734375 0.0296875 0.03125
0 1.4625 1.5140625 0.0375 0.053125
0 1.42421875 1.54921875 0.0359375 0.0515625
0 1.29609375 1.53359375 0.0453125 0.0421875
0 1.275 1.6625 0.025 0.053125
0 1.1265625 1.4640625 0.05 0.0625
0 1.0453125 1.515625 0.0625 0.071875
0 1.04140625 1.37578125 0.0265625 0.0453125
0 1.35625 1.41171875 0.034375 0.0484375
0 1.2671875 1.27421875 0.025 0.0453125
0 1.35859375 1.27421875 0.0265625 0.0359375
0 1.44921875 1.34609375 0.0203125 0.0453125
0 1.52578125 1.2765625 0.0234375 0.034375
0 1.5390625 1.23828125 0.025 0.0296875
0 1.53515625 1.20859375 0.0203125 0.0265625
0 1.39921875 1.19921875 0.0203125 0.0234375
0 1.28515625 1.21171875 0.0296875 0.0296875
0 1.33984375 1.175 0.0234375 0.03125
0 1.16171875 1.29765625 0.0234375 0.0453125
0 1.04921875 1.30078125 0.0390625 0.0515625
0 1.03359375 1.221875 0.0296875 0.046875
0 1.1140625 1.23671875 0.034375 0.0453125
0 1.09453125 1.1703125 0.0296875 0.0375
0 1.01875 1.16015625 0.03125 0.0390625
0 1.15859375 1.17265625 0.0203125 0.0328125
0 0.87890625 1.36328125 0.0265625 0.0609375
0 0.7453125 1.3984375 0.05 0.0625
0 0.58359375 1.390625 0.0453125 0.071875
0 0.465625 1.43828125 0.06875 0.0921875
0 0.69921875 1.27890625 0.0359375 0.0578125
0 0.78125 1.26640625 0.0375 0.0546875
0 0.93046875 1.25390625 0.0171875 0.0421875
0 0.946875 1.18515625 0.025 0.0453125
0 0.84453125 1.209375 0.0296875 0.046875
0 0.74375 1.18984375 0.021875 0.0359375
0 0.66171875 1.18359375 0.0296875 0.0453125
0 0.53671875 1.109375 0.0265625 0.040625
0 0.309375 1.12578125 0.028125 0.0484375
0 0.39453125 1.2015625 0.0328125 0.05
0 0.715625 1.09296875 0.025 0.0296875
0 0.8125 1.10859375 0.021875 0.0390625
0 0.94921875 1.14140625 0.0296875 0.0359375
0 0.97734375 1.0984375 0.0296875 0.040625
0 1.1140625 1.096875 0.025 0.03125
0 1.03828125 1.090625 0.0171875 0.034375
0 0.19765625 1.4046875 0.0640625 0.078125
0 0.2875 1.41171875 0.059375 0.0796875
0 0.06015625 1.2640625 0.0453125 0.0625
0 0.26171875 1.0375 0.0359375 0.05
0 0.56953125 1.0625 0.0265625 0.0375
0 1.45546875 1.09296875 0.0296875 0.0359375
0 1.3296875 1.11796875 0.025 0.0296875
0 1.25859375 1.0984375 0.0171875 0.028125
0 1.2 1.015625 0.03125 0.04375
0 1.0734375 1.01796875 0.021875 0.0296875
0 0.9796875 1.04296875 0.025 0.0296875
0 1.009375 1.01328125 0.01875 0.0265625
0 0.971875 1.009375 0.021875 0.028125
0 1.02265625 0.89765625 0.0203125 0.0296875
0 1.071875 0.834375 0.01875 0.028125
0 1.153125 0.93828125 0.021875 0.0296875
0 1.1875 0.90703125 0.0125 0.0203125
0 1.234375 0.9015625 0.015625 0.01875
0 1.3515625 0.95078125 0.01875 0.0203125
0 1.371875 0.9703125 0.0125 0.01875
0 1.43046875 0.98671875 0.0203125 0.0234375
0 1.44609375 0.975 0.0140625 0.028125
0 1.5265625 1.04453125 0.01875 0.0203125
0 1.5109375 1.009375 0.01875 0.025
0 1.55546875 1.04296875 0.0109375 0.0140625
0 0.90390625 1.01796875 0.0234375 0.0296875
0 0.8875 1.0703125 0.025 0.034375
0 0.84765625 0.9890625 0.0203125 0.03125
0 0.63828125 0.95859375 0.0296875 0.0328125
0 0.5859375 0.9546875 0.025 0.025
0 0.54375 1.0 0.025 0.0375
0 0.49453125 0.925 0.0296875 0.03125
0 0.49609375 0.79921875 0.0203125 0.0359375
0 0.5265625 0.82109375 0.01875 0.0265625
0 0.775 0.875 0.025 0.03125
0 0.85546875 0.846875 0.0234375 0.03125
0 0.91015625 0.8828125 0.0203125 0.025
0 0.940625 0.87578125 0.01875 0.0265625
0 0.79140625 0.8078125 0.0234375 0.028125
0 0.684375 0.75546875 0.025 0.0296875
0 0.65078125 0.80234375 0.0234375 0.0359375
0 0.709375 1.04375 0.028125 0.025
0 0.4140625 0.94140625 0.021875 0.0265625
0 0.42421875 1.0 0.0234375 0.03125
0 0.39296875 1.02578125 0.0296875 0.0390625
0 0.278125 0.93671875 0.028125 0.0390625
0 0.16796875 0.9265625 0.0296875 0.04375
0 0.240625 0.86328125 0.028125 0.0390625
0 0.1046875 0.74609375 0.0375 0.0453125
0 0.1046875 0.74609375 0.0375 0.0453125
0 0.3125 0.76640625 0.028125 0.0328125
0 0.34921875 0.7734375 0.0203125 0.03125
0 0.415625 0.796875 0.021875 0.03125
0 0.42578125 0.8125 0.0203125 0.021875
0 0.13359375 1.7203125 0.0890625 0.10625
0 0.340625 0.9765625 0.028125 0.0375
0 0.2046875 0.91015625 0.028125 0.0390625
0 0.92109375 1.59765625 0.0359375 0.0671875
0 1.25078125 1.21171875 0.0234375 0.0390625
