0 0.0375 0.6515625 0.065625 0.090625
0 0.1671875 0.653125 0.109375 0.109375
0 0.36875 0.521875 0.090625 0.090625
0 0.39140625 0.440625 0.0671875 0.06875
0 0.47265625 0.421875 0.0671875 0.065625
0 0.5703125 0.39375 0.065625 0.071875
0 0.2796875 0.42734375 0.059375 0.0671875
0 0.14140625 0.4984375 0.0640625 0.065625
0 0.11328125 0.4078125 0.0296875 0.034375
0 0.1578125 0.3890625 0.03125 0.034375
0 0.16875 0.378125 0.025 0.03125
0 0.27578125 0.36640625 0.0203125 0.0328125
0 0.340625 0.340625 0.021875 0.021875
0 0.390625 0.3609375 0.028125 0.028125
0 0.43515625 0.3328125 0.0265625 0.025
0 0.51484375 0.3328125 0.0328125 0.03125
0 0.53046875 0.29453125 0.0171875 0.0203125
0 0.6375 0.2921875 0.025 0.03125
0 0.60703125 0.3203125 0.0234375 0.021875
0 0.71640625 0.33671875 0.0390625 0.0328125
0 0.72734375 0.384375 0.0328125 0.040625
0 0.73359375 0.4421875 0.0421875 0.040625
0 0.621875 0.51171875 0.065625 0.0640625
0 0.80390625 0.41484375 0.0515625 0.0609375
0 0.83203125 0.478125 0.0640625 0.078125
0 0.87421875 0.41328125 0.0640625 0.0828125
0 0.83984375 0.28203125 0.0421875 0.0484375
0 0.715625 0.27578125 0.01875 0.0234375
0 0.65 0.259375 0.009375 0.01875
0 0.8765625 0.221875 0.015625 0.021875
0 0.95625 0.29453125 0.05 0.0640625
0 0.9734375 0.2015625 0.01875 0.025
0 1.01328125 0.19765625 0.0171875 0.0234375
0 1.046875 0.228125 0.03125 0.03125
0 1.05390625 0.2640625 0.0328125 0.040625
0 1.03515625 0.32578125 0.0421875 0.0609375
0 1.05859375 0.4328125 0.0734375 0.08125
0 0.96796875 0.521875 0.0609375 0.10625
0 0.73671875 0.2375 0.0109375 0.0125
0 1.21015625 0.51015625 0.0953125 0.1328125
0 1.25 0.3859375 0.075 0.071875
0 1.44765625 0.38671875 0.1265625 0.1515625
0 1.36015625 0.421875 0.0578125 0.08125
0 1.38359375 0.3390625 0.0609375 0.06875
0 1.1515625 0.32578125 0.046875 0.0546875
0 1.096875 0.353125 0.075 0.0875
0 1.14375 0.26953125 0.040625 0.0453125
0 1.09765625 0.2046875 0.0234375 0.025
0 1.11328125 0.16328125 0.0203125 0.0234375
0 1.23828125 0.20703125 0.0421875 0.0578125
0 1.1921875 0.165625 0.025 0.028125
0 1.27109375 0.1484375 0.0140625 0.015625
0 1.35625 0.20546875 0.034375 0.0390625
0 1.46171875 0.1359375 0.0234375 0.025
0 1.484375 0.12890625 0.01875 0.0203125
0 1.42734375 0.125 0.0234375 0.028125
0 1.3796875 0.14453125 0.01875 0.0234375
0 1.57265625 0.1015625 0.0171875 0.025
0 1.590625 0.1234375 0.015625 0.03125
0 1.56015625 0.20703125 0.0578125 0.0578125
0 1.58046875 0.28125 0.0390625 0.071875
0 1.57578125 0.8515625 0.0484375 0.18125
0 1.496875 0.1578125 0.028125 0.03125
0 1.24375 0.321875 0.05625 0.059375
