0 0.5234375 0.1375 0.071875 0.1
0 0.753125 0.08359375 0.08125 0.1203125
0 0.8140625 0.11796875 0.090625 0.0859375
0 0.15703125 0.11328125 0.0515625 0.0890625
0 1.5171875 0.15546875 0.053125 0.1171875
0 1.58125 0.1890625 0.0375 0.1125
0 1.30625 0.090625 0.078125 0.125
0 1.34140625 0.17265625 0.0515625 0.1015625
0 1.08515625 0.09921875 0.0765625 0.0640625
0 1.184375 0.0609375 0.034375 0.046875
0 0.57421875 0.07421875 0.0578125 0.0609375
0 0.0484375 0.10390625 0.05625 0.0890625
0 0.0703125 0.14375 0.03125 0.0625
