0 0.8234375 0.37578125 0.0125 0.0171875
0 0.82421875 0.42578125 0.0171875 0.0234375
0 0.81875 0.4703125 0.015625 0.021875
0 0.83125 0.46328125 0.015625 0.0265625
0 0.81875 0.5015625 0.01875 0.03125
0 0.83828125 0.54765625 0.0203125 0.0265625
0 0.84921875 0.33515625 0.0078125 0.0140625
0 0.86796875 0.328125 0.0078125 0.0125
0 0.86328125 0.30625 0.0078125 0.009375
0 0.83671875 0.32734375 0.0078125 0.0109375
0 0.96484375 0.31875 0.0078125 0.0125
0 1.0125 0.321875 0.009375 0.0125
0 0.9109375 0.31328125 0.009375 0.0109375
0 0.92734375 0.31796875 0.0078125 0.0109375
0 0.9328125 0.31484375 0.00625 0.0109375
0 0.92421875 0.340625 0.0078125 0.009375
0 0.959375 0.37265625 0.0125 0.0171875
0 0.93203125 0.29296875 0.0078125 0.0109375
0 0.9796875 0.284375 0.00625 0.009375
0 0.871875 0.43984375 0.0125 0.0234375
0 0.96640625 0.459375 0.0140625 0.021875
0 1.046875 0.4453125 0.0125 0.01875
0 1.05390625 0.54140625 0.0171875 0.0234375
0 1.003125 0.52109375 0.01875 0.0265625
0 0.95390625 0.5109375 0.0203125 0.025
0 0.871875 0.46796875 0.015625 0.0265625
0 0.9109375 0.52265625 0.01875 0.0296875
0 0.9296875 0.56875 0.025 0.03125
0 0.97734375 0.58125 0.0234375 0.03125
0 1.0109375 0.6140625 0.025 0.034375
0 0.94296875 0.64453125 0.0265625 0.0390625
0 1.44453125 0.471875 0.0109375 0.01875
0 1.48125 0.5109375 0.015625 0.021875
0 1.46796875 0.5296875 0.0234375 0.03125
0 1.528125 0.44453125 0.0125 0.0140625
0 1.54375 0.440625 0.0125 0.01875
0 1.51796875 0.4890625 0.0171875 0.021875
0 1.5078125 0.55703125 0.01875 0.0234375
0 1.53671875 0.60234375 0.0171875 0.0234375
0 1.178125 0.58125 0.01875 0.028125
0 1.16875 0.73046875 0.034375 0.0484375
0 1.3140625 0.80625 0.021875 0.03125
0 1.375 0.78515625 0.0375 0.0484375
0 1.49140625 0.790625 0.0359375 0.05
0 1.56171875 0.78046875 0.0328125 0.0359375
0 1.5859375 0.44453125 0.0125 0.0171875
0 1.58359375 0.50703125 0.0171875 0.0140625
0 0.75078125 0.7046875 0.0171875 0.0375
0 0.53671875 0.8890625 0.0421875 0.021875
0 0.04375 0.23984375 0.009375 0.0109375
0 0.01875 0.2859375 0.009375 0.0125
0 0.06796875 0.28984375 0.0109375 0.0140625
0 0.103125 0.296875 0.009375 0.0125
0 0.1328125 0.31328125 0.009375 0.0109375
0 0.05859375 0.31484375 0.0109375 0.0140625
0 0.0703125 0.35625 0.0125 0.015625
0 0.12109375 0.3734375 0.0171875 0.021875
0 0.14140625 0.35 0.0140625 0.01875
0 0.1515625 0.284375 0.009375 0.0125
0 0.190625 0.2609375 0.009375 0.009375
0 0.1765625 0.24921875 0.00625 0.0078125
0 0.1921875 0.2484375 0.00625 0.009375
0 0.165625 0.24921875 0.00625 0.0078125
0 0.19453125 0.31640625 0.0109375 0.0140625
0 0.17578125 0.31484375 0.0109375 0.0140625
0 0.1875 0.40390625 0.01875 0.0203125
0 0.01484375 0.45859375 0.0171875 0.0265625
0 0.33515625 0.4875 0.0234375 0.028125
0 0.028125 0.66875 0.03125 0.0375
0 0.03671875 0.71796875 0.0296875 0.0453125
0 0.325 0.42734375 0.015625 0.0171875
0 0.34921875 0.40703125 0.0140625 0.0140625
0 0.3484375 0.365625 0.0125 0.01875
0 0.32265625 0.3828125 0.0140625 0.015625
0 0.2984375 0.3609375 0.0125 0.01875
0 0.196875 0.42578125 0.0125 0.0234375
0 0.2484375 0.3453125 0.0125 0.01875
0 0.38515625 0.40703125 0.0140625 0.0171875
0 0.39609375 0.346875 0.0109375 0.01875
0 0.384375 0.31640625 0.009375 0.0140625
0 0.325 0.31484375 0.009375 0.0140625
0 0.29140625 0.3203125 0.0109375 0.0125
0 0.3015625 0.290625 0.00625 0.009375
0 0.275 0.28671875 0.00625 0.0078125
0 0.265625 0.28515625 0.00625 0.0109375
0 0.2171875 0.2828125 0.009375 0.0125
0 0.228125 0.27890625 0.009375 0.0109375
0 0.20625 0.3140625 0.009375 0.015625
0 0.20703125 0.2984375 0.0078125 0.009375
0 0.32109375 0.25078125 0.0078125 0.0109375
0 0.3125 0.25234375 0.00625 0.0109375
0 0.3046875 0.24921875 0.00625 0.0109375
0 0.2484375 0.27421875 0.00625 0.0078125
0 0.225 0.24765625 0.00625 0.0109375
0 0.2390625 0.26484375 0.009375 0.0109375
0 0.45078125 0.271875 0.0078125 0.009375
0 0.4546875 0.30078125 0.009375 0.0109375
0 0.5109375 0.3125 0.009375 0.0125
0 0.44296875 0.24375 0.0078125 0.009375
0 0.53515625 0.3375 0.0078125 0.015625
0 0.490625 0.35625 0.0125 0.015625
0 0.49375 0.415625 0.015625 0.021875
0 0.4609375 0.3 0.00625 0.0125
0 0.4359375 0.34609375 0.0125 0.0171875
0 0.45546875 0.35546875 0.0109375 0.0171875
0 0.415625 0.37421875 0.0125 0.0140625
0 0.50234375 0.3734375 0.0140625 0.01875
0 0.5453125 0.39609375 0.0125 0.0171875
0 0.4640625 0.3859375 0.0125 0.015625
0 0.44296875 0.39296875 0.0140625 0.0203125
0 0.4390625 0.428125 0.015625 0.01875
0 0.42265625 0.44609375 0.0171875 0.0265625
0 0.40859375 0.4296875 0.0171875 0.021875
0 0.4890625 0.51796875 0.021875 0.0328125
0 0.5796875 0.5234375 0.01875 0.03125
0 0.53671875 0.55234375 0.0203125 0.0296875
0 0.37265625 0.5625 0.0171875 0.028125
0 0.415625 0.66328125 0.03125 0.0390625
0 0.41640625 0.73359375 0.0359375 0.0453125
0 0.6328125 0.58828125 0.021875 0.0328125
0 0.59609375 0.63359375 0.0265625 0.0328125
0 0.6875 0.6484375 0.028125 0.0375
0 0.67109375 0.5 0.0203125 0.028125
0 0.6125 0.4671875 0.01875 0.025
0 0.54375 0.46171875 0.0125 0.0265625
0 0.6328125 0.4546875 0.0125 0.01875
0 0.67734375 0.4703125 0.0203125 0.021875
0 0.75390625 0.54140625 0.0234375 0.0328125
0 0.7703125 0.5546875 0.025 0.034375
0 0.73125 0.43515625 0.015625 0.0171875
0 0.70546875 0.46328125 0.0171875 0.0171875
0 0.6953125 0.371875 0.0125 0.01875
0 0.72734375 0.36484375 0.0109375 0.0171875
0 0.73984375 0.4 0.0109375 0.01875
0 0.7921875 0.44609375 0.015625 0.0234375
0 0.8 0.40234375 0.0125 0.0171875
0 0.79765625 0.3796875 0.0140625 0.015625
0 0.81796875 0.334375 0.0078125 0.0125
0 0.7828125 0.3359375 0.009375 0.0125
0 0.778125 0.3609375 0.009375 0.01875
0 0.6828125 0.3328125 0.009375 0.0125
0 0.65625 0.33125 0.009375 0.0125
0 0.64140625 0.32421875 0.0109375 0.0140625
0 0.70625 0.33125 0.009375 0.015625
0 0.74765625 0.31796875 0.0078125 0.0109375
0 0.7125 0.278125 0.00625 0.009375
0 0.7375 0.30078125 0.00625 0.0109375
0 0.76171875 0.2828125 0.0046875 0.00625
0 0.7953125 0.3234375 0.00625 0.009375
0 0.778125 0.2734375 0.00625 0.009375
0 0.70546875 0.26796875 0.0078125 0.0109375
0 0.77578125 0.26171875 0.0046875 0.0078125
0 0.8265625 0.28984375 0.009375 0.0109375
0 0.8421875 0.28984375 0.00625 0.0078125
0 0.8390625 0.30546875 0.009375 0.0109375
0 0.82890625 0.359375 0.0109375 0.0125
0 0.99296875 0.6953125 0.0265625 0.034375
0 1.07734375 0.64921875 0.0234375 0.0328125
0 0.796875 0.73203125 0.034375 0.0484375
0 0.95390625 0.8109375 0.0296875 0.05
0 1.03671875 0.7875 0.0296875 0.046875
0 1.03046875 0.88046875 0.0453125 0.0390625
0 1.0390625 0.328125 0.00625 0.009375
0 1.075 0.32734375 0.009375 0.0140625
0 1.18515625 0.36171875 0.0078125 0.0109375
0 1.16328125 0.365625 0.0078125 0.015625
0 1.0046875 0.3984375 0.0125 0.015625
0 1.0734375 0.40234375 0.009375 0.0140625
0 1.071875 0.4546875 0.009375 0.015625
0 1.090625 0.47265625 0.015625 0.0203125
0 1.08046875 0.49765625 0.0171875 0.0234375
0 1.1203125 0.47734375 0.015625 0.0203125
0 1.1578125 0.43515625 0.0125 0.0203125
0 1.190625 0.42890625 0.0125 0.0171875
0 1.1953125 0.44921875 0.009375 0.0171875
0 1.15625 0.4796875 0.01875 0.028125
0 1.221875 0.4328125 0.015625 0.021875
0 1.20625 0.48984375 0.01875 0.0203125
0 1.2765625 0.4578125 0.015625 0.021875
0 1.2640625 0.47890625 0.01875 0.0234375
0 1.32265625 0.45703125 0.0140625 0.0234375
0 1.31640625 0.4984375 0.0171875 0.028125
0 1.3 0.53984375 0.021875 0.0265625
0 1.22109375 0.52890625 0.0203125 0.0265625
0 1.36875 0.53359375 0.025 0.0265625
0 1.4265625 0.51796875 0.015625 0.0234375
0 1.4296875 0.4875 0.015625 0.021875
