0 0.03359375 0.5984375 0.0640625 0.09375
0 0.03828125 0.70625 0.0546875 0.09375
0 0.159375 1.0203125 0.13125 0.09375
0 0.49140625 0.7140625 0.0953125 0.109375
0 0.57109375 0.6359375 0.0765625 0.10625
0 0.671875 0.78359375 0.090625 0.1296875
0 0.78046875 0.6515625 0.0953125 0.11875
0 0.72109375 0.965625 0.1453125 0.15625
0 0.95078125 0.72421875 0.0859375 0.0984375
0 1.01328125 0.7578125 0.0828125 0.10625
0 1.16875 0.615625 0.065625 0.0875
0 1.215625 0.790625 0.08125 0.128125
0 1.18671875 0.82734375 0.0796875 0.1109375
0 1.29921875 0.5171875 0.0609375 0.084375
0 1.37421875 0.6203125 0.0859375 0.103125
0 0.78984375 0.9984375 0.0578125 0.084375
0 0.7921875 0.9375 0.075 0.096875
0 0.1484375 0.86796875 0.078125 0.0796875
0 1.571875 0.603125 0.053125 0.078125
0 1.490625 0.6609375 0.065625 0.0875
0 1.54453125 0.82421875 0.1078125 0.1765625
0 1.36015625 1.02265625 0.1234375 0.0890625
0 1.525 0.57109375 0.08125 0.1078125
