0 0.5796875 0.7484375 0.05 0.1
0 0.453125 0.65234375 0.034375 0.0515625
0 0.3734375 0.62734375 0.025 0.0359375
0 0.35390625 0.59609375 0.0296875 0.0359375
0 0.82578125 0.4484375 0.0484375 0.075
0 1.39140625 0.79453125 0.0953125 0.0921875
0 0.91640625 0.88828125 0.0703125 0.0234375
0 1.15703125 0.40625 0.0171875 0.025
0 1.0625 0.41953125 0.025 0.0328125
0 1.01875 0.41328125 0.01875 0.0265625
0 1.40703125 0.43203125 0.0328125 0.0359375
0 1.46796875 0.44375 0.0140625 0.015625
0 1.33359375 0.5125 0.0140625 0.01875
0 1.27578125 0.525 0.0109375 0.015625
0 1.09375 0.4234375 0.01875 0.021875
0 0.771875 0.4 0.009375 0.009375
0 0.61953125 0.5140625 0.0171875 0.021875
0 0.3921875 0.5265625 0.01875 0.01875
0 0.46640625 0.4171875 0.0203125 0.021875
0 0.4609375 0.36796875 0.0125 0.0171875
0 0.47734375 0.3703125 0.0109375 0.0125
0 0.421875 0.403125 0.0125 0.021875
0 0.4125 0.40546875 0.015625 0.0203125
0 0.36328125 0.39296875 0.0109375 0.0171875
0 0.065625 0.375 0.015625 0.01875
0 0.0921875 0.38125 0.009375 0.0125
0 0.334375 0.3875 0.0125 0.015625
0 0.0234375 0.46640625 0.0125 0.0140625
0 0.55625 0.4 0.009375 0.0125
0 0.58125 0.39296875 0.0125 0.0140625
0 0.5421875 0.39140625 0.009375 0.0109375
