0 0.2234375 0.4671875 0.0375 0.05
0 0.2984375 0.453125 0.059375 0.084375
0 0.36796875 0.41875 0.0421875 0.046875
0 0.40625 0.47265625 0.04375 0.0515625
0 0.515625 0.409375 0.034375 0.046875
0 0.59140625 0.50390625 0.0671875 0.0828125
0 0.61796875 0.41875 0.0484375 0.0375
0 0.68828125 0.440625 0.0546875 0.071875
0 0.74375 0.43125 0.01875 0.0375
0 0.7265625 0.39453125 0.0125 0.0140625
0 0.84296875 0.49765625 0.0796875 0.0921875
0 0.92421875 0.46171875 0.0703125 0.0859375
0 0.86171875 0.41015625 0.0296875 0.0234375
0 0.87265625 0.38125 0.0328125 0.025
0 0.92109375 0.36875 0.0578125 0.04375
0 1.0015625 0.38046875 0.015625 0.0203125
0 1.0875 0.5 0.075 0.075
0 0.97109375 0.3984375 0.0140625 0.015625
0 1.11171875 0.375 0.0453125 0.05625
0 1.3328125 0.41171875 0.059375 0.0734375
0 1.34375 0.47109375 0.040625 0.0328125
0 1.43671875 0.4203125 0.0359375 0.0375
0 1.475 0.43984375 0.0375 0.0453125
0 1.40625 0.52265625 0.084375 0.0953125
