0 0.10390625 0.6703125 0.0734375 0.0875
0 0.23984375 0.61328125 0.1046875 0.1171875
0 0.3265625 0.70703125 0.078125 0.1671875
0 0.525 0.7109375 0.065625 0.13125
0 0.67578125 0.690625 0.0359375 0.05
0 0.69921875 0.75859375 0.0578125 0.0828125
0 0.6859375 1.075 0.1 0.115625
0 0.7296875 0.7875 0.025 0.034375
0 0.8609375 0.76328125 0.1 0.1234375
0 0.91796875 0.68203125 0.0796875 0.0984375
0 1.1265625 0.6703125 0.0625 0.075
0 1.26328125 0.6 0.0921875 0.1375
0 1.30078125 0.65859375 0.0765625 0.1203125
0 1.471875 0.7328125 0.075 0.090625
0 1.5359375 0.71484375 0.065625 0.0890625
