0 0.0765625 0.4640625 0.025 0.0375
0 0.09765625 0.47421875 0.0203125 0.0234375
0 0.15703125 0.48984375 0.0171875 0.0234375
0 0.246875 0.4578125 0.025 0.034375
0 0.26328125 0.465625 0.0171875 0.028125
0 0.28203125 0.45703125 0.0140625 0.0203125
0 0.3578125 0.434375 0.028125 0.034375
0 0.43203125 0.46640625 0.0328125 0.0390625
0 0.4953125 0.465625 0.025 0.0375
0 0.6109375 0.46796875 0.028125 0.0296875
0 0.66328125 0.4609375 0.0265625 0.03125
0 0.7140625 0.44296875 0.034375 0.0453125
0 0.84453125 0.45703125 0.0234375 0.0359375
0 0.92578125 0.4703125 0.0265625 0.034375
0 0.9046875 0.45703125 0.015625 0.0171875
0 1.0546875 0.44375 0.03125 0.04375
0 1.1453125 0.45 0.0125 0.015625
0 1.17421875 0.4734375 0.0265625 0.03125
0 1.284375 0.45625 0.028125 0.040625
0 1.34375 0.46484375 0.01875 0.0265625
0 0.00703125 0.478125 0.0140625 0.028125
