0 1.5453125 0.2453125 0.109375 0.165625
0 1.48203125 0.19765625 0.0453125 0.0546875
0 1.41796875 0.2359375 0.0390625 0.05
0 1.39609375 0.271875 0.0484375 0.071875
0 1.44296875 0.371875 0.0484375 0.071875
0 1.29921875 0.25078125 0.0453125 0.0640625
0 1.215625 0.4390625 0.08125 0.103125
0 1.03046875 0.375 0.0609375 0.0875
0 0.81953125 0.48828125 0.0984375 0.1359375
0 0.78203125 0.45078125 0.0734375 0.1015625
0 0.74921875 0.68515625 0.2109375 0.1953125
0 0.48828125 0.5828125 0.1015625 0.053125
0 0.0859375 0.6984375 0.153125 0.2375
