0 1.57265625 0.6671875 0.0546875 0.115625
0 1.58046875 0.48046875 0.0359375 0.0546875
0 1.42265625 0.5 0.0609375 0.071875
0 1.45390625 0.421875 0.0140625 0.021875
0 1.43203125 0.4078125 0.0109375 0.0125
0 1.50078125 0.4296875 0.0171875 0.021875
0 1.3390625 0.42421875 0.015625 0.0171875
0 1.36171875 0.41328125 0.0140625 0.0140625
0 1.31484375 0.41796875 0.0140625 0.0203125
0 1.29453125 0.42109375 0.0234375 0.0265625
0 1.2734375 0.43984375 0.021875 0.0328125
0 1.22734375 0.4765625 0.0609375 0.0625
0 1.22421875 0.640625 0.1265625 0.15
0 1.0203125 0.4125 0.0625 0.078125
0 1.22421875 0.41171875 0.0359375 0.0390625
0 1.16015625 0.425 0.0203125 0.021875
0 1.1140625 0.4296875 0.025 0.034375
0 1.08984375 0.4546875 0.0328125 0.0375
0 1.0828125 0.41875 0.01875 0.021875
0 1.25859375 0.40078125 0.0171875 0.0171875
0 1.1671875 0.40234375 0.0125 0.0140625
0 0.8296875 0.67421875 0.125 0.1671875
0 0.81796875 0.46328125 0.0609375 0.0765625
0 0.884375 0.4296875 0.034375 0.04375
0 0.921875 0.4 0.021875 0.025
0 0.84609375 0.40546875 0.0203125 0.0234375
0 0.7828125 0.4546875 0.028125 0.040625
0 0.740625 0.49765625 0.040625 0.0515625
0 0.15703125 0.55625 0.1234375 0.1375
0 0.42265625 0.63203125 0.1140625 0.1328125
0 0.43203125 0.47734375 0.0671875 0.0671875
0 0.3640625 0.44453125 0.034375 0.0421875
0 0.2609375 0.515625 0.05625 0.078125
0 0.09140625 0.49296875 0.0578125 0.0734375
0 0.25390625 0.41328125 0.0328125 0.0421875
0 0.15 0.4296875 0.040625 0.034375
0 0.09375 0.40703125 0.034375 0.0328125
0 0.32734375 0.42265625 0.0140625 0.0203125
0 0.40703125 0.42578125 0.0140625 0.0171875
0 0.5203125 0.42734375 0.025 0.0296875
0 0.5015625 0.42890625 0.021875 0.0265625
0 0.42890625 0.41328125 0.0203125 0.0203125
0 0.01640625 0.4765625 0.0078125 0.03125
0 0.03203125 0.42734375 0.0359375 0.0390625
0 0.05390625 0.37421875 0.0265625 0.0265625
0 0.16328125 0.38671875 0.0203125 0.0203125
0 0.1234375 0.41953125 0.0125 0.0171875
0 0.10859375 0.3703125 0.0140625 0.0125
0 0.184375 0.43203125 0.025 0.0265625
0 0.18046875 0.35703125 0.0109375 0.0078125
0 0.19609375 0.3734375 0.0109375 0.0125
0 0.125 0.37265625 0.009375 0.0109375
0 0.309375 0.3984375 0.0125 0.0125
0 0.61953125 0.46796875 0.0671875 0.0828125
0 0.665625 0.44609375 0.03125 0.0359375
0 0.69453125 0.446875 0.0203125 0.03125
0 0.696875 0.41015625 0.025 0.0296875
0 0.5640625 0.49375 0.0375 0.05
0 0.55859375 0.4484375 0.0328125 0.034375
0 0.4671875 0.43046875 0.028125 0.0328125
0 0.55 0.4046875 0.0125 0.015625
0 0.54375 0.39140625 0.009375 0.0109375
0 0.60625 0.39375 0.009375 0.0125
0 0.778125 0.4203125 0.028125 0.025
0 0.79765625 0.39609375 0.0140625 0.0140625
0 0.740625 0.40390625 0.01875 0.0203125
0 0.72734375 0.421875 0.0171875 0.015625
0 0.659375 0.39140625 0.0125 0.0140625
0 0.68203125 0.3921875 0.0140625 0.015625
0 0.63515625 0.38515625 0.0109375 0.0140625
0 0.72890625 0.39296875 0.0109375 0.0140625
0 0.77734375 0.38515625 0.0046875 0.0078125
0 0.75546875 0.378125 0.0109375 0.009375
0 0.421875 0.37890625 0.0125 0.0140625
0 0.465625 0.3828125 0.009375 0.009375
0 0.3578125 0.38671875 0.009375 0.0109375
0 0.39296875 0.38515625 0.0109375 0.0109375
0 0.3328125 0.3828125 0.0125 0.0125
0 0.34296875 0.36953125 0.0109375 0.0109375
0 0.3671875 0.384375 0.009375 0.0125
0 0.353125 0.36875 0.00625 0.009375
0 0.49375 0.384375 0.0125 0.0125
0 0.49140625 0.4 0.0171875 0.01875
0 0.56796875 0.39609375 0.0140625 0.0140625
0 0.571875 0.37890625 0.009375 0.0109375
0 0.61953125 0.38671875 0.0109375 0.0140625
0 0.71328125 0.38359375 0.0078125 0.0078125
0 0.7578125 0.39296875 0.00625 0.0078125
0 0.82265625 0.39453125 0.0109375 0.0109375
0 0.83359375 0.3796875 0.0046875 0.00625
0 0.8015625 0.38046875 0.009375 0.0078125
0 0.7890625 0.37734375 0.00625 0.0078125
0 0.89609375 0.3890625 0.0140625 0.015625
0 0.86015625 0.38046875 0.0109375 0.0109375
0 1.12109375 0.40078125 0.0109375 0.0140625
0 0.0421875 0.34296875 0.015625 0.0203125
0 1.25859375 0.4671875 0.0328125 0.05625
