0 0.09375 0.28984375 0.04375 0.0484375
0 0.26328125 0.3 0.0265625 0.034375
0 0.29921875 0.2796875 0.0265625 0.0375
0 0.2875 0.2859375 0.01875 0.0375
0 0.328125 0.25234375 0.03125 0.0421875
0 0.46171875 0.21875 0.0328125 0.04375
0 0.50703125 0.2453125 0.0515625 0.0625
0 0.3875 0.2515625 0.01875 0.03125
0 0.60390625 0.19375 0.0484375 0.06875
0 0.7296875 0.11796875 0.11875 0.1296875
0 0.884375 0.08359375 0.065625 0.0921875
0 0.61015625 0.36953125 0.0671875 0.1015625
0 0.7078125 0.3640625 0.09375 0.1125
0 1.24453125 0.12578125 0.0953125 0.1609375
0 1.5625 0.0984375 0.075 0.10625
