0 1.4453125 0.6453125 0.08125 0.103125
0 1.2421875 0.546875 0.071875 0.0875
0 1.1734375 0.471875 0.071875 0.096875
0 1.09140625 0.68828125 0.0828125 0.1015625
0 0.7734375 0.69375 0.075 0.090625
0 0.3625 0.7953125 0.10625 0.078125
0 0.22734375 0.36640625 0.0953125 0.0984375
0 1.534375 0.0421875 0.084375 0.084375
0 0.59453125 1.1375 0.0859375 0.121875
0 0.7734375 1.04921875 0.090625 0.1140625
0 1.42890625 0.3234375 0.0828125 0.11875
0 1.1453125 0.10703125 0.053125 0.0890625
0 1.3 0.38828125 0.06875 0.1046875
