0 0.978125 0.3875 0.034375 0.040625
0 0.79140625 0.403125 0.0328125 0.040625
0 0.4828125 0.3921875 0.03125 0.034375
0 0.4 0.35546875 0.028125 0.0359375
0 0.27265625 0.3640625 0.0234375 0.028125
0 0.2171875 0.37109375 0.03125 0.0359375
0 0.1046875 0.3671875 0.040625 0.040625
0 0.25703125 0.6046875 0.0453125 0.05
0 0.45234375 0.6796875 0.0484375 0.065625
0 0.51171875 0.81484375 0.0703125 0.0859375
0 0.37890625 0.746875 0.0453125 0.06875
0 0.11484375 0.6765625 0.0453125 0.065625
0 0.859375 0.6109375 0.059375 0.075
0 0.9171875 0.6203125 0.04375 0.05625
0 1.04140625 0.6875 0.0546875 0.05625
0 0.8296875 0.7015625 0.05625 0.065625
0 0.6265625 0.753125 0.053125 0.075
0 0.84375 0.85078125 0.0875 0.1078125
0 0.75078125 0.915625 0.0484375 0.134375
0 0.15546875 0.81640625 0.0484375 0.1140625
0 1.39453125 0.69453125 0.0359375 0.0578125
0 1.27578125 0.63359375 0.0390625 0.0390625
0 1.15625 0.71328125 0.034375 0.0765625
0 0.803125 0.5671875 0.03125 0.05625
0 0.91796875 0.55625 0.0359375 0.040625
0 1.49921875 0.9296875 0.0453125 0.071875
