0 1.5265625 0.3890625 0.053125 0.05
0 1.4828125 0.4125 0.040625 0.04375
0 1.4359375 0.64921875 0.090625 0.0765625
0 1.52109375 0.66171875 0.0484375 0.0515625
0 1.45625 0.465625 0.025 0.028125
0 1.26015625 0.409375 0.0328125 0.0375
0 1.33125 0.446875 0.03125 0.03125
0 1.18671875 0.7609375 0.1046875 0.11875
0 1.31484375 0.646875 0.0453125 0.046875
0 1.0953125 0.6671875 0.040625 0.065625
0 1.20234375 0.48984375 0.0203125 0.0265625
0 1.10625 0.4578125 0.025 0.03125
0 1.16875 0.4859375 0.01875 0.021875
0 1.0765625 0.5 0.0125 0.015625
0 1.01875 0.47109375 0.021875 0.0265625
0 0.99453125 0.4953125 0.0171875 0.021875
0 0.9265625 0.48125 0.01875 0.021875
0 0.865625 0.50546875 0.01875 0.0203125
0 0.8015625 0.50234375 0.0125 0.0171875
0 0.78671875 0.51796875 0.0109375 0.0140625
0 0.9890625 0.61640625 0.034375 0.0359375
0 0.97578125 0.5890625 0.0203125 0.021875
0 0.90625 0.6015625 0.025 0.028125
0 0.8609375 0.60078125 0.025 0.0296875
0 0.8734375 0.69140625 0.046875 0.0546875
0 0.8171875 0.62421875 0.0375 0.0484375
0 0.78828125 0.60390625 0.0265625 0.0296875
0 0.7515625 0.621875 0.0375 0.04375
0 0.68671875 0.51875 0.0109375 0.0125
0 0.69453125 0.5171875 0.0140625 0.0125
0 0.75078125 0.53203125 0.0109375 0.0140625
0 0.73984375 0.52890625 0.0078125 0.0109375
0 0.71640625 0.51875 0.0109375 0.015625
0 0.56328125 0.5390625 0.0078125 0.009375
0 0.4578125 0.52890625 0.009375 0.0109375
0 0.43828125 0.5421875 0.0109375 0.0125
0 0.48046875 0.5390625 0.0109375 0.0125
0 0.190625 0.51875 0.0125 0.015625
0 0.1421875 0.5203125 0.0125 0.0125
0 0.2515625 0.5234375 0.009375 0.0125
0 0.29375 0.53671875 0.009375 0.0109375
0 0.22578125 0.53671875 0.0109375 0.0109375
0 0.31015625 0.61640625 0.0203125 0.0265625
0 0.17421875 0.60078125 0.0171875 0.0171875
0 0.31484375 0.54453125 0.0078125 0.0109375
0 0.57109375 0.615625 0.0234375 0.034375
0 0.53984375 0.60546875 0.0140625 0.0171875
0 0.61328125 0.603125 0.0140625 0.01875
0 0.63203125 0.63203125 0.0234375 0.0328125
0 0.71015625 0.62265625 0.0109375 0.0203125
0 0.390625 0.61953125 0.021875 0.0234375
0 0.428125 0.59609375 0.0125 0.0171875
0 0.45703125 0.60546875 0.0140625 0.0203125
0 0.44453125 0.734375 0.0671875 0.084375
0 0.68828125 0.76640625 0.0859375 0.0828125
0 0.02734375 0.6859375 0.0546875 0.071875
0 0.015625 0.625 0.01875 0.01875
0 0.990625 0.475 0.0125 0.01875
0 1.19375 0.63203125 0.03125 0.0390625
0 0.38515625 0.58828125 0.0140625 0.0171875
0 0.334375 0.621875 0.021875 0.028125
0 1.4015625 0.42421875 0.034375 0.0328125
