0 0.3234375 1.19375 0.13125 0.178125
0 0.52265625 1.290625 0.0546875 0.0875
0 0.90859375 1.2015625 0.0515625 0.078125
0 1.375 1.1984375 0.0375 0.0625
0 0.8578125 1.04921875 0.01875 0.0234375
0 0.9140625 1.02890625 0.01875 0.0203125
0 0.9484375 0.98359375 0.01875 0.0234375
0 0.9609375 1.01796875 0.015625 0.0265625
0 1.015625 1.009375 0.015625 0.025
0 1.04375 1.03203125 0.015625 0.0234375
0 1.10625 1.0375 0.015625 0.021875
0 1.309375 1.21796875 0.0625 0.0671875
0 1.2609375 1.225 0.034375 0.059375
0 1.5140625 1.465625 0.171875 0.203125
0 0.446875 1.16484375 0.05625 0.0890625
0 0.6734375 1.14609375 0.009375 0.0109375
0 0.73046875 1.0734375 0.0109375 0.015625
0 0.7015625 1.0828125 0.009375 0.0125
0 0.8734375 1.03359375 0.015625 0.0203125
0 0.2234375 1.51328125 0.253125 0.4515625
0 1.00859375 1.18828125 0.0234375 0.0265625
