0 1.45546875 0.515625 0.0984375 0.115625
0 1.52890625 0.4078125 0.0390625 0.0625
0 1.57265625 0.41015625 0.0328125 0.0421875
0 1.17890625 0.60859375 0.1171875 0.1296875
0 1.29140625 0.88203125 0.2453125 0.3078125
0 1.2203125 0.3890625 0.028125 0.034375
0 1.0765625 0.47421875 0.046875 0.0578125
0 0.98515625 0.24296875 0.0109375 0.0140625
0 0.95703125 0.45078125 0.0328125 0.0515625
0 0.77421875 0.43515625 0.0484375 0.0640625
0 0.82109375 0.428125 0.0359375 0.046875
0 0.74765625 0.69296875 0.1546875 0.2140625
0 0.71796875 0.509375 0.0921875 0.11875
0 0.82578125 0.53359375 0.0453125 0.0578125
0 0.3421875 0.546875 0.0625 0.0875
0 0.54921875 0.62265625 0.0984375 0.1328125
0 0.2484375 0.5828125 0.084375 0.125
0 0.24453125 0.50078125 0.0796875 0.0890625
0 0.32265625 0.4515625 0.0203125 0.025
