0 0.04609375 0.58828125 0.0203125 0.0140625
0 0.11953125 0.54921875 0.0140625 0.0265625
0 0.09140625 0.7140625 0.0359375 0.05625
0 0.13984375 0.746875 0.0234375 0.04375
0 0.1609375 0.68515625 0.021875 0.0234375
0 0.34609375 0.753125 0.0265625 0.03125
0 0.35546875 0.8015625 0.0234375 0.040625
0 0.515625 0.79765625 0.096875 0.1203125
0 0.60390625 0.7265625 0.0140625 0.021875
0 0.56171875 0.71953125 0.0203125 0.0453125
0 0.6234375 0.725 0.0125 0.01875
0 0.709375 0.753125 0.0125 0.015625
0 0.78359375 0.73984375 0.0109375 0.0203125
0 0.7875 0.7125 0.0125 0.015625
0 0.803125 0.7328125 0.009375 0.015625
0 1.1859375 0.8046875 0.01875 0.034375
0 1.2171875 0.73359375 0.040625 0.0484375
0 1.42890625 0.75234375 0.0203125 0.0359375
0 1.46171875 0.7609375 0.0265625 0.040625
0 1.19375 0.89375 0.05625 0.065625
0 1.5109375 0.7625 0.028125 0.0875
0 1.00859375 0.89765625 0.1703125 0.2453125
