0 0.0421875 0.66328125 0.015625 0.0171875
0 0.11484375 0.665625 0.0171875 0.01875
0 0.171875 0.6625 0.0125 0.01875
0 0.246875 0.65078125 0.015625 0.0171875
0 0.3109375 0.6609375 0.015625 0.021875
0 0.34765625 0.66171875 0.0171875 0.0203125
0 0.3859375 0.66640625 0.015625 0.0203125
0 0.4234375 0.6703125 0.009375 0.015625
0 0.48515625 0.66875 0.0203125 0.01875
0 0.55546875 0.66484375 0.0140625 0.0171875
0 0.51953125 0.70390625 0.0078125 0.0140625
0 0.525 0.69921875 0.009375 0.0140625
0 0.70390625 0.65625 0.0109375 0.015625
0 0.75390625 0.6625 0.0109375 0.015625
0 0.771875 0.6515625 0.0125 0.021875
0 0.8265625 0.65234375 0.015625 0.0203125
0 0.78125 0.7546875 0.015625 0.034375
0 0.88046875 0.66640625 0.0171875 0.0203125
0 1.00546875 0.72265625 0.0203125 0.0390625
0 1.028125 0.7453125 0.021875 0.0375
0 0.94140625 0.66171875 0.0140625 0.0171875
0 1.02265625 0.659375 0.0140625 0.01875
0 1.09609375 0.65234375 0.0140625 0.0203125
0 0.95546875 0.67890625 0.0140625 0.0203125
0 1.16953125 0.66015625 0.0171875 0.0234375
0 1.2484375 0.65859375 0.015625 0.0203125
0 1.3171875 0.66640625 0.015625 0.0203125
0 1.3859375 0.67109375 0.015625 0.0171875
0 1.46796875 0.66953125 0.0171875 0.0234375
0 1.53359375 0.67890625 0.0171875 0.0203125
0 1.58203125 0.67109375 0.0171875 0.0203125
0 0.134375 0.76015625 0.01875 0.0140625
0 0.246875 0.79765625 0.0125 0.0140625
0 0.63046875 0.684375 0.0140625 0.0125
