0 0.15 0.4375 0.053125 0.059375
0 0.29453125 0.39765625 0.0578125 0.0609375
0 0.45546875 0.4390625 0.0578125 0.090625
0 0.046875 0.47578125 0.040625 0.0671875
0 0.61171875 0.4140625 0.0484375 0.059375
0 0.65390625 0.4265625 0.0328125 0.065625
0 0.82421875 0.38671875 0.0515625 0.0671875
0 0.890625 0.45703125 0.034375 0.0390625
0 1.0078125 0.42109375 0.05 0.0546875
0 1.0921875 0.43203125 0.04375 0.0640625
0 1.1703125 0.45546875 0.04375 0.0578125
0 1.20078125 0.496875 0.0359375 0.05625
0 1.28125 0.4546875 0.040625 0.05625
0 1.38671875 0.4875 0.0484375 0.053125
0 1.44140625 0.45625 0.0421875 0.059375
0 1.584375 0.46796875 0.03125 0.0671875
0 1.21875 0.46875 0.034375 0.034375
0 0.10390625 0.42578125 0.0390625 0.0515625
