0 1.53203125 0.67890625 0.0359375 0.0390625
0 1.371875 0.70390625 0.040625 0.0546875
0 1.27734375 0.61953125 0.0390625 0.0453125
0 1.06015625 0.59375 0.0171875 0.028125
0 0.9390625 0.64609375 0.028125 0.0453125
0 0.91328125 0.62421875 0.0265625 0.0359375
0 0.85390625 0.609375 0.0265625 0.034375
0 0.88125 0.59375 0.028125 0.03125
0 0.85390625 0.64140625 0.0234375 0.0328125
0 0.825 0.64609375 0.034375 0.0390625
0 0.875 0.4703125 0.009375 0.009375
0 0.759375 0.68671875 0.034375 0.0359375
0 0.7421875 0.665625 0.028125 0.034375
0 0.73984375 0.72890625 0.0328125 0.0421875
0 0.61015625 0.88671875 0.0390625 0.0640625
0 0.51875 0.73125 0.0375 0.053125
0 0.5578125 0.67421875 0.028125 0.0421875
0 0.5171875 0.63515625 0.01875 0.0234375
0 0.4734375 0.61953125 0.0125 0.0296875
0 0.4265625 0.6421875 0.01875 0.021875
0 0.40078125 0.678125 0.0203125 0.034375
0 0.37421875 0.65625 0.0296875 0.034375
0 0.340625 0.6640625 0.025 0.034375
0 0.35546875 0.6171875 0.0234375 0.034375
0 0.16328125 0.69140625 0.0359375 0.0421875
0 0.24375 0.64140625 0.021875 0.0359375
0 0.2890625 0.62890625 0.021875 0.0359375
0 0.03671875 0.83515625 0.0671875 0.0859375
0 1.22109375 0.53984375 0.0203125 0.0203125
0 1.13203125 0.55546875 0.0203125 0.0234375
0 1.24765625 0.58046875 0.0171875 0.0203125
0 1.56953125 0.58203125 0.0203125 0.0203125
0 1.48828125 0.675 0.0296875 0.0375
0 1.275 0.73515625 0.04375 0.0484375
0 0.978125 0.46328125 0.0125 0.0140625
0 0.75234375 0.43671875 0.0078125 0.0109375
0 0.92265625 0.46328125 0.0078125 0.0109375
0 0.8875 0.428125 0.009375 0.009375
0 0.8671875 0.44609375 0.009375 0.0109375
0 0.5859375 0.4390625 0.0125 0.01875
0 0.61484375 0.46171875 0.0109375 0.0140625
0 0.365625 0.4890625 0.009375 0.01875
0 0.40625 0.47578125 0.0125 0.0140625
0 0.23515625 0.4421875 0.0078125 0.0125
0 0.23671875 0.46796875 0.0140625 0.0109375
0 0.071875 0.4890625 0.009375 0.01875
