0 0.059375 0.47578125 0.009375 0.0140625
0 0.0703125 0.4578125 0.009375 0.0125
0 0.0546875 0.50546875 0.00625 0.0109375
0 0.02734375 0.50078125 0.0046875 0.0140625
0 0.128125 0.5078125 0.00625 0.0125
0 0.08671875 0.43515625 0.0078125 0.0109375
0 0.0484375 0.440625 0.00625 0.009375
0 0.11640625 0.45546875 0.0046875 0.0078125
0 0.18046875 0.49296875 0.0078125 0.0109375
0 0.2546875 0.53984375 0.009375 0.0140625
0 0.2390625 0.51484375 0.009375 0.0140625
0 0.2140625 0.52734375 0.009375 0.0109375
0 0.21875 0.4921875 0.009375 0.015625
0 0.22421875 0.478125 0.0046875 0.009375
0 0.24140625 0.55625 0.0078125 0.01875
0 0.20703125 0.55546875 0.0078125 0.0109375
0 0.23125 0.6078125 0.009375 0.015625
0 0.19140625 0.61796875 0.0109375 0.0203125
0 0.17890625 0.55234375 0.0109375 0.0140625
0 0.14921875 0.54140625 0.0109375 0.0140625
0 0.16328125 0.515625 0.0078125 0.015625
0 0.11953125 0.546875 0.0140625 0.015625
0 0.096875 0.54921875 0.009375 0.0109375
0 0.04296875 0.553125 0.0109375 0.0125
0 0.1421875 0.57578125 0.0125 0.0203125
0 0.0546875 0.60703125 0.009375 0.0171875
0 0.0390625 0.65 0.0125 0.021875
0 0.0921875 0.6453125 0.0125 0.015625
0 0.10078125 0.6125 0.0140625 0.025
0 0.14921875 0.62265625 0.0140625 0.0171875
0 0.1265625 0.621875 0.009375 0.015625
0 0.01328125 0.5671875 0.0109375 0.015625
0 0.0984375 0.66875 0.0125 0.01875
0 0.06640625 0.696875 0.0140625 0.021875
0 0.13359375 0.68125 0.0171875 0.01875
0 0.15703125 0.67578125 0.0109375 0.0203125
0 0.16953125 0.68515625 0.0140625 0.0203125
0 0.20703125 0.671875 0.0109375 0.015625
0 0.22421875 0.73828125 0.0171875 0.0265625
0 0.16875 0.74140625 0.015625 0.0265625
0 0.16015625 0.771875 0.0234375 0.028125
0 0.13515625 0.759375 0.0171875 0.025
0 0.08203125 0.76484375 0.0140625 0.0265625
0 0.0359375 0.77265625 0.015625 0.0265625
0 0.0578125 0.81171875 0.01875 0.0296875
0 0.1625 0.8171875 0.021875 0.028125
0 0.22578125 0.775 0.0203125 0.03125
0 0.02265625 0.73203125 0.0171875 0.0265625
0 0.23515625 0.84765625 0.0203125 0.0296875
0 0.265625 0.8609375 0.015625 0.01875
0 0.296875 0.93125 0.021875 0.034375
0 0.25546875 0.759375 0.0140625 0.01875
0 0.26484375 0.7390625 0.0140625 0.01875
0 0.253125 0.690625 0.0125 0.01875
0 0.28046875 0.696875 0.0140625 0.028125
0 0.2953125 0.68984375 0.015625 0.0234375
0 0.06484375 0.73515625 0.0171875 0.0203125
0 0.1265625 0.6484375 0.01875 0.01875
0 0.184375 0.81796875 0.0125 0.0265625
0 0.290625 0.46171875 0.00625 0.0109375
0 0.2875 0.50390625 0.00625 0.0109375
0 0.265625 0.553125 0.009375 0.0125
0 0.32265625 0.525 0.0078125 0.0125
0 0.29296875 0.553125 0.0109375 0.0125
0 0.30390625 0.54140625 0.0046875 0.0078125
0 0.41328125 0.54609375 0.0109375 0.0171875
0 0.33203125 0.56484375 0.0109375 0.0140625
0 0.38828125 0.59453125 0.0109375 0.0203125
0 0.36171875 0.553125 0.0109375 0.0125
0 0.365625 0.5046875 0.009375 0.015625
0 0.40546875 0.62109375 0.0109375 0.0203125
0 0.3484375 0.66640625 0.0125 0.0203125
0 0.365625 0.6625 0.015625 0.01875
0 0.3828125 0.6828125 0.015625 0.01875
0 0.40859375 0.69609375 0.0171875 0.0234375
0 0.40390625 0.665625 0.0140625 0.01875
0 0.4453125 0.66015625 0.0125 0.0203125
0 0.5296875 0.64765625 0.009375 0.0203125
0 0.52421875 0.7078125 0.0171875 0.021875
0 0.503125 0.71171875 0.015625 0.0203125
0 0.4625 0.69375 0.01875 0.021875
0 0.32421875 0.74140625 0.0171875 0.0203125
0 0.346875 0.75859375 0.015625 0.0265625
0 0.33125 0.78359375 0.01875 0.0296875
0 0.4640625 0.76015625 0.01875 0.0265625
0 0.44375 0.7484375 0.015625 0.025
0 0.4921875 0.803125 0.021875 0.028125
0 0.521875 0.7734375 0.015625 0.03125
0 0.5109375 0.7671875 0.015625 0.028125
0 0.5515625 0.809375 0.015625 0.025
0 0.49765625 0.83515625 0.0109375 0.0265625
0 0.4546875 0.8421875 0.021875 0.03125
0 0.37578125 0.8484375 0.0234375 0.03125
0 0.3328125 0.53359375 0.009375 0.0109375
0 0.38984375 0.5625 0.0140625 0.015625
0 0.4453125 0.47578125 0.009375 0.0109375
0 0.3890625 0.4828125 0.00625 0.0125
0 0.5609375 0.47578125 0.00625 0.0109375
0 0.54375 0.4921875 0.009375 0.0125
0 0.5453125 0.53125 0.009375 0.0125
0 0.52109375 0.51796875 0.0078125 0.0109375
0 0.503125 0.521875 0.009375 0.0125
0 0.446875 0.5234375 0.0125 0.015625
0 0.45859375 0.515625 0.0078125 0.0125
0 0.46640625 0.54375 0.0109375 0.01875
0 0.44140625 0.5625 0.0140625 0.015625
0 0.44296875 0.5828125 0.0109375 0.01875
0 0.37890625 0.6 0.0109375 0.01875
0 0.36953125 0.60625 0.0078125 0.0125
0 0.4 0.65078125 0.0125 0.0171875
0 0.46015625 0.61875 0.0171875 0.025
0 0.50703125 0.5828125 0.0109375 0.015625
0 0.49921875 0.55234375 0.0109375 0.0140625
0 0.54296875 0.57890625 0.0140625 0.0203125
0 0.54765625 0.61875 0.0140625 0.021875
0 0.5203125 0.64140625 0.009375 0.0140625
0 0.4203125 0.6015625 0.009375 0.015625
0 0.60625 0.4390625 0.00625 0.0125
0 0.62890625 0.4421875 0.0078125 0.0125
0 0.61953125 0.42109375 0.0046875 0.0109375
0 0.60390625 0.52578125 0.0078125 0.0109375
0 0.6265625 0.5484375 0.00625 0.009375
0 0.575 0.51484375 0.009375 0.0109375
0 0.571875 0.540625 0.009375 0.0125
0 0.57890625 0.5703125 0.0109375 0.015625
0 0.5953125 0.58203125 0.015625 0.0203125
0 0.5953125 0.6265625 0.009375 0.015625
0 0.6 0.6046875 0.009375 0.015625
0 0.6109375 0.6953125 0.0125 0.01875
0 0.609375 0.66171875 0.0125 0.0203125
0 0.60859375 0.734375 0.0171875 0.025
0 0.58515625 0.68203125 0.0171875 0.0234375
0 0.57265625 0.66640625 0.0140625 0.0171875
0 0.5796875 0.6265625 0.009375 0.015625
0 0.71796875 0.44296875 0.0078125 0.0109375
0 0.75859375 0.45703125 0.0078125 0.0109375
0 0.75703125 0.475 0.0078125 0.015625
0 0.74765625 0.48359375 0.0109375 0.0140625
0 0.8140625 0.446875 0.009375 0.015625
0 0.809375 0.47890625 0.00625 0.0109375
0 0.80703125 0.4984375 0.0109375 0.0125
0 0.73671875 0.51875 0.0109375 0.009375
0 0.68671875 0.52421875 0.0109375 0.0140625
0 0.6453125 0.51484375 0.009375 0.0140625
0 0.63359375 0.5203125 0.0078125 0.0125
0 0.80390625 0.53671875 0.0109375 0.0171875
0 0.80234375 0.59921875 0.0078125 0.0140625
0 0.76796875 0.59375 0.0109375 0.0125
0 0.74921875 0.590625 0.0109375 0.01875
0 0.715625 0.590625 0.0125 0.015625
0 0.69765625 0.58046875 0.0078125 0.0171875
0 0.6796875 0.59921875 0.0125 0.0234375
0 0.64921875 0.62890625 0.0140625 0.0234375
0 0.80546875 0.65 0.0140625 0.021875
0 0.76171875 0.6484375 0.0140625 0.015625
0 0.67109375 0.665625 0.0171875 0.01875
0 0.6515625 0.58046875 0.009375 0.0140625
0 0.653125 0.55390625 0.009375 0.0140625
0 0.71328125 0.63984375 0.0140625 0.0265625
0 0.82890625 0.6171875 0.0109375 0.01875
0 0.87578125 0.61875 0.0109375 0.01875
0 0.9375 0.6578125 0.0125 0.01875
0 0.84609375 0.6453125 0.0109375 0.021875
0 0.8734375 0.67109375 0.01875 0.0265625
0 0.90078125 0.68984375 0.0171875 0.0234375
0 0.93828125 0.7296875 0.0171875 0.03125
0 0.8921875 0.7296875 0.015625 0.021875
0 0.81796875 0.67890625 0.0140625 0.0171875
0 0.8453125 0.68515625 0.0125 0.0265625
0 0.81953125 0.7359375 0.0203125 0.028125
0 0.68984375 0.67109375 0.0140625 0.0203125
0 0.740625 0.715625 0.015625 0.01875
0 0.7140625 0.7515625 0.015625 0.025
0 0.72578125 0.803125 0.0203125 0.03125
0 0.76640625 0.85859375 0.0203125 0.0296875
0 0.84296875 0.8578125 0.0203125 0.034375
0 0.87578125 0.81015625 0.0234375 0.0328125
0 0.8421875 0.78671875 0.01875 0.0296875
0 0.815625 0.7734375 0.01875 0.028125
0 0.89375 0.79140625 0.01875 0.0265625
0 0.925 0.87734375 0.021875 0.0265625
0 0.68203125 0.840625 0.0234375 0.025
0 0.68671875 0.7734375 0.0171875 0.025
0 0.6515625 0.74609375 0.015625 0.0234375
0 0.6328125 0.7484375 0.015625 0.028125
0 0.615625 0.80859375 0.01875 0.0265625
0 0.59609375 0.846875 0.0203125 0.03125
0 0.52890625 1.0375 0.0328125 0.040625
0 0.69140625 0.4921875 0.0078125 0.015625
0 0.66640625 0.4984375 0.0078125 0.0125
0 0.70703125 0.54453125 0.0109375 0.0140625
0 0.8546875 0.58125 0.0125 0.0125
0 0.8796875 0.528125 0.009375 0.015625
0 0.90703125 0.51171875 0.0078125 0.0140625
0 0.8796875 0.50546875 0.00625 0.0140625
0 0.8765625 0.47109375 0.00625 0.0109375
0 0.8421875 0.47578125 0.00625 0.0109375
0 0.77890625 0.709375 0.0203125 0.025
0 0.92265625 0.4875 0.0140625 0.015625
0 0.89453125 0.62890625 0.0109375 0.0140625
0 0.8390625 0.446875 0.009375 0.0125
0 0.85234375 0.4484375 0.0078125 0.009375
0 0.87890625 0.45390625 0.0078125 0.0109375
0 0.85390625 0.4328125 0.0046875 0.009375
0 0.91171875 0.44609375 0.0078125 0.0109375
0 0.94296875 0.46484375 0.0078125 0.0109375
0 0.9859375 0.465625 0.009375 0.0125
0 0.9390625 0.52109375 0.009375 0.0140625
0 1.01953125 0.48125 0.0078125 0.0125
0 1.05546875 0.459375 0.0078125 0.0125
0 1.04140625 0.4328125 0.0046875 0.009375
0 1.01875 0.45078125 0.009375 0.0140625
0 0.953125 0.534375 0.009375 0.0125
0 1.02265625 0.525 0.0078125 0.0125
0 1.00234375 0.51640625 0.0078125 0.0078125
0 0.96484375 0.52109375 0.0078125 0.0109375
0 1.025 0.55390625 0.0125 0.0171875
0 1.059375 0.553125 0.0125 0.015625
0 0.98125 0.578125 0.009375 0.0125
0 0.9546875 0.56953125 0.0125 0.0171875
0 0.9609375 0.59765625 0.0125 0.0203125
0 1.01640625 0.6140625 0.0109375 0.0125
0 0.99296875 0.5921875 0.0078125 0.0125
0 1.028125 0.6390625 0.0125 0.01875
0 1.059375 0.678125 0.015625 0.021875
0 1.00078125 0.65078125 0.0140625 0.0203125
0 0.978125 0.653125 0.015625 0.021875
0 0.990625 0.55 0.0125 0.025
0 0.9484375 0.4890625 0.009375 0.01875
0 0.67109375 0.43671875 0.0078125 0.0109375
0 0.72578125 0.55078125 0.0109375 0.0140625
0 0.78046875 0.4765625 0.0078125 0.015625
0 1.05625 0.44453125 0.009375 0.0140625
0 1.2296875 0.46484375 0.009375 0.0140625
0 1.18515625 0.46328125 0.0078125 0.0109375
0 1.10703125 0.478125 0.0078125 0.0125
0 1.12578125 0.48671875 0.0078125 0.0109375
0 1.15859375 0.459375 0.0078125 0.0125
0 1.1890625 0.484375 0.009375 0.015625
0 1.2140625 0.49453125 0.009375 0.0140625
0 1.2765625 0.50546875 0.009375 0.0140625
0 1.25703125 0.51015625 0.0078125 0.0140625
0 1.278125 0.53046875 0.009375 0.0171875
0 1.25234375 0.5484375 0.0078125 0.015625
0 1.21875 0.54296875 0.009375 0.0171875
0 1.1875 0.5171875 0.009375 0.0125
0 1.15859375 0.484375 0.0078125 0.009375
0 1.17109375 0.53515625 0.0078125 0.0140625
0 1.1515625 0.53828125 0.0125 0.0234375
0 1.178125 0.55078125 0.00625 0.0140625
0 1.1390625 0.5609375 0.009375 0.01875
0 1.07265625 0.5015625 0.0109375 0.01875
0 1.1390625 0.5046875 0.009375 0.015625
0 1.10546875 0.5 0.0078125 0.0125
0 1.10078125 0.56171875 0.0109375 0.0171875
0 1.08828125 0.5953125 0.0109375 0.01875
0 1.10703125 0.596875 0.0109375 0.01875
0 1.13359375 0.5921875 0.0109375 0.01875
0 1.14921875 0.64765625 0.0140625 0.0265625
0 1.1796875 0.6484375 0.015625 0.021875
0 1.209375 0.665625 0.015625 0.01875
0 1.196875 0.61796875 0.0125 0.0203125
0 1.2375 0.59765625 0.015625 0.0234375
0 1.2734375 0.61484375 0.015625 0.0203125
0 1.24140625 0.64375 0.0140625 0.021875
0 1.26796875 0.5734375 0.0109375 0.01875
0 1.203125 0.5671875 0.009375 0.01875
0 0.76484375 0.69296875 0.0171875 0.0203125
0 1.08671875 0.54609375 0.0109375 0.0171875
0 1.06953125 0.58671875 0.0078125 0.0140625
0 1.0796875 0.71328125 0.021875 0.0203125
0 1.1484375 0.696875 0.01875 0.021875
0 1.15546875 0.73203125 0.0171875 0.0203125
0 1.06328125 0.7421875 0.0234375 0.028125
0 0.96953125 0.73828125 0.0203125 0.0265625
0 0.65 0.815625 0.015625 0.025
0 1.20625 0.73046875 0.01875 0.0328125
0 1.1875 0.82109375 0.021875 0.0328125
0 1.171875 0.78671875 0.01875 0.0265625
0 1.096875 0.78203125 0.021875 0.0265625
0 1.01328125 0.7671875 0.0203125 0.028125
0 1.059375 0.8203125 0.015625 0.021875
0 1.11953125 0.88359375 0.0234375 0.0359375
0 0.971875 0.8390625 0.021875 0.025
0 0.9375 0.77421875 0.021875 0.0234375
0 0.9390625 0.83046875 0.01875 0.0328125
0 1.19921875 0.88125 0.0265625 0.03125
0 1.28359375 0.440625 0.0078125 0.0125
0 1.32421875 0.4375 0.0078125 0.0125
0 1.42421875 0.46328125 0.0078125 0.0109375
0 1.43046875 0.4921875 0.0109375 0.01875
0 1.45703125 0.50546875 0.0078125 0.0140625
0 1.3375 0.496875 0.009375 0.015625
0 1.303125 0.5140625 0.0125 0.01875
0 1.25234375 0.48359375 0.0078125 0.0109375
0 1.2328125 0.48203125 0.0125 0.0140625
0 1.33125 0.4609375 0.009375 0.0125
0 1.37578125 0.50078125 0.0109375 0.0171875
0 1.3453125 0.5234375 0.0125 0.01875
0 1.3296875 0.54140625 0.009375 0.0171875
0 1.3171875 0.57421875 0.015625 0.0203125
0 1.30546875 0.59921875 0.0140625 0.0171875
0 1.35078125 0.56171875 0.0140625 0.0203125
0 1.375 0.51953125 0.0125 0.0140625
0 1.3890625 0.53359375 0.009375 0.0140625
0 1.45546875 0.55 0.0109375 0.01875
0 1.44375 0.53984375 0.009375 0.0140625
0 1.4375 0.5765625 0.015625 0.021875
0 1.45078125 0.60546875 0.0171875 0.0171875
0 1.3984375 0.59921875 0.015625 0.0171875
0 1.34375 0.60234375 0.015625 0.0203125
0 1.1109375 0.62421875 0.0125 0.0203125
0 1.121875 0.6375 0.009375 0.021875
0 1.0875 0.61796875 0.009375 0.0203125
0 1.1609375 0.6296875 0.015625 0.025
0 1.2296875 0.73515625 0.01875 0.0296875
0 1.26171875 0.7296875 0.0140625 0.021875
0 1.2625 0.76484375 0.021875 0.0296875
0 1.246875 0.81640625 0.025 0.0328125
0 1.2890625 0.74609375 0.01875 0.0234375
0 1.55546875 0.6140625 0.0171875 0.021875
0 1.478125 0.521875 0.0125 0.01875
0 1.54921875 0.50703125 0.0109375 0.0140625
0 1.521875 0.52890625 0.0125 0.0171875
0 1.46796875 0.5890625 0.0109375 0.0125
0 1.48828125 0.61640625 0.0140625 0.0203125
0 1.58046875 0.5890625 0.0109375 0.01875
0 1.5875 0.66953125 0.01875 0.0296875
0 1.48359375 0.68671875 0.0171875 0.0265625
0 1.446875 0.646875 0.01875 0.01875
0 1.421875 0.7015625 0.01875 0.025
0 1.428125 0.67578125 0.01875 0.0234375
0 1.4546875 0.73203125 0.015625 0.0203125
0 1.3375 0.640625 0.015625 0.021875
0 1.4 0.640625 0.0125 0.021875
0 1.29921875 0.675 0.0140625 0.021875
0 1.334375 0.67890625 0.01875 0.0265625
0 1.40078125 0.70859375 0.0171875 0.0234375
0 1.36875 0.7234375 0.01875 0.021875
0 1.35390625 0.74296875 0.0203125 0.0234375
0 1.42421875 0.77578125 0.0203125 0.0234375
0 1.45390625 0.82109375 0.0203125 0.0328125
0 1.48046875 0.86015625 0.0265625 0.0359375
0 1.49609375 0.8859375 0.0265625 0.034375
0 1.4234375 0.88203125 0.021875 0.0359375
0 1.3671875 0.85 0.028125 0.028125
0 1.33359375 0.896875 0.0296875 0.034375
0 1.30703125 0.7390625 0.0140625 0.021875
0 1.32421875 0.73984375 0.0171875 0.0203125
0 1.51875 0.78125 0.01875 0.025
0 1.43203125 0.83828125 0.0234375 0.0390625
0 1.3 0.5875 0.0125 0.021875
0 1.40546875 0.5359375 0.0140625 0.015625
0 1.25859375 0.571875 0.0109375 0.0125
0 0.36328125 0.4515625 0.0078125 0.015625
0 0.41796875 0.45546875 0.0078125 0.0109375
0 0.17890625 0.65 0.0171875 0.01875
0 0.35 0.78125 0.015625 0.021875
0 0.4828125 0.47109375 0.009375 0.0140625
0 0.49609375 0.47109375 0.0078125 0.0109375
0 1.090625 0.5140625 0.009375 0.01875
0 1.07578125 0.53515625 0.0078125 0.0171875
0 1.14921875 0.57421875 0.0109375 0.0140625
0 1.01015625 0.5984375 0.0109375 0.015625
0 1.00625 0.61640625 0.009375 0.0140625
0 0.9171875 0.56875 0.0125 0.01875
0 0.98828125 0.5203125 0.0109375 0.015625
0 1.05859375 0.640625 0.0109375 0.015625
0 0.88984375 0.53984375 0.0078125 0.0140625
0 1.121875 0.53046875 0.009375 0.0140625
0 1.35078125 0.49765625 0.0109375 0.0140625
0 1.32109375 0.5046875 0.0046875 0.0125
0 1.50859375 0.68984375 0.0140625 0.0203125
0 1.52578125 0.571875 0.0234375 0.025
0 1.51640625 0.60703125 0.0203125 0.0328125
0 1.59375 0.71875 0.0125 0.021875
0 1.5953125 0.58125 0.009375 0.025
0 1.2375 0.5703125 0.015625 0.01875
0 1.403125 0.48359375 0.00625 0.0078125
0 1.4953125 0.509375 0.0125 0.015625
0 1.303125 0.5703125 0.009375 0.015625
0 1.278125 0.55078125 0.00625 0.0140625
0 0.68984375 0.44609375 0.0078125 0.0109375
0 0.653125 0.4640625 0.00625 0.009375
0 0.653125 0.43828125 0.00625 0.0078125
0 0.26875 0.6015625 0.0125 0.015625
