0 0.0140625 0.13046875 0.015625 0.0203125
0 0.04140625 0.14296875 0.0171875 0.0203125
0 0.03203125 0.171875 0.0234375 0.03125
0 0.065625 0.16953125 0.0125 0.0171875
0 0.0984375 0.20234375 0.03125 0.0390625
0 0.10859375 0.1578125 0.0171875 0.01875
0 0.1046875 0.1359375 0.015625 0.01875
0 0.13984375 0.13046875 0.0171875 0.0234375
0 0.1921875 0.1265625 0.025 0.034375
0 0.30859375 0.15390625 0.0234375 0.0296875
0 0.36171875 0.1328125 0.0234375 0.03125
0 0.41171875 0.1296875 0.0234375 0.028125
0 0.45078125 0.1046875 0.0296875 0.03125
0 0.159375 0.22421875 0.01875 0.0234375
0 0.1734375 0.2453125 0.021875 0.03125
0 0.29375 0.23046875 0.01875 0.0234375
0 0.49140625 0.12734375 0.0234375 0.0296875
0 0.58125 0.10390625 0.021875 0.0265625
0 0.62578125 0.14140625 0.0234375 0.0328125
0 0.65703125 0.09921875 0.0203125 0.0296875
0 0.68671875 0.11640625 0.0296875 0.0453125
0 0.63828125 0.19296875 0.0359375 0.0390625
0 0.721875 0.18515625 0.034375 0.0453125
0 0.81328125 0.14453125 0.0359375 0.0453125
0 0.84375 0.1921875 0.0375 0.04375
0 0.75 0.06875 0.03125 0.0375
0 0.834375 0.01328125 0.028125 0.0234375
0 0.88828125 0.02734375 0.0296875 0.0328125
0 0.89296875 0.14921875 0.0515625 0.0359375
0 0.92578125 0.14609375 0.0359375 0.0421875
0 0.9671875 0.19140625 0.0375 0.0546875
0 1.0375 0.134375 0.034375 0.053125
0 1.06953125 0.109375 0.0359375 0.059375
0 1.0921875 0.09375 0.05625 0.075
0 1.01796875 0.0109375 0.0328125 0.021875
0 1.15078125 0.02109375 0.0265625 0.0359375
0 1.2046875 0.11171875 0.05625 0.0765625
0 1.2609375 0.13046875 0.0375 0.0359375
0 1.3125 0.07265625 0.028125 0.0421875
0 1.3890625 0.13984375 0.05625 0.0703125
0 1.4203125 0.0453125 0.0375 0.053125
0 1.4546875 0.06015625 0.0375 0.0609375
0 1.421875 0.1125 0.05 0.071875
0 1.5734375 0.4421875 0.053125 0.071875
0 1.54765625 0.5609375 0.0703125 0.103125
0 1.409375 0.56640625 0.0875 0.1140625
0 1.43125 0.4375 0.053125 0.075
0 1.3546875 0.4578125 0.0625 0.071875
0 1.24921875 0.4890625 0.0734375 0.09375
0 1.2390625 0.4 0.05625 0.06875
0 0.93828125 0.25625 0.0421875 0.059375
0 0.96953125 0.375 0.0453125 0.05625
0 0.990625 0.4171875 0.05 0.071875
0 1.0859375 0.4796875 0.065625 0.08125
0 1.1171875 0.58515625 0.075 0.0953125
0 0.8 0.3796875 0.04375 0.05
0 0.84296875 0.40859375 0.0390625 0.0453125
0 0.85078125 0.446875 0.0453125 0.08125
0 0.89296875 0.503125 0.0828125 0.1
0 0.490625 0.2875 0.025 0.03125
0 0.50390625 0.30078125 0.0234375 0.0328125
0 0.54609375 0.41875 0.0546875 0.071875
0 0.5890625 0.36875 0.034375 0.04375
0 0.63828125 0.3984375 0.0359375 0.04375
0 0.678125 0.39453125 0.046875 0.0578125
0 0.684375 0.48984375 0.071875 0.0859375
0 0.43515625 0.33046875 0.0296875 0.0390625
0 0.36015625 0.334375 0.0203125 0.034375
0 0.41875 0.36875 0.034375 0.046875
0 0.4234375 0.41640625 0.059375 0.0734375
0 0.4625 0.4640625 0.065625 0.08125
0 0.32109375 0.33671875 0.0359375 0.0453125
0 0.3375 0.3875 0.040625 0.05625
0 0.29296875 0.42890625 0.0609375 0.0703125
0 0.2765625 0.5359375 0.075 0.09375
0 0.240625 0.43671875 0.040625 0.0515625
0 0.2203125 0.384375 0.04375 0.04375
0 0.1875 0.3890625 0.03125 0.040625
0 0.2046875 0.3328125 0.03125 0.034375
0 0.175 0.3296875 0.021875 0.025
0 0.2078125 0.46640625 0.053125 0.0640625
0 0.0578125 0.32890625 0.03125 0.0328125
0 0.14375 0.35078125 0.03125 0.0390625
0 0.0765625 0.403125 0.046875 0.059375
0 0.03203125 0.3890625 0.0390625 0.046875
0 0.05390625 0.44765625 0.0578125 0.0734375
0 0.0296875 0.475 0.059375 0.075
0 1.215625 0.740625 0.084375 0.121875
