0 0.20859375 0.55859375 0.1046875 0.1078125
0 0.3203125 0.49765625 0.03125 0.0359375
0 0.3625 0.47890625 0.025 0.0234375
0 0.36875 0.5109375 0.025 0.034375
0 0.4234375 0.50859375 0.028125 0.0453125
0 0.49140625 0.490625 0.0203125 0.01875
0 0.521875 0.5046875 0.025 0.025
0 0.54375 0.4921875 0.021875 0.025
0 0.6078125 0.5015625 0.03125 0.03125
0 0.7140625 0.51171875 0.03125 0.0328125
0 0.76953125 0.5296875 0.0328125 0.0375
0 0.7953125 0.5296875 0.021875 0.03125
0 0.78671875 0.4984375 0.0203125 0.028125
0 0.8421875 0.50234375 0.021875 0.0234375
0 0.87890625 0.525 0.0234375 0.034375
0 0.9265625 0.490625 0.03125 0.034375
0 1.05 0.49453125 0.025 0.0421875
0 0.971875 0.16640625 0.034375 0.0484375
0 1.12109375 0.53125 0.0359375 0.04375
0 1.09453125 0.49140625 0.0296875 0.0359375
0 1.1375 0.4984375 0.025 0.034375
0 1.171875 0.49921875 0.015625 0.0328125
0 1.221875 0.46875 0.04375 0.05
0 1.2671875 0.440625 0.06875 0.075
0 1.42109375 0.51484375 0.0203125 0.0328125
0 1.53125 0.48515625 0.0375 0.0453125
0 1.52109375 0.45625 0.0390625 0.05625
0 0.96875 0.4796875 0.021875 0.028125
0 1.01875 0.48671875 0.028125 0.0359375
0 0.66328125 0.48828125 0.0171875 0.0234375
