0 1.50546875 0.2 0.0171875 0.025
0 1.58984375 0.3625 0.0203125 0.05
0 1.453125 0.30234375 0.021875 0.0328125
0 1.46171875 0.234375 0.0265625 0.03125
0 1.4265625 0.23984375 0.015625 0.0234375
0 1.39140625 0.259375 0.0203125 0.028125
0 1.37890625 0.35546875 0.0296875 0.0390625
0 1.315625 0.23359375 0.0125 0.0203125
0 1.27421875 0.2609375 0.0234375 0.03125
0 1.19921875 0.26640625 0.0203125 0.0265625
0 1.16484375 0.221875 0.0140625 0.015625
0 1.159375 0.28828125 0.015625 0.0234375
0 1.12265625 0.26640625 0.0140625 0.0140625
0 1.3625 0.46171875 0.05625 0.0671875
0 1.2765625 0.4125 0.03125 0.04375
0 1.07578125 0.2953125 0.0171875 0.028125
0 1.0453125 0.36953125 0.034375 0.0390625
0 1.00546875 0.3484375 0.0296875 0.046875
0 1.03046875 0.2640625 0.0171875 0.021875
0 0.96875 0.25625 0.015625 0.01875
0 0.94140625 0.278125 0.0140625 0.01875
0 0.940625 0.2453125 0.009375 0.0125
0 0.8546875 0.24453125 0.009375 0.0109375
0 0.79453125 0.2546875 0.0109375 0.0125
0 0.75 0.24296875 0.009375 0.0109375
0 1.028125 0.496875 0.046875 0.059375
0 0.859375 0.4421875 0.034375 0.046875
0 0.825 0.39375 0.025 0.034375
0 0.56328125 0.7515625 0.0828125 0.090625
0 0.60390625 0.3078125 0.0203125 0.028125
0 0.58671875 0.3109375 0.0140625 0.025
0 0.60625 0.34765625 0.021875 0.0296875
0 0.5296875 0.36796875 0.021875 0.0265625
0 0.4875 0.37421875 0.021875 0.0296875
0 0.4765625 0.4203125 0.028125 0.034375
0 0.415625 0.44140625 0.034375 0.0421875
0 0.6765625 0.35078125 0.009375 0.0109375
0 0.7046875 0.33984375 0.00625 0.0078125
0 0.546875 0.2765625 0.015625 0.01875
0 0.55546875 0.26015625 0.0109375 0.0140625
0 0.4921875 0.28671875 0.0125 0.0171875
0 0.459375 0.28671875 0.0125 0.0171875
0 0.44609375 0.29375 0.0171875 0.021875
0 0.44921875 0.2578125 0.0109375 0.0125
0 0.42578125 0.29453125 0.0109375 0.0140625
0 0.40703125 0.3828125 0.0296875 0.034375
0 0.6953125 0.2703125 0.009375 0.0125
0 0.71015625 0.3140625 0.0078125 0.009375
0 0.628125 0.2984375 0.009375 0.009375
0 0.63046875 0.31796875 0.0109375 0.0109375
0 0.63984375 0.3390625 0.0078125 0.009375
0 0.64765625 0.3609375 0.0078125 0.009375
0 0.6609375 0.3578125 0.00625 0.009375
0 0.6875 0.34453125 0.009375 0.0078125
0 0.71875 0.33359375 0.00625 0.0078125
0 0.18984375 0.41640625 0.0265625 0.0328125
0 0.1953125 0.38203125 0.01875 0.0234375
0 0.20703125 0.3421875 0.0140625 0.01875
0 0.1671875 0.31171875 0.015625 0.0171875
0 0.275 0.28125 0.009375 0.0125
0 0.13046875 0.321875 0.0140625 0.015625
0 0.0515625 0.31484375 0.0125 0.0140625
0 0.0265625 0.36796875 0.01875 0.0203125
0 0.1875 0.3015625 0.0125 0.015625
0 0.24140625 0.290625 0.0140625 0.0125
0 0.3859375 0.3 0.009375 0.0125
0 0.39375 0.2953125 0.009375 0.015625
0 1.58671875 0.21953125 0.0265625 0.0234375
