0 0.1796875 0.4671875 0.078125 0.03125
0 0.278125 0.31640625 0.065625 0.0515625
0 0.35390625 0.25078125 0.0765625 0.0421875
0 0.44296875 0.2171875 0.0671875 0.04375
0 0.54296875 0.1796875 0.0640625 0.046875
0 0.51640625 0.28125 0.0296875 0.053125
0 0.49921875 0.46640625 0.0390625 0.0765625
0 0.78828125 0.321875 0.0578125 0.053125
0 0.85546875 0.21875 0.0640625 0.046875
0 0.8984375 0.228125 0.0375 0.059375
0 0.91796875 0.25078125 0.0296875 0.0515625
0 0.98046875 0.20390625 0.0609375 0.0671875
0 1.040625 0.2078125 0.053125 0.06875
0 1.12734375 0.1921875 0.0453125 0.071875
0 1.21875 0.2125 0.059375 0.078125
0 1.278125 0.22890625 0.046875 0.0640625
0 1.053125 0.3140625 0.05 0.075
0 1.3296875 0.303125 0.053125 0.065625
0 1.4140625 0.25 0.040625 0.0625
0 1.3828125 0.23359375 0.034375 0.0640625
0 1.46171875 0.515625 0.0484375 0.071875
0 1.5734375 0.55546875 0.040625 0.0578125
