0 0.046875 0.059375 0.01875 0.021875
0 0.07265625 0.0140625 0.0109375 0.015625
0 0.10234375 0.0359375 0.0140625 0.01875
0 0.10625 0.30390625 0.021875 0.0359375
0 0.13125 0.36953125 0.025 0.0296875
0 0.03671875 0.6984375 0.0203125 0.034375
0 0.3796875 0.484375 0.015625 0.025
0 0.5796875 0.453125 0.021875 0.03125
0 0.53203125 0.39609375 0.0171875 0.0203125
0 0.44453125 0.371875 0.0234375 0.028125
0 0.3640625 0.33359375 0.01875 0.0265625
0 0.4609375 0.234375 0.01875 0.028125
0 0.41953125 0.18359375 0.0203125 0.0265625
0 0.446875 0.1515625 0.015625 0.028125
0 0.6046875 0.265625 0.025 0.03125
0 0.58125 0.165625 0.025 0.025
0 0.75078125 0.28515625 0.0234375 0.0328125
0 0.65390625 0.340625 0.0203125 0.025
0 0.859375 0.528125 0.021875 0.025
0 0.95625 0.3015625 0.015625 0.025
0 0.77265625 0.22578125 0.0171875 0.0234375
0 0.96796875 0.18828125 0.0203125 0.0265625
0 1.040625 0.08984375 0.01875 0.0296875
0 0.25078125 0.17265625 0.0203125 0.0296875
0 0.47109375 0.0375 0.0203125 0.034375
0 1.2203125 0.04140625 0.021875 0.0296875
0 1.446875 0.01328125 0.015625 0.0234375
0 1.37734375 0.16015625 0.0234375 0.0265625
0 1.3671875 0.2265625 0.01875 0.028125
0 1.52109375 0.20859375 0.0171875 0.0296875
0 1.48828125 0.28046875 0.0171875 0.0328125
0 1.4765625 0.32578125 0.015625 0.0265625
0 1.515625 0.3328125 0.01875 0.034375
0 1.3671875 0.46875 0.021875 0.028125
0 1.340625 0.4390625 0.01875 0.028125
0 1.30625 0.43671875 0.015625 0.0265625
0 1.0703125 0.47109375 0.015625 0.0296875
0 1.29765625 0.2359375 0.0140625 0.021875
0 0.09296875 0.97578125 0.0140625 0.0265625
0 1.17734375 0.584375 0.0109375 0.028125
0 1.31328125 0.56953125 0.0109375 0.0203125
0 1.309375 0.6578125 0.015625 0.034375
0 1.32421875 0.90078125 0.0140625 0.0265625
0 1.36640625 0.715625 0.0140625 0.03125
0 0.9578125 0.63359375 0.0125 0.0265625
0 1.35703125 0.66796875 0.0109375 0.0234375
0 1.56640625 0.08828125 0.0171875 0.0265625
0 1.38984375 0.19765625 0.0203125 0.0234375
0 1.028125 0.803125 0.025 0.015625
