0 1.57421875 0.26953125 0.0515625 0.0734375
0 1.47734375 0.18125 0.0484375 0.059375
0 1.44765625 0.2078125 0.0421875 0.05625
0 1.29140625 0.22109375 0.0484375 0.0671875
0 1.2625 0.28515625 0.0625 0.0765625
0 1.2609375 0.284375 0.059375 0.075
0 1.14296875 0.290625 0.0546875 0.059375
0 1.10625 0.359375 0.071875 0.090625
0 1.0453125 0.25703125 0.071875 0.0765625
0 0.83828125 0.28828125 0.0609375 0.0765625
0 0.7765625 0.27265625 0.053125 0.0578125
0 0.74375 0.428125 0.071875 0.084375
0 0.66640625 0.3078125 0.0546875 0.075
0 0.54296875 0.278125 0.0515625 0.06875
0 0.1875 0.33359375 0.071875 0.1796875
0 0.0375 0.34609375 0.059375 0.1078125
0 0.37265625 0.32109375 0.0484375 0.0828125
0 0.728125 0.30625 0.034375 0.04375
