0 1.28515625 0.31015625 0.0265625 0.0296875
0 1.3140625 0.3125 0.021875 0.03125
0 1.17578125 0.2640625 0.0203125 0.025
0 1.10390625 0.2453125 0.0203125 0.01875
0 1.17890625 0.3984375 0.0359375 0.04375
0 1.228125 0.3484375 0.01875 0.028125
0 1.4078125 0.68984375 0.05625 0.0734375
0 1.17265625 0.49140625 0.0328125 0.0453125
0 1.16015625 0.43671875 0.0234375 0.0328125
0 1.384375 0.56328125 0.04375 0.0546875
0 0.965625 0.5875 0.0375 0.065625
0 0.88828125 0.50078125 0.0328125 0.0640625
0 0.9328125 0.465625 0.028125 0.040625
0 0.953125 0.396875 0.0375 0.05
0 1.00234375 0.3984375 0.0359375 0.0375
0 1.05703125 0.34453125 0.0265625 0.0328125
0 0.99296875 0.3375 0.0328125 0.0375
0 0.92578125 0.33515625 0.0234375 0.0265625
0 1.03359375 0.2828125 0.0203125 0.01875
0 0.98984375 0.2734375 0.0171875 0.025
0 1.03671875 0.25546875 0.0140625 0.0140625
0 0.93203125 0.29296875 0.0203125 0.0265625
0 0.97265625 0.25234375 0.0140625 0.0203125
0 1.00078125 0.17265625 0.0140625 0.0171875
0 0.9484375 0.3203125 0.021875 0.028125
0 0.8484375 0.2625 0.015625 0.021875
0 0.815625 0.27734375 0.021875 0.0296875
0 0.7875 0.315625 0.021875 0.025
0 0.7671875 0.26015625 0.01875 0.0203125
0 0.7796875 0.2234375 0.0125 0.0125
0 0.9078125 0.26796875 0.0125 0.0203125
0 0.74453125 0.2578125 0.0171875 0.021875
0 0.72109375 0.25625 0.0140625 0.015625
0 0.8984375 0.3359375 0.01875 0.025
0 0.640625 0.36875 0.01875 0.034375
0 0.596875 0.334375 0.03125 0.034375
0 0.63203125 0.253125 0.0171875 0.025
0 0.59296875 0.28828125 0.0140625 0.0203125
0 0.7109375 0.31875 0.021875 0.03125
0 0.47265625 0.3578125 0.0203125 0.028125
0 0.44765625 0.4078125 0.0296875 0.0375
0 0.41328125 0.35390625 0.0328125 0.0421875
0 0.55234375 0.309375 0.0203125 0.025
0 0.52578125 0.35546875 0.0203125 0.0234375
0 0.0578125 0.4671875 0.040625 0.05
0 0.3046875 0.328125 0.025 0.025
0 0.303125 0.30390625 0.015625 0.0171875
0 0.2578125 0.31328125 0.015625 0.0203125
0 0.23515625 0.2859375 0.0171875 0.021875
0 0.0859375 0.396875 0.028125 0.04375
0 0.05078125 0.3140625 0.0234375 0.028125
0 0.24609375 0.434375 0.0234375 0.03125
0 0.12109375 0.3140625 0.0234375 0.028125
0 0.040625 0.26328125 0.01875 0.0234375
0 0.06953125 0.2359375 0.0140625 0.01875
0 0.06484375 0.27109375 0.0171875 0.0234375
0 0.2234375 0.253125 0.0125 0.01875
0 0.6953125 0.196875 0.0125 0.015625
0 0.8015625 0.2015625 0.025 0.021875
0 0.6578125 0.31796875 0.01875 0.0203125
0 0.65078125 0.2359375 0.0203125 0.021875
0 0.36171875 0.36171875 0.0234375 0.0328125
0 1.23515625 0.4109375 0.0234375 0.03125
