0 0.18828125 0.4171875 0.1546875 0.18125
0 0.77890625 0.41484375 0.1578125 0.1890625
0 1.18046875 0.2265625 0.1484375 0.15
0 0.40625 0.36796875 0.090625 0.0890625
0 0.63046875 0.14296875 0.0796875 0.0890625
0 0.3515625 0.26796875 0.0625 0.0546875
0 0.33046875 0.190625 0.0484375 0.040625
0 0.15390625 0.22265625 0.0640625 0.0609375
0 0.27890625 0.18515625 0.0328125 0.0359375
0 0.49296875 0.16640625 0.0328125 0.0453125
0 0.35234375 0.06328125 0.0296875 0.0296875
0 0.27421875 0.06796875 0.0203125 0.0234375
0 0.571875 0.0734375 0.025 0.040625
0 0.7125 0.078125 0.015625 0.01875
0 0.8125 0.0875 0.021875 0.025
0 0.7921875 0.0890625 0.015625 0.01875
0 0.853125 0.1078125 0.015625 0.021875
0 0.8578125 0.16015625 0.015625 0.0171875
0 1.0578125 0.2328125 0.040625 0.053125
0 1.06328125 0.08828125 0.0296875 0.0296875
0 1.3046875 0.16875 0.040625 0.040625
0 1.43046875 0.32890625 0.0609375 0.0671875
0 1.45 0.1265625 0.028125 0.025
0 1.490625 0.21484375 0.028125 0.0328125
0 0.82890625 0.11171875 0.0234375 0.0296875
