0 0.83125 0.5890625 0.015625 0.015625
0 0.0515625 0.47109375 0.009375 0.0109375
0 0.071875 0.465625 0.009375 0.0125
0 0.07890625 0.43984375 0.0109375 0.0109375
0 0.0953125 0.43515625 0.009375 0.0109375
0 0.09921875 0.45859375 0.0078125 0.0109375
0 0.0921875 0.45234375 0.009375 0.0109375
0 0.128125 0.45859375 0.009375 0.0109375
0 0.13984375 0.4625 0.0109375 0.009375
0 0.15078125 0.45234375 0.0109375 0.0109375
0 0.15 0.4265625 0.009375 0.0125
0 0.12890625 0.4296875 0.0109375 0.0125
0 0.13359375 0.4453125 0.0109375 0.0125
0 0.24765625 0.42734375 0.0109375 0.0109375
0 0.253125 0.44765625 0.009375 0.0109375
0 0.37109375 0.41953125 0.0078125 0.0140625
0 0.3046875 0.640625 0.028125 0.025
0 0.39921875 0.61328125 0.0234375 0.0234375
0 0.44140625 0.63125 0.0171875 0.021875
0 0.53203125 0.67421875 0.0203125 0.0296875
0 0.240625 0.6640625 0.021875 0.021875
0 0.75234375 0.44609375 0.0078125 0.0078125
0 0.70234375 0.51015625 0.0109375 0.0140625
0 0.79296875 0.57734375 0.0140625 0.0140625
0 0.709375 0.61953125 0.015625 0.0234375
0 0.68203125 0.6234375 0.0171875 0.015625
0 0.72578125 0.54921875 0.0140625 0.0140625
0 0.93046875 0.49375 0.0109375 0.0125
0 0.975 0.56015625 0.0125 0.0171875
0 1.05 0.60390625 0.015625 0.0203125
0 0.90625 0.6078125 0.015625 0.021875
0 0.86015625 0.62421875 0.0203125 0.0234375
0 0.97109375 0.6375 0.0171875 0.021875
0 1.0421875 0.6421875 0.015625 0.025
0 0.87890625 0.46953125 0.0078125 0.0109375
0 0.57890625 0.65703125 0.0265625 0.0265625
0 0.721875 0.63984375 0.015625 0.0203125
0 0.75234375 0.66796875 0.0203125 0.0265625
0 0.80078125 0.678125 0.0140625 0.025
0 0.9296875 0.66015625 0.01875 0.0234375
0 0.5734375 0.578125 0.0125 0.01875
0 0.58515625 0.571875 0.0140625 0.015625
0 0.6734375 0.50625 0.0125 0.015625
0 0.640625 0.54765625 0.015625 0.0171875
0 1.35078125 0.675 0.0171875 0.021875
0 1.43984375 0.6921875 0.0203125 0.021875
0 1.33515625 0.83125 0.0390625 0.05
0 1.4640625 0.7421875 0.028125 0.03125
0 1.078125 0.73046875 0.021875 0.0234375
0 0.80625 0.75 0.021875 0.025
0 0.41171875 0.56953125 0.0203125 0.0234375
0 0.46484375 0.68046875 0.0171875 0.0328125
0 0.478125 0.646875 0.01875 0.021875
