0 0.21796875 0.88828125 0.0609375 0.0734375
0 0.215625 0.778125 0.0625 0.08125
0 0.74375 0.975 0.146875 0.175
0 0.696875 0.80390625 0.053125 0.0640625
0 0.78359375 0.7578125 0.0421875 0.05
0 0.23515625 0.69140625 0.0140625 0.0203125
0 0.31875 0.7328125 0.01875 0.028125
0 0.4984375 0.7578125 0.021875 0.028125
0 0.4171875 0.67890625 0.015625 0.0171875
0 0.46640625 0.69296875 0.0109375 0.0171875
0 0.31171875 0.7015625 0.0140625 0.01875
0 0.340625 0.69140625 0.01875 0.0203125
0 0.2671875 0.68671875 0.0125 0.0171875
0 0.53046875 0.7109375 0.0140625 0.025
0 0.49609375 0.696875 0.0140625 0.01875
0 0.671875 0.70859375 0.015625 0.0203125
0 0.83046875 0.75234375 0.0234375 0.0328125
0 0.9296875 0.70234375 0.01875 0.0234375
0 1.01796875 0.72265625 0.0203125 0.0265625
0 0.91796875 0.92265625 0.0640625 0.0484375
0 0.62265625 0.68125 0.0109375 0.015625
0 1.06015625 0.6734375 0.0109375 0.009375
0 1.07265625 0.69765625 0.0078125 0.0109375
0 1.06328125 0.71953125 0.0109375 0.0203125
0 1.02421875 0.6890625 0.0078125 0.00625
0 0.98984375 0.7140625 0.0140625 0.015625
0 0.9703125 0.69609375 0.009375 0.0109375
0 0.96171875 0.6875 0.0109375 0.015625
0 0.88671875 0.69375 0.0109375 0.009375
0 0.8953125 0.709375 0.009375 0.0125
0 0.88671875 0.71015625 0.0078125 0.0109375
0 0.86875 0.703125 0.0125 0.015625
0 0.84453125 0.7234375 0.0140625 0.025
0 1.00859375 0.68671875 0.0109375 0.0109375
0 1.06015625 0.690625 0.0140625 0.015625
0 0.76640625 0.721875 0.0171875 0.015625
0 0.74375 0.6828125 0.0125 0.01875
0 0.7671875 0.7 0.0125 0.015625
0 0.7734375 0.6796875 0.009375 0.0125
0 0.6109375 0.70390625 0.009375 0.0140625
0 0.5921875 0.7 0.00625 0.0125
0 0.58671875 0.70078125 0.0078125 0.0140625
0 0.59609375 0.70234375 0.0078125 0.0140625
0 0.5578125 0.69140625 0.0125 0.0140625
0 0.565625 0.6828125 0.009375 0.0125
0 0.709375 0.70390625 0.009375 0.0109375
0 0.11953125 0.690625 0.0140625 0.015625
0 0.14765625 0.69296875 0.0109375 0.0140625
0 0.2140625 0.68671875 0.009375 0.0140625
0 0.27578125 0.696875 0.0078125 0.0125
0 0.390625 0.69453125 0.0125 0.0109375
0 0.40546875 0.68671875 0.0078125 0.0109375
0 0.65234375 0.69921875 0.0109375 0.0140625
0 0.64296875 0.696875 0.0109375 0.015625
0 0.7921875 0.6875 0.0125 0.015625
0 1.55234375 0.73203125 0.0359375 0.0453125
0 1.5859375 0.81328125 0.028125 0.0609375
