0 1.09140625 0.73828125 0.1921875 0.2296875
0 1.215625 0.4421875 0.175 0.21875
0 1.43515625 0.5125 0.0453125 0.059375
0 1.49609375 0.51328125 0.0296875 0.0421875
0 1.4203125 0.4625 0.025 0.034375
0 1.56171875 0.5140625 0.0234375 0.028125
0 0.74375 0.3 0.08125 0.13125
0 0.7109375 0.26796875 0.046875 0.0640625
0 0.69140625 0.23125 0.0390625 0.05625
0 0.97734375 0.34921875 0.0421875 0.0671875
0 0.9984375 0.28828125 0.025 0.0328125
0 0.953125 0.27890625 0.01875 0.0265625
0 0.92734375 0.27734375 0.0203125 0.0296875
0 0.59375 0.159375 0.034375 0.04375
0 0.54765625 0.121875 0.0421875 0.0625
0 0.4171875 0.1671875 0.115625 0.115625
0 0.41875 0.084375 0.05625 0.059375
0 0.3765625 0.459375 0.13125 0.16875
0 0.234375 0.0890625 0.0625 0.075
0 0.340625 0.046875 0.03125 0.05
0 0.38203125 0.0296875 0.0296875 0.0375
0 0.38125 0.0609375 0.034375 0.053125
