0 1.5453125 0.49921875 0.09375 0.1015625
0 1.465625 0.46640625 0.075 0.1078125
0 1.1859375 0.409375 0.075 0.090625
0 1.240625 0.58984375 0.09375 0.1140625
0 0.93515625 0.48828125 0.0921875 0.1078125
0 1.0390625 0.47109375 0.0875 0.1015625
0 0.71484375 0.56328125 0.1078125 0.1203125
0 0.58515625 0.43828125 0.0859375 0.1015625
0 0.74921875 0.42265625 0.0609375 0.0609375
0 0.68125 0.46953125 0.03125 0.0390625
0 0.49765625 0.41796875 0.0578125 0.0734375
0 0.21875 0.46171875 0.11875 0.1265625
0 0.14453125 0.51015625 0.0546875 0.0796875
0 0.371875 0.50390625 0.06875 0.0765625
0 0.08515625 0.490625 0.0234375 0.034375
