0 0.178125 0.29375 0.059375 0.084375
0 0.29296875 0.27578125 0.0328125 0.0421875
0 0.76015625 0.18828125 0.1078125 0.1296875
0 1.0 0.2453125 0.021875 0.034375
0 0.98828125 0.2609375 0.0203125 0.028125
0 1.0640625 0.246875 0.021875 0.0375
0 1.0890625 0.26171875 0.01875 0.0234375
0 1.16953125 0.2828125 0.0828125 0.0875
0 1.33046875 0.21484375 0.0578125 0.0765625
0 1.39921875 0.2453125 0.0203125 0.028125
0 0.4484375 0.2734375 0.0125 0.025
0 0.50859375 0.2640625 0.0265625 0.028125
0 0.334375 0.278125 0.028125 0.03125
0 0.9703125 0.25 0.0125 0.01875
