0 0.04140625 0.46171875 0.0140625 0.0171875
0 0.1265625 0.4625 0.009375 0.015625
0 0.0875 0.46015625 0.009375 0.0109375
0 0.16171875 0.45859375 0.0234375 0.0328125
0 0.2125 0.4875 0.03125 0.040625
0 0.4515625 0.4765625 0.025 0.028125
0 0.48203125 0.47734375 0.0265625 0.0328125
0 0.528125 0.48984375 0.021875 0.0265625
0 0.34921875 0.5484375 0.0171875 0.028125
0 0.63125 0.471875 0.025 0.03125
0 0.5875 0.4609375 0.01875 0.021875
0 0.6734375 0.48359375 0.021875 0.0296875
0 0.75546875 0.47109375 0.0234375 0.0296875
0 0.7921875 0.47890625 0.021875 0.0296875
0 0.71875 0.4796875 0.01875 0.021875
0 0.86796875 0.478125 0.0265625 0.028125
0 0.8203125 0.46640625 0.021875 0.0296875
0 0.98046875 0.4703125 0.0171875 0.025
0 0.9609375 0.5125 0.021875 0.021875
0 1.04921875 0.4859375 0.0234375 0.034375
0 1.0453125 0.45625 0.015625 0.015625
0 1.07109375 0.47109375 0.0203125 0.0234375
0 1.12421875 0.4875 0.0234375 0.028125
0 1.15546875 0.453125 0.0234375 0.028125
0 1.2375 0.4640625 0.021875 0.025
0 1.24921875 0.503125 0.0203125 0.025
0 1.30859375 0.49453125 0.0203125 0.0234375
0 1.4265625 0.4859375 0.025 0.03125
0 1.4625 0.47890625 0.00625 0.0078125
0 1.4703125 0.4703125 0.00625 0.00625
0 1.56171875 0.46875 0.0078125 0.009375
0 1.58046875 0.48125 0.0078125 0.009375
0 1.528125 0.47890625 0.00625 0.0109375
