0 1.4578125 0.6828125 0.0875 0.11875
0 1.34375 0.77734375 0.065625 0.0765625
0 1.3125 0.7234375 0.034375 0.04375
0 1.3421875 0.7 0.01875 0.021875
0 1.2890625 0.740625 0.03125 0.04375
0 1.31484375 0.7984375 0.0421875 0.05625
0 0.92890625 0.72109375 0.0953125 0.1296875
0 0.80078125 0.7359375 0.0421875 0.05625
0 0.775 0.81015625 0.05 0.0578125
0 0.68125 0.7515625 0.115625 0.146875
0 0.59296875 0.80390625 0.0484375 0.0609375
0 1.01328125 0.5796875 0.2234375 0.290625
0 0.5546875 0.73515625 0.034375 0.0359375
0 0.51015625 0.753125 0.0578125 0.071875
0 0.5921875 0.85390625 0.06875 0.0890625
0 0.55078125 0.89140625 0.0578125 0.0796875
0 0.42890625 0.87109375 0.1390625 0.1921875
0 0.4078125 0.67265625 0.0375 0.0484375
0 0.3328125 0.71953125 0.1 0.1296875
0 0.27578125 0.75 0.0734375 0.084375
0 0.1390625 0.80234375 0.096875 0.1140625
0 0.03671875 0.74765625 0.0609375 0.0859375
0 0.2109375 0.71640625 0.021875 0.0234375
0 0.0125 0.82109375 0.025 0.0890625
0 0.2296875 0.76171875 0.034375 0.0515625
0 0.2046875 0.75546875 0.040625 0.0578125
0 1.378125 0.759375 0.053125 0.06875
