0 0.03828125 0.565625 0.0140625 0.01875
0 0.11171875 0.578125 0.0140625 0.015625
0 0.15 0.56953125 0.015625 0.0171875
0 0.334375 0.559375 0.015625 0.01875
0 0.375 0.58828125 0.021875 0.0265625
0 0.60390625 0.6140625 0.0140625 0.015625
0 0.6265625 0.6046875 0.009375 0.0125
0 0.721875 0.5609375 0.0125 0.0125
0 0.5640625 0.5546875 0.009375 0.009375
0 0.56953125 0.546875 0.0078125 0.009375
0 0.62109375 0.56875 0.0109375 0.009375
0 0.65078125 0.56953125 0.0109375 0.0171875
0 0.91484375 0.56796875 0.0140625 0.0140625
0 0.90390625 0.55546875 0.0109375 0.0109375
0 0.96015625 0.6546875 0.0203125 0.021875
0 1.05078125 0.5765625 0.0234375 0.028125
0 1.10078125 0.609375 0.0203125 0.025
0 1.13515625 0.575 0.0140625 0.01875
0 1.15078125 0.5734375 0.0109375 0.0125
0 1.1421875 0.55546875 0.009375 0.0109375
0 1.1734375 0.54453125 0.009375 0.0109375
0 1.19609375 0.5890625 0.0171875 0.01875
0 1.22734375 0.54765625 0.0109375 0.0140625
0 1.25625 0.5609375 0.0125 0.015625
0 1.10625 0.57265625 0.01875 0.0203125
0 1.18671875 0.5609375 0.0140625 0.015625
0 1.23984375 0.565625 0.0109375 0.0125
0 1.31796875 0.55546875 0.0109375 0.0109375
0 1.35390625 0.55546875 0.0109375 0.0109375
0 1.37578125 0.5515625 0.0109375 0.0125
