0 1.0375 0.7328125 0.028125 0.040625
0 0.92578125 0.678125 0.0296875 0.0375
0 0.96875 0.446875 0.015625 0.025
0 1.11171875 0.5109375 0.0140625 0.01875
0 0.284375 0.87734375 0.034375 0.0421875
0 0.1046875 0.975 0.028125 0.0375
0 0.21640625 0.9625 0.0328125 0.040625
0 0.29921875 0.92734375 0.0296875 0.0390625
0 0.08359375 0.9125 0.0359375 0.0375
0 0.3125 0.8734375 0.025 0.0375
0 0.31875 0.83515625 0.028125 0.0328125
0 0.28046875 0.82734375 0.0328125 0.0359375
0 0.1421875 0.85546875 0.028125 0.0390625
0 0.01171875 0.86484375 0.0234375 0.0390625
0 0.03671875 0.86015625 0.0265625 0.0359375
0 0.07265625 0.834375 0.0265625 0.034375
0 0.09453125 0.81953125 0.0203125 0.0328125
0 0.02421875 0.90703125 0.0203125 0.0234375
0 0.0046875 0.9078125 0.009375 0.025
0 0.18359375 0.8140625 0.0328125 0.034375
0 0.0390625 0.80078125 0.028125 0.0359375
0 0.09375 0.77109375 0.03125 0.0359375
0 0.03671875 0.721875 0.0265625 0.03125
0 0.14921875 0.75546875 0.0296875 0.0328125
0 0.1171875 0.73515625 0.025 0.0390625
0 0.19375 0.7203125 0.025 0.0375
0 0.234375 0.778125 0.021875 0.028125
0 0.2671875 0.7890625 0.025 0.03125
0 0.31328125 0.79140625 0.0296875 0.0359375
0 0.34453125 0.74765625 0.0265625 0.0328125
0 0.4140625 0.775 0.028125 0.040625
0 0.4390625 0.7015625 0.021875 0.03125
0 0.36328125 0.709375 0.0234375 0.028125
0 0.396875 0.68203125 0.025 0.0328125
0 0.41484375 0.66796875 0.0203125 0.0328125
0 0.3546875 0.66171875 0.025 0.0296875
0 0.32734375 0.66796875 0.0234375 0.0296875
0 0.19375 0.64453125 0.021875 0.0296875
0 0.09765625 0.68046875 0.0296875 0.0328125
0 0.0578125 0.58203125 0.021875 0.0234375
0 0.0296875 0.53671875 0.01875 0.0265625
0 0.153125 0.59375 0.01875 0.025
0 0.1359375 0.5703125 0.021875 0.028125
0 0.18984375 0.57421875 0.0203125 0.0265625
0 0.20703125 0.56171875 0.0171875 0.0234375
0 0.24375 0.5578125 0.01875 0.025
0 0.2828125 0.5609375 0.01875 0.025
0 0.24921875 0.60625 0.0203125 0.028125
0 0.2765625 0.59921875 0.01875 0.0265625
0 0.2703125 0.6328125 0.01875 0.028125
0 0.32109375 0.60859375 0.0171875 0.0234375
0 0.30546875 0.56875 0.0171875 0.025
0 0.37578125 0.61484375 0.0203125 0.0328125
0 0.42421875 0.60234375 0.0203125 0.0296875
0 0.40703125 0.578125 0.0171875 0.025
0 0.35859375 0.559375 0.0171875 0.021875
0 0.40625 0.5171875 0.015625 0.021875
0 0.33203125 0.509375 0.0140625 0.021875
0 0.29765625 0.53984375 0.0171875 0.0234375
0 0.47109375 0.509375 0.0171875 0.021875
0 0.0390625 0.6296875 0.01875 0.028125
0 0.07734375 0.5671875 0.0171875 0.021875
0 0.42109375 0.8609375 0.0328125 0.040625
0 0.48046875 0.859375 0.0296875 0.040625
0 0.53046875 0.809375 0.0296875 0.04375
0 0.59140625 0.91953125 0.0296875 0.0359375
0 0.58046875 0.8765625 0.0265625 0.034375
0 0.67421875 0.909375 0.0296875 0.0375
0 0.5 0.74453125 0.025 0.0265625
0 0.41328125 0.74296875 0.0171875 0.0234375
0 0.56484375 0.7734375 0.0296875 0.034375
0 0.5890625 0.75234375 0.025 0.0421875
0 0.65234375 0.82734375 0.0359375 0.0453125
0 0.69609375 0.81875 0.0296875 0.04375
0 0.75859375 0.809375 0.0296875 0.0375
0 0.77734375 0.85546875 0.0296875 0.0390625
0 0.84765625 0.8515625 0.0328125 0.04375
0 0.88984375 0.84375 0.0296875 0.0375
0 0.84375 0.90078125 0.034375 0.0515625
0 0.7671875 0.75546875 0.028125 0.0390625
0 0.84296875 0.7765625 0.0296875 0.0375
0 0.79375 0.7515625 0.025 0.0375
0 0.56328125 0.71640625 0.0234375 0.0265625
0 0.54921875 0.67734375 0.0265625 0.0328125
0 0.5078125 0.68515625 0.021875 0.0296875
0 0.634375 0.67109375 0.025 0.0265625
0 0.57421875 0.65546875 0.0234375 0.0296875
0 0.5140625 0.61640625 0.021875 0.0296875
0 0.5703125 0.609375 0.021875 0.025
0 0.50703125 0.58203125 0.0171875 0.0234375
0 0.52421875 0.57421875 0.0171875 0.0328125
0 0.5375 0.5625 0.0125 0.025
0 0.5640625 0.5734375 0.021875 0.021875
0 0.6078125 0.5796875 0.01875 0.025
0 0.653125 0.61953125 0.01875 0.0265625
0 0.64921875 0.5859375 0.0203125 0.025
0 0.68828125 0.5890625 0.0234375 0.034375
0 0.7234375 0.5875 0.021875 0.028125
0 0.74765625 0.6359375 0.0203125 0.03125
0 0.72578125 0.70859375 0.0203125 0.0328125
0 0.7609375 0.703125 0.021875 0.03125
0 0.67578125 0.78671875 0.0234375 0.0265625
0 0.10703125 0.8828125 0.0296875 0.04375
0 0.18046875 0.89140625 0.0359375 0.0421875
0 0.22578125 0.88203125 0.0328125 0.0453125
0 0.8375 0.6984375 0.025 0.034375
0 0.82578125 0.6046875 0.0234375 0.034375
0 0.8578125 0.590625 0.01875 0.028125
0 0.77734375 0.59140625 0.0203125 0.0265625
0 0.75546875 0.58203125 0.0171875 0.0265625
0 0.99296875 0.83984375 0.0296875 0.0453125
0 0.946875 0.78671875 0.03125 0.0453125
0 0.90703125 0.74140625 0.0234375 0.0359375
0 0.91640625 0.70703125 0.0265625 0.0359375
0 0.92265625 0.6109375 0.0203125 0.028125
0 0.8859375 0.61171875 0.01875 0.0265625
0 0.88046875 0.58125 0.0203125 0.028125
0 0.90078125 0.56953125 0.0203125 0.0265625
0 0.95703125 0.6046875 0.0171875 0.021875
0 1.00625 0.5953125 0.01875 0.025
0 1.06015625 0.58671875 0.0203125 0.0265625
0 1.1578125 0.59765625 0.01875 0.0265625
0 1.18125 0.584375 0.01875 0.025
0 1.2421875 0.5734375 0.021875 0.025
0 1.28984375 0.60625 0.0234375 0.03125
0 1.15234375 0.640625 0.0203125 0.03125
0 1.17578125 0.66015625 0.0234375 0.0296875
0 1.2296875 0.69921875 0.025 0.0359375
0 1.29296875 0.684375 0.0234375 0.034375
0 1.3765625 0.659375 0.021875 0.03125
0 1.38671875 0.7109375 0.0265625 0.0375
0 0.98984375 0.7796875 0.0296875 0.0375
0 1.02578125 0.76796875 0.0265625 0.0359375
0 1.06328125 0.821875 0.0328125 0.0375
0 1.0078125 0.81953125 0.028125 0.0390625
0 1.12265625 0.80546875 0.0296875 0.0421875
0 1.15234375 0.78984375 0.0234375 0.0328125
0 1.16796875 0.76640625 0.0203125 0.0296875
0 1.20625 0.73828125 0.028125 0.0359375
0 1.278125 0.7578125 0.015625 0.03125
0 1.33828125 0.75703125 0.0265625 0.0359375
0 1.3390625 0.80859375 0.03125 0.0390625
0 1.3046875 0.89140625 0.03125 0.0453125
0 1.17265625 0.84921875 0.0328125 0.0421875
0 1.10546875 0.9046875 0.0359375 0.040625
0 1.16796875 0.88984375 0.0328125 0.0421875
0 0.9671875 0.9109375 0.034375 0.040625
0 1.19140625 0.81953125 0.0328125 0.0421875
0 1.2640625 0.8328125 0.034375 0.040625
0 1.5484375 0.8375 0.034375 0.040625
0 1.48359375 0.809375 0.0359375 0.040625
0 1.46484375 0.85234375 0.0328125 0.0421875
0 1.5015625 0.86328125 0.028125 0.0453125
0 1.39453125 0.865625 0.0296875 0.05
0 1.36015625 0.86328125 0.0234375 0.0328125
0 1.41953125 0.703125 0.0203125 0.03125
0 1.4875 0.66328125 0.025 0.0328125
0 1.51484375 0.64921875 0.0234375 0.0296875
0 1.4328125 0.6359375 0.01875 0.034375
0 1.40390625 0.50546875 0.0171875 0.0265625
0 1.34140625 0.49765625 0.0171875 0.0296875
0 1.21796875 0.5390625 0.0171875 0.025
0 1.2171875 0.50234375 0.015625 0.0234375
0 0.39453125 0.4890625 0.0109375 0.01875
0 0.40390625 0.478125 0.0140625 0.021875
0 0.575 0.52578125 0.015625 0.0234375
0 0.61875 0.49609375 0.01875 0.0203125
0 0.66796875 0.43203125 0.0109375 0.0171875
0 0.74375 0.4671875 0.015625 0.021875
0 0.77109375 0.4484375 0.0109375 0.01875
0 0.5875 0.44296875 0.0125 0.0171875
0 0.546875 0.45390625 0.015625 0.0140625
0 0.4671875 0.4625 0.015625 0.021875
0 0.69296875 0.4703125 0.0109375 0.015625
0 1.06328125 0.4984375 0.0140625 0.021875
0 1.059375 0.46796875 0.015625 0.0203125
0 1.034375 0.4609375 0.015625 0.021875
0 1.578125 0.54921875 0.015625 0.0203125
0 1.471875 0.49375 0.01875 0.025
0 0.5546875 0.88515625 0.025 0.0390625
0 0.6875 0.75703125 0.021875 0.0265625
0 1.50078125 0.534375 0.0203125 0.025
0 1.5078125 0.5 0.021875 0.025
0 1.54296875 0.49453125 0.0171875 0.0296875
0 0.39140625 0.88125 0.0234375 0.0375
