0 1.51953125 0.54296875 0.0484375 0.0515625
0 1.44453125 0.55078125 0.0484375 0.0546875
0 1.584375 0.5734375 0.03125 0.0625
0 1.44765625 0.80703125 0.0546875 0.0640625
0 1.38046875 0.61328125 0.0484375 0.0609375
0 1.209375 0.7828125 0.0625 0.065625
0 1.1921875 0.6125 0.05 0.05625
0 1.1328125 0.5890625 0.04375 0.053125
0 1.48203125 0.98359375 0.0765625 0.0859375
0 1.25625 0.86796875 0.053125 0.0703125
0 1.31953125 1.0359375 0.0671875 0.06875
0 0.70703125 0.92578125 0.0984375 0.0984375
0 0.5390625 0.90703125 0.075 0.0796875
0 0.3875 0.91875 0.084375 0.096875
0 0.88046875 0.78359375 0.0796875 0.0921875
0 0.29453125 0.765625 0.0765625 0.084375
0 0.17890625 0.88359375 0.0984375 0.1078125
0 0.55390625 0.6578125 0.0671875 0.078125
0 0.62734375 0.70078125 0.0640625 0.0796875
0 0.621875 0.61015625 0.053125 0.0703125
0 0.3234375 0.61875 0.053125 0.059375
0 0.20234375 0.64765625 0.0609375 0.0546875
0 0.1625 0.59921875 0.04375 0.0484375
0 0.02734375 0.784375 0.0515625 0.08125
0 0.12890625 0.43125 0.0359375 0.034375
0 0.321875 0.4703125 0.025 0.025
0 0.38203125 0.4609375 0.0265625 0.03125
0 0.38125 0.40625 0.021875 0.028125
0 0.06171875 0.415625 0.0296875 0.03125
0 0.09140625 0.52734375 0.0453125 0.0578125
0 0.02421875 0.47265625 0.0328125 0.0421875
0 0.09140625 0.34375 0.0171875 0.01875
0 0.175 0.3453125 0.01875 0.025
0 1.54453125 0.48203125 0.0328125 0.0359375
0 1.49609375 0.45390625 0.0359375 0.0421875
0 1.44375 0.3515625 0.01875 0.025
0 1.36875 0.36328125 0.009375 0.0171875
0 1.32890625 0.3546875 0.0203125 0.021875
0 1.4046875 0.3890625 0.021875 0.021875
0 0.86328125 0.59765625 0.0390625 0.0453125
0 0.57578125 0.4984375 0.0265625 0.034375
0 0.52109375 0.47890625 0.0265625 0.0328125
0 0.73828125 0.4859375 0.0359375 0.046875
0 0.3078125 0.43359375 0.021875 0.0234375
0 0.88359375 0.68125 0.0453125 0.090625
0 0.28515625 1.00859375 0.0734375 0.1046875
