0 1.31171875 0.94140625 0.0453125 0.0484375
0 1.2046875 0.87578125 0.0375 0.0421875
0 0.99921875 0.87421875 0.0390625 0.0484375
0 1.490625 0.8140625 0.03125 0.0375
0 1.38046875 0.75390625 0.0359375 0.0390625
0 1.03671875 0.68828125 0.0265625 0.0296875
0 0.959375 0.678125 0.025 0.0375
0 0.9453125 0.75234375 0.028125 0.0296875
0 0.95078125 0.99765625 0.0328125 0.0421875
0 1.503125 0.73046875 0.01875 0.0265625
0 0.76015625 0.84296875 0.0390625 0.0421875
0 0.86953125 0.9046875 0.0328125 0.046875
0 0.69375 0.93515625 0.03125 0.0359375
0 0.41328125 0.75703125 0.0359375 0.0390625
0 0.48359375 0.640625 0.0265625 0.025
0 0.56171875 0.64140625 0.0234375 0.0265625
0 0.51796875 0.578125 0.0234375 0.025
0 0.6 0.54921875 0.025 0.0296875
0 0.68359375 0.57421875 0.0234375 0.0296875
0 0.76015625 0.590625 0.0265625 0.028125
0 0.778125 0.5578125 0.021875 0.025
0 0.83359375 0.75703125 0.0296875 0.0359375
0 0.76953125 0.76171875 0.0234375 0.0328125
0 0.33984375 0.71328125 0.0234375 0.0265625
0 0.38359375 0.553125 0.0234375 0.028125
0 0.4671875 0.59375 0.021875 0.028125
0 0.8765625 0.53984375 0.01875 0.0203125
0 0.78125 0.528125 0.021875 0.021875
0 0.71953125 0.5140625 0.0203125 0.021875
0 0.96171875 0.55390625 0.0171875 0.0234375
0 1.12890625 0.671875 0.0203125 0.03125
0 0.57265625 1.04609375 0.0515625 0.0421875
0 0.25703125 0.5953125 0.0265625 0.028125
0 0.1625 0.571875 0.028125 0.028125
0 0.240625 0.55 0.021875 0.025
0 0.02734375 0.8171875 0.0265625 0.034375
0 0.2109375 0.76796875 0.025 0.0296875
0 0.21875 0.68046875 0.03125 0.0328125
0 0.7625 0.64921875 0.028125 0.0265625
0 0.0890625 0.53515625 0.021875 0.0265625
0 0.1046875 0.509375 0.01875 0.021875
0 0.30625 0.428125 0.015625 0.015625
0 0.38984375 0.40859375 0.0140625 0.0171875
0 0.5921875 0.45234375 0.015625 0.0171875
0 0.5265625 0.51484375 0.015625 0.0171875
0 0.56875 0.44921875 0.015625 0.0203125
0 0.62109375 0.4578125 0.0140625 0.01875
0 0.503125 0.49765625 0.01875 0.0203125
0 0.540625 0.4 0.015625 0.015625
0 0.61328125 0.3953125 0.0109375 0.015625
0 0.5859375 0.3890625 0.0125 0.015625
0 0.69609375 0.44609375 0.0171875 0.0234375
0 0.76171875 0.4578125 0.0140625 0.021875
0 1.10390625 0.628125 0.0203125 0.01875
0 1.1640625 0.6109375 0.021875 0.025
0 0.97890625 0.61484375 0.0203125 0.0234375
0 1.00078125 0.43359375 0.0140625 0.0171875
0 0.93515625 0.39140625 0.0109375 0.0171875
0 1.02890625 0.4078125 0.0109375 0.015625
0 0.7984375 0.38203125 0.015625 0.0171875
0 1.24296875 0.67578125 0.0203125 0.0234375
0 1.43359375 0.63515625 0.0265625 0.0296875
0 1.4078125 0.58671875 0.025 0.0265625
0 1.4625 0.571875 0.03125 0.025
0 1.40078125 0.51796875 0.0171875 0.0265625
0 1.47734375 0.48671875 0.0171875 0.0296875
0 1.175 0.43125 0.01875 0.021875
0 1.40078125 0.43515625 0.0171875 0.0234375
0 1.54140625 0.48671875 0.0140625 0.0203125
0 1.35703125 0.3484375 0.0140625 0.01875
0 1.384375 0.32109375 0.0125 0.0140625
0 1.33515625 0.3203125 0.0109375 0.01875
0 1.2953125 0.32578125 0.009375 0.0109375
0 1.24765625 0.36796875 0.0140625 0.0171875
0 1.22734375 0.32734375 0.0109375 0.0140625
0 1.11640625 0.565625 0.0265625 0.028125
0 1.0578125 0.5515625 0.01875 0.015625
0 0.96328125 0.48125 0.0171875 0.01875
0 1.284375 0.6296875 0.028125 0.01875
0 1.3125 0.56875 0.01875 0.028125
0 1.4859375 0.41640625 0.015625 0.0203125
0 1.44609375 0.48828125 0.0171875 0.0234375
0 0.1140625 0.3921875 0.0125 0.015625
0 0.0296875 0.40859375 0.0125 0.0140625
0 0.2125 0.3671875 0.009375 0.0125
0 0.24140625 0.36015625 0.0109375 0.0140625
0 0.34921875 0.36015625 0.0109375 0.0140625
0 0.27890625 0.303125 0.0109375 0.0125
0 0.034375 0.31171875 0.009375 0.0109375
0 0.25390625 0.34375 0.0109375 0.0125
0 0.496875 0.3859375 0.0125 0.015625
0 0.43671875 0.53359375 0.0234375 0.0265625
0 0.5265625 0.353125 0.0125 0.0125
0 0.5015625 0.31640625 0.0125 0.0109375
0 0.88828125 0.2765625 0.0109375 0.0125
0 0.82890625 0.2953125 0.0109375 0.0125
0 0.7390625 0.30859375 0.009375 0.0109375
0 0.50546875 0.34375 0.0109375 0.0125
0 1.165625 0.365625 0.0125 0.015625
0 1.24453125 0.2625 0.0078125 0.0125
0 1.24765625 0.23046875 0.0109375 0.0109375
0 1.28671875 0.26796875 0.0109375 0.0109375
0 1.02421875 0.31796875 0.0109375 0.0140625
0 1.49609375 0.32109375 0.0140625 0.0203125
0 1.46640625 0.4515625 0.0203125 0.025
0 0.86171875 0.46328125 0.0140625 0.0234375
0 0.6859375 0.3640625 0.0125 0.01875
0 1.20390625 0.34765625 0.0140625 0.0140625
0 1.19296875 0.3078125 0.0109375 0.015625
0 1.5453125 0.44921875 0.021875 0.0265625
0 1.534375 0.6546875 0.021875 0.025
0 0.3375 1.02421875 0.0375 0.0296875
0 0.13359375 0.76171875 0.0234375 0.0453125
0 0.25234375 0.6484375 0.0203125 0.028125
0 0.64140625 0.7171875 0.0234375 0.021875
