0 1.525 0.62890625 0.046875 0.0453125
0 1.45078125 0.7203125 0.0484375 0.053125
0 1.32578125 0.70625 0.0515625 0.053125
0 1.24609375 0.678125 0.0328125 0.04375
0 1.45390625 0.6609375 0.0234375 0.025
0 1.58515625 0.6359375 0.0140625 0.021875
0 1.37421875 0.63515625 0.0234375 0.0265625
0 1.35859375 0.67265625 0.0265625 0.0234375
0 1.26953125 0.628125 0.0265625 0.03125
0 1.29140625 0.6109375 0.0140625 0.021875
0 1.1984375 0.640625 0.028125 0.034375
0 1.1453125 0.6015625 0.021875 0.028125
0 1.1109375 0.6265625 0.025 0.028125
0 1.08125 0.5953125 0.021875 0.025
0 1.0703125 0.71953125 0.040625 0.0515625
0 1.0609375 0.6625 0.03125 0.04375
0 1.0046875 0.62578125 0.028125 0.0328125
0 0.9546875 0.59453125 0.01875 0.0234375
0 0.9296875 0.69296875 0.040625 0.0484375
0 0.92265625 0.62890625 0.0203125 0.0296875
0 0.778125 0.6375 0.025 0.028125
0 0.73046875 0.628125 0.0328125 0.04375
0 0.66875 0.69453125 0.04375 0.0515625
0 0.646875 0.6296875 0.021875 0.028125
0 0.540625 0.675 0.034375 0.046875
0 0.59140625 0.6578125 0.0328125 0.034375
0 0.47734375 0.634375 0.0359375 0.04375
0 0.565625 0.60625 0.021875 0.021875
0 0.5421875 0.590625 0.0125 0.01875
0 0.59453125 0.6140625 0.0109375 0.015625
0 0.60546875 0.58828125 0.0140625 0.0171875
0 0.3703125 0.67734375 0.0375 0.0515625
0 0.19453125 0.66640625 0.0515625 0.0578125
0 0.3125 0.62265625 0.01875 0.0203125
0 0.4109375 0.6046875 0.01875 0.01875
0 0.2390625 0.63359375 0.03125 0.0328125
0 0.0140625 0.67890625 0.028125 0.0484375
0 0.04296875 0.6359375 0.0390625 0.0375
0 0.85234375 0.65 0.0265625 0.0375
