0 0.35234375 0.378125 0.0984375 0.146875
0 0.60703125 0.83984375 0.0203125 0.0296875
0 0.63203125 0.82890625 0.0140625 0.0140625
0 0.6421875 0.846875 0.01875 0.021875
0 0.6671875 0.821875 0.015625 0.01875
0 0.703125 0.82578125 0.021875 0.0296875
0 0.7390625 0.82265625 0.01875 0.0234375
0 0.759375 0.821875 0.015625 0.021875
0 0.7984375 0.8375 0.021875 0.03125
0 0.828125 0.81171875 0.01875 0.0140625
0 0.8296875 0.8359375 0.015625 0.021875
0 0.8859375 0.85703125 0.025 0.0203125
0 0.93125 0.83828125 0.015625 0.0203125
0 0.878125 0.81875 0.009375 0.0125
0 0.89765625 0.8109375 0.0109375 0.0125
0 0.9109375 0.80390625 0.015625 0.0171875
0 0.96796875 0.8578125 0.0234375 0.021875
0 1.0484375 0.85078125 0.021875 0.0296875
0 0.98984375 0.821875 0.0171875 0.021875
0 0.965625 0.8078125 0.009375 0.0125
0 1.07109375 0.83046875 0.0171875 0.0203125
0 1.13046875 0.8703125 0.0234375 0.03125
0 1.10703125 0.8171875 0.0109375 0.0125
0 1.1234375 0.80625 0.009375 0.0125
0 1.16328125 0.85625 0.0203125 0.025
0 1.1453125 0.81171875 0.009375 0.0140625
0 1.20390625 0.8171875 0.0078125 0.0125
0 1.26328125 0.8609375 0.0140625 0.01875
0 1.2921875 0.8625 0.025 0.028125
0 1.35234375 0.8546875 0.0203125 0.03125
0 1.41640625 0.87421875 0.0265625 0.0328125
0 1.45 0.86484375 0.01875 0.0265625
0 1.259375 0.7609375 0.009375 0.0125
0 1.328125 0.790625 0.009375 0.015625
0 1.3375 0.77890625 0.009375 0.0109375
