0 0.0734375 0.3453125 0.025 0.03125
0 0.15625 0.3421875 0.025 0.028125
0 0.225 0.334375 0.028125 0.025
0 0.29296875 0.34375 0.0203125 0.021875
0 0.08203125 0.29375 0.0078125 0.0125
0 0.059375 0.290625 0.009375 0.0125
0 0.33203125 0.34140625 0.0265625 0.0328125
0 0.36015625 0.34296875 0.0234375 0.0265625
0 0.38671875 0.3671875 0.0265625 0.03125
0 0.453125 0.07734375 0.015625 0.0203125
0 1.41640625 0.27734375 0.0265625 0.0359375
0 0.5640625 0.3359375 0.025 0.03125
0 0.56484375 0.36640625 0.0234375 0.0296875
0 0.53515625 0.44296875 0.0390625 0.0578125
0 0.62890625 0.3859375 0.0296875 0.0375
0 0.74609375 0.4109375 0.0328125 0.028125
0 0.79140625 0.33359375 0.0203125 0.0296875
0 0.815625 0.33671875 0.025 0.0359375
0 0.859375 0.3375 0.01875 0.025
0 0.8734375 0.35625 0.025 0.03125
0 1.0046875 0.43125 0.040625 0.040625
0 1.28984375 0.53671875 0.0421875 0.0578125
0 0.98515625 0.61484375 0.0984375 0.1328125
0 0.44921875 0.69140625 0.0734375 0.1109375
0 1.41328125 0.68984375 0.1078125 0.1390625
0 0.2046875 0.31171875 0.00625 0.0078125
0 0.94921875 0.40625 0.0265625 0.040625
0 0.95859375 0.39453125 0.0265625 0.0390625
0 1.46484375 0.396875 0.0234375 0.03125
0 1.42265625 0.39609375 0.0234375 0.0296875
0 1.48984375 0.39609375 0.0203125 0.0265625
0 0.24140625 0.1703125 0.0140625 0.015625
