0 0.07421875 0.39296875 0.0515625 0.0546875
0 0.34140625 0.62109375 0.0578125 0.0734375
0 0.54140625 0.53359375 0.0484375 0.0609375
0 0.7453125 0.6046875 0.04375 0.05
0 0.925 0.325 0.0375 0.05
0 0.98515625 0.234375 0.0359375 0.04375
0 0.99765625 0.3453125 0.0359375 0.04375
0 1.04765625 0.30859375 0.0359375 0.0484375
0 1.07890625 0.35703125 0.0421875 0.0578125
0 1.1640625 0.35078125 0.04375 0.0484375
0 1.24609375 0.3609375 0.0453125 0.053125
0 1.30078125 0.3421875 0.0328125 0.040625
0 1.3640625 0.3265625 0.05625 0.0625
0 1.453125 0.315625 0.053125 0.065625
0 0.153125 0.4640625 0.028125 0.04375
