0 1.06328125 0.7453125 0.0796875 0.096875
0 0.83828125 0.603125 0.0671875 0.084375
0 0.89453125 0.53671875 0.0546875 0.0671875
0 1.0953125 0.49765625 0.046875 0.0609375
0 1.1359375 0.4203125 0.0375 0.05
0 0.978125 0.44140625 0.04375 0.0546875
0 0.88984375 0.45 0.0390625 0.046875
0 0.8453125 0.509375 0.040625 0.04375
0 0.7734375 0.45625 0.0375 0.053125
0 0.7078125 0.4265625 0.04375 0.05625
0 0.728125 0.375 0.0375 0.04375
0 0.890625 0.34453125 0.04375 0.0515625
0 0.83125 0.378125 0.03125 0.03125
0 0.83984375 0.3484375 0.0265625 0.03125
0 0.77109375 0.35703125 0.0265625 0.0328125
0 0.79453125 0.35390625 0.0265625 0.0390625
0 1.38359375 0.44296875 0.0609375 0.0640625
0 1.55234375 0.4265625 0.0546875 0.078125
0 1.528125 0.33203125 0.0375 0.0453125
0 1.3421875 0.346875 0.040625 0.05
0 1.175 0.340625 0.040625 0.05
0 1.05546875 0.3609375 0.0390625 0.05
0 0.95703125 0.34921875 0.0390625 0.0421875
0 1.440625 0.3359375 0.03125 0.034375
0 1.27265625 0.421875 0.0421875 0.059375
0 0.453125 0.55546875 0.059375 0.0796875
0 0.6484375 0.56796875 0.053125 0.0640625
0 0.50625 0.49609375 0.05625 0.0671875
0 0.325 0.4765625 0.065625 0.06875
0 0.1640625 0.471875 0.059375 0.06875
0 0.1234375 0.73046875 0.04375 0.0921875
0 0.12421875 0.63203125 0.0609375 0.0765625
0 0.0953125 0.4671875 0.05 0.059375
0 0.0375 0.40390625 0.034375 0.0359375
0 0.0671875 0.3953125 0.028125 0.034375
0 0.103125 0.396875 0.034375 0.028125
0 0.18984375 0.37890625 0.0359375 0.0359375
0 0.25078125 0.384375 0.0390625 0.046875
0 0.2203125 0.4359375 0.046875 0.05
0 0.28125 0.45546875 0.046875 0.0578125
0 0.36796875 0.41640625 0.0390625 0.0515625
0 0.39375 0.39375 0.03125 0.040625
0 0.4734375 0.4 0.040625 0.05
0 0.42578125 0.47890625 0.0453125 0.0484375
0 0.60625 0.3875 0.0375 0.046875
0 0.6625 0.38203125 0.034375 0.0421875
0 0.63828125 0.46484375 0.0421875 0.0703125
0 0.53984375 0.3703125 0.0265625 0.04375
0 0.56796875 0.37734375 0.0265625 0.0390625
0 0.45078125 0.3515625 0.0296875 0.0375
0 0.36484375 0.36328125 0.0296875 0.0234375
0 0.2859375 0.33984375 0.03125 0.0296875
0 0.21796875 0.33984375 0.0265625 0.0296875
0 0.14453125 0.3390625 0.0265625 0.025
0 0.103125 0.3390625 0.034375 0.028125
0 0.23359375 0.30546875 0.0265625 0.0296875
0 0.18984375 0.32109375 0.0203125 0.0234375
0 0.04140625 0.32890625 0.0265625 0.0328125
0 0.07890625 0.303125 0.0140625 0.03125
0 0.16171875 0.28671875 0.0203125 0.0203125
0 0.20859375 0.30390625 0.0171875 0.0234375
0 0.26484375 0.28359375 0.0171875 0.0203125
0 0.04609375 0.26328125 0.0171875 0.0171875
0 0.03203125 0.240625 0.0140625 0.01875
0 0.4875 0.3359375 0.028125 0.034375
0 0.3859375 0.3234375 0.03125 0.0375
0 0.35078125 0.34140625 0.0234375 0.0328125
0 0.4140625 0.33515625 0.01875 0.0234375
0 0.54609375 0.29140625 0.0171875 0.0203125
0 0.4609375 0.30234375 0.025 0.0359375
0 0.4796875 0.3 0.01875 0.01875
0 0.6609375 0.2890625 0.01875 0.028125
0 0.6984375 0.30859375 0.025 0.0328125
0 0.38671875 0.290625 0.0203125 0.021875
0 0.375 0.27734375 0.01875 0.0296875
0 0.390625 0.259375 0.01875 0.025
0 0.40546875 0.26484375 0.0140625 0.0203125
0 0.575 0.30078125 0.021875 0.0265625
0 0.60859375 0.28671875 0.0171875 0.0171875
0 0.70234375 0.27421875 0.0203125 0.0234375
0 0.68203125 0.24765625 0.0171875 0.0234375
0 0.590625 0.25546875 0.01875 0.0203125
0 0.52265625 0.23203125 0.0109375 0.0171875
0 0.4421875 0.23671875 0.0125 0.0203125
0 0.453125 0.2546875 0.0125 0.015625
0 0.41328125 0.240625 0.0140625 0.01875
0 0.3765625 0.23125 0.0125 0.015625
0 0.35234375 0.2296875 0.0140625 0.015625
0 0.17890625 0.2296875 0.0140625 0.015625
0 0.09609375 0.225 0.0140625 0.015625
0 0.20390625 0.23125 0.0078125 0.015625
0 0.2265625 0.2203125 0.009375 0.0125
0 0.26875 0.25546875 0.0125 0.0171875
0 0.253125 0.253125 0.0125 0.015625
0 0.4265625 0.21796875 0.009375 0.0140625
0 0.4828125 0.22890625 0.009375 0.0140625
0 0.49453125 0.225 0.0109375 0.015625
0 0.55390625 0.2328125 0.0140625 0.015625
0 0.61484375 0.23828125 0.0140625 0.0203125
0 0.53125 0.2765625 0.0125 0.0125
0 0.54921875 0.21328125 0.0109375 0.0140625
0 0.734375 0.27421875 0.01875 0.0265625
0 0.7609375 0.24765625 0.0125 0.0171875
0 0.696875 0.2265625 0.0125 0.01875
0 0.57890625 0.2296875 0.0109375 0.015625
0 0.1203125 0.2375 0.0125 0.015625
0 0.6046875 0.3359375 0.025 0.025
0 0.62578125 0.325 0.0203125 0.025
0 0.3 0.26484375 0.0125 0.0234375
0 0.63125 0.2453125 0.0125 0.01875
0 0.75546875 0.2125 0.0140625 0.0125
0 1.0015625 0.2953125 0.021875 0.028125
0 1.0859375 0.31328125 0.028125 0.0359375
0 0.91171875 0.2859375 0.0171875 0.01875
0 0.85703125 0.27578125 0.0203125 0.0203125
0 0.803125 0.31484375 0.028125 0.0328125
0 0.7796875 0.259375 0.021875 0.028125
0 0.80078125 0.2734375 0.0171875 0.021875
0 0.9421875 0.26875 0.01875 0.021875
0 0.99609375 0.2578125 0.0171875 0.021875
0 1.0265625 0.26953125 0.015625 0.0203125
0 0.9421875 0.24453125 0.015625 0.0140625
0 0.8828125 0.246875 0.01875 0.025
0 0.8359375 0.23125 0.01875 0.021875
0 0.78046875 0.23515625 0.0109375 0.0140625
0 0.78046875 0.2125 0.0109375 0.0125
0 0.89375 0.2140625 0.0125 0.0125
0 0.94609375 0.20859375 0.0140625 0.0171875
0 0.98671875 0.2140625 0.0140625 0.015625
0 1.01015625 0.21640625 0.0140625 0.0140625
0 1.07890625 0.23671875 0.0171875 0.0203125
0 1.04296875 0.22890625 0.0140625 0.0171875
0 1.11171875 0.271875 0.0203125 0.025
0 1.190625 0.31328125 0.028125 0.0359375
0 1.15078125 0.26796875 0.0171875 0.0203125
0 1.17265625 0.2546875 0.0140625 0.015625
0 1.3859375 0.27109375 0.025 0.0328125
0 1.253125 0.30703125 0.03125 0.0421875
0 1.2171875 0.31875 0.025 0.028125
0 1.3625 0.32578125 0.021875 0.0359375
0 1.47734375 0.29765625 0.0296875 0.0359375
0 1.53359375 0.29765625 0.0359375 0.0296875
0 1.5703125 0.2703125 0.03125 0.040625
0 1.559375 0.2296875 0.025 0.025
0 1.51171875 0.21640625 0.0171875 0.0171875
0 1.44921875 0.25390625 0.0203125 0.0203125
0 1.36328125 0.253125 0.0203125 0.021875
0 1.334375 0.259375 0.021875 0.021875
0 1.353125 0.28828125 0.021875 0.0203125
0 1.29140625 0.25 0.0234375 0.028125
0 1.2125 0.23984375 0.025 0.0296875
0 1.24375 0.26328125 0.01875 0.0171875
0 1.2953125 0.21484375 0.015625 0.0140625
0 1.39375 0.225 0.0125 0.015625
0 1.471875 0.2125 0.0125 0.015625
0 1.39921875 0.1765625 0.0140625 0.015625
0 1.3453125 0.175 0.009375 0.0125
0 1.190625 0.19453125 0.009375 0.0140625
0 1.34765625 0.2078125 0.0140625 0.015625
0 1.55078125 0.2046875 0.0171875 0.01875
0 1.59140625 0.21640625 0.0140625 0.0203125
0 1.38359375 0.21015625 0.0109375 0.0140625
0 1.3234375 0.20625 0.0125 0.0125
0 1.26328125 0.20234375 0.0109375 0.0140625
0 0.6625 0.1984375 0.0125 0.0125
0 0.646875 0.2015625 0.009375 0.0125
0 0.85625 0.18515625 0.009375 0.0109375
0 1.0453125 0.1984375 0.0125 0.015625
0 1.22265625 0.046875 0.0203125 0.0625
0 0.17578125 0.0125 0.0421875 0.025
0 1.1296875 0.1984375 0.009375 0.0125
0 1.053125 0.17265625 0.009375 0.0109375
