0 1.14296875 0.70078125 0.1234375 0.1703125
0 1.25234375 0.48671875 0.0703125 0.0828125
0 1.34375 0.51640625 0.04375 0.0578125
0 1.39140625 0.396875 0.0359375 0.0625
0 1.23125 0.40390625 0.028125 0.0390625
0 1.215625 0.359375 0.021875 0.028125
0 1.0765625 0.42265625 0.04375 0.0578125
0 1.0921875 0.34375 0.01875 0.025
0 0.94453125 0.44765625 0.0515625 0.0671875
0 0.88671875 0.40234375 0.0296875 0.0421875
0 0.7921875 0.45234375 0.071875 0.0953125
0 0.8640625 0.35 0.01875 0.025
0 0.92265625 0.3234375 0.0109375 0.01875
0 0.94140625 0.34609375 0.0109375 0.0203125
0 0.56640625 0.3828125 0.0296875 0.040625
0 0.54375 0.50625 0.065625 0.090625
0 0.5046875 0.44296875 0.0375 0.0546875
0 0.48046875 0.3671875 0.0203125 0.025
0 0.24140625 0.54140625 0.0671875 0.0859375
0 0.015625 0.4375 0.03125 0.065625
0 0.31640625 0.4140625 0.0265625 0.034375
0 0.209375 0.3546875 0.01875 0.028125
0 0.7859375 0.375 0.021875 0.025
0 0.12109375 0.334375 0.0140625 0.021875
0 1.32109375 0.36875 0.0296875 0.03125
0 0.7890625 0.32109375 0.015625 0.0234375
0 0.83671875 0.36875 0.0234375 0.034375
