0 0.1515625 0.37421875 0.03125 0.0421875
0 0.26484375 0.39375 0.0328125 0.0375
0 0.22734375 0.36953125 0.0265625 0.0421875
0 0.48046875 0.4171875 0.0390625 0.046875
0 0.45703125 0.4078125 0.0265625 0.03125
0 0.4921875 0.38984375 0.034375 0.0421875
0 0.5125 0.36484375 0.028125 0.0359375
0 0.5578125 0.39609375 0.040625 0.0484375
0 0.74140625 0.44296875 0.0359375 0.0421875
0 0.8671875 0.4296875 0.034375 0.040625
0 0.971875 0.42578125 0.034375 0.0359375
0 1.14140625 0.36484375 0.0328125 0.0390625
0 1.203125 0.428125 0.040625 0.04375
0 1.40625 0.4875 0.0375 0.040625
