0 0.06171875 0.0140625 0.0078125 0.009375
0 0.08984375 0.1578125 0.0140625 0.01875
0 0.06171875 0.13671875 0.0203125 0.0296875
0 0.17578125 0.1125 0.0140625 0.01875
0 0.1609375 0.040625 0.009375 0.0125
0 0.16796875 0.13046875 0.0203125 0.0265625
0 0.21171875 0.06953125 0.0203125 0.0265625
0 0.1265625 0.2078125 0.021875 0.03125
0 0.06328125 0.2421875 0.0234375 0.03125
0 0.09375 0.25 0.01875 0.01875
0 0.05703125 0.2828125 0.0265625 0.04375
0 0.103125 0.29296875 0.028125 0.0359375
0 0.1109375 0.3234375 0.028125 0.03125
0 0.1484375 0.24609375 0.025 0.0359375
0 0.16796875 0.2828125 0.0328125 0.03125
0 0.20546875 0.28828125 0.0296875 0.0359375
0 0.196875 0.22578125 0.021875 0.0328125
0 0.2546875 0.2296875 0.028125 0.03125
0 1.1140625 0.24921875 0.028125 0.0328125
0 0.9640625 0.165625 0.021875 0.021875
0 1.4578125 0.05078125 0.021875 0.0296875
0 1.540625 0.12265625 0.015625 0.0234375
0 1.35703125 0.0984375 0.0171875 0.021875
0 1.30703125 0.1375 0.0203125 0.025
0 1.2390625 0.234375 0.03125 0.034375
0 1.26484375 0.22734375 0.0140625 0.0328125
0 1.36953125 0.159375 0.0203125 0.028125
0 1.3921875 0.1765625 0.0125 0.021875
0 1.30078125 0.25546875 0.0265625 0.0359375
0 1.203125 0.29375 0.028125 0.034375
0 1.4375 0.228125 0.025 0.034375
0 1.371875 0.28046875 0.0125 0.0203125
0 1.4078125 0.28515625 0.025 0.0359375
0 1.47265625 0.2578125 0.0265625 0.03125
0 1.4984375 0.26328125 0.028125 0.0296875
0 1.49375 0.3109375 0.021875 0.034375
0 1.46015625 0.30859375 0.0328125 0.0328125
0 1.2015625 0.33515625 0.03125 0.0328125
0 1.5625 0.3265625 0.03125 0.0375
0 1.421875 0.36328125 0.034375 0.0390625
0 1.346875 0.33984375 0.015625 0.0328125
0 1.33828125 0.29609375 0.0296875 0.0359375
0 1.2515625 0.36328125 0.034375 0.0484375
0 1.2390625 0.33125 0.034375 0.040625
0 1.58984375 0.2578125 0.0203125 0.034375
0 1.0484375 0.4671875 0.025 0.021875
0 0.2515625 0.34921875 0.025 0.0171875
0 0.28984375 0.21875 0.0234375 0.03125
0 0.325 0.240625 0.028125 0.028125
0 0.34765625 0.31640625 0.0328125 0.0421875
0 0.30859375 0.178125 0.0234375 0.03125
0 0.29609375 0.165625 0.0171875 0.021875
0 0.36328125 0.15546875 0.0203125 0.0265625
0 0.3171875 0.13046875 0.015625 0.0265625
0 0.3953125 0.1828125 0.01875 0.025
0 0.42109375 0.2046875 0.0203125 0.025
0 0.36328125 0.09453125 0.0109375 0.0171875
0 0.4546875 0.0546875 0.021875 0.028125
0 0.49765625 0.25390625 0.0390625 0.0296875
0 0.4859375 0.3453125 0.028125 0.034375
0 0.4828125 0.2234375 0.028125 0.03125
0 0.4765625 0.29921875 0.03125 0.0390625
0 0.5390625 0.13671875 0.01875 0.0234375
0 0.53359375 0.07421875 0.0140625 0.0203125
0 0.30078125 0.10234375 0.0140625 0.0140625
0 0.0171875 0.15625 0.0125 0.021875
0 0.0171875 0.1078125 0.015625 0.015625
0 0.03515625 0.0078125 0.0078125 0.009375
0 0.0046875 0.13515625 0.009375 0.0234375
0 0.6046875 0.246875 0.028125 0.03125
0 0.66484375 0.39296875 0.0390625 0.0484375
0 0.64921875 0.309375 0.0203125 0.03125
0 0.6625 0.203125 0.025 0.034375
0 0.7453125 0.18984375 0.021875 0.0296875
0 0.85625 0.16640625 0.01875 0.0234375
0 0.88046875 0.21171875 0.0265625 0.0296875
0 0.75625 0.27265625 0.021875 0.0203125
0 0.79140625 0.271875 0.0265625 0.034375
0 0.9015625 0.3375 0.028125 0.03125
0 0.71875 0.31015625 0.03125 0.0421875
0 0.78046875 0.3109375 0.0234375 0.028125
0 0.8109375 0.43046875 0.0375 0.0484375
0 0.68828125 0.0875 0.0109375 0.015625
0 0.7234375 0.11796875 0.0125 0.0171875
0 0.709375 0.1484375 0.021875 0.025
0 0.77265625 0.1515625 0.0171875 0.021875
0 0.946875 0.16640625 0.021875 0.0265625
0 0.903125 0.1609375 0.015625 0.021875
0 0.94296875 0.13671875 0.0203125 0.0234375
0 0.95625 0.2109375 0.01875 0.021875
0 1.0046875 0.171875 0.021875 0.021875
0 0.92109375 0.22578125 0.0234375 0.0296875
0 0.94375 0.23828125 0.021875 0.0265625
0 0.96875 0.24140625 0.025 0.0296875
0 0.99140625 0.28046875 0.0265625 0.0296875
0 0.96484375 0.33984375 0.0296875 0.0296875
0 1.0515625 0.24296875 0.025 0.0265625
0 1.009375 0.13515625 0.0125 0.0171875
0 1.0828125 0.03984375 0.021875 0.0234375
0 1.04609375 0.16171875 0.0109375 0.0265625
0 1.1625 0.18046875 0.021875 0.0234375
0 1.14453125 0.2140625 0.0265625 0.03125
0 1.00546875 0.34140625 0.0203125 0.0328125
0 1.0671875 0.3046875 0.03125 0.034375
0 1.08671875 0.2640625 0.0265625 0.0375
0 1.10859375 0.34140625 0.0328125 0.0328125
0 0.696875 0.27734375 0.01875 0.0265625
0 0.425 0.14453125 0.01875 0.0203125
0 0.9265625 0.32734375 0.015625 0.0203125
0 1.5453125 0.22578125 0.0125 0.0203125
0 1.271875 0.1484375 0.015625 0.015625
0 0.6171875 0.06796875 0.015625 0.0203125
0 0.2734375 0.15078125 0.015625 0.0203125
0 0.82421875 0.16640625 0.0171875 0.0203125
0 1.32421875 0.178125 0.0234375 0.025
