0 0.08203125 0.49453125 0.0484375 0.0515625
0 0.221875 0.49609375 0.0375 0.0484375
0 0.23125 0.53125 0.040625 0.05
0 0.3984375 0.528125 0.0375 0.046875
0 0.51640625 0.47578125 0.0359375 0.0453125
0 0.5765625 0.53671875 0.04375 0.0546875
0 0.775 0.54140625 0.028125 0.0453125
0 0.81875 0.51796875 0.0375 0.0453125
0 0.9078125 0.54453125 0.034375 0.0515625
0 1.10234375 0.5125 0.0390625 0.053125
0 1.1796875 0.57421875 0.028125 0.0453125
0 1.2671875 0.5859375 0.0375 0.040625
0 1.53203125 0.5390625 0.0421875 0.05
