0 0.2296875 0.65859375 0.059375 0.0734375
0 0.2984375 0.721875 0.05625 0.05
0 0.35703125 0.671875 0.0171875 0.01875
0 0.4984375 0.6796875 0.06875 0.0875
0 0.55078125 0.8046875 0.0921875 0.1
0 0.4421875 0.69140625 0.015625 0.0171875
0 0.553125 0.6953125 0.015625 0.021875
0 0.56875 0.7015625 0.0125 0.015625
0 0.42265625 0.68359375 0.0234375 0.0265625
0 0.6140625 0.72109375 0.034375 0.0390625
0 0.60390625 0.68203125 0.0234375 0.0234375
0 0.646875 0.71015625 0.0125 0.0171875
0 0.63359375 0.70625 0.0109375 0.0125
0 0.68515625 0.68359375 0.0265625 0.0296875
0 0.74921875 0.70390625 0.0703125 0.0796875
0 0.9921875 0.7796875 0.075 0.084375
0 0.95234375 0.7234375 0.0703125 0.078125
0 1.0 0.6796875 0.034375 0.040625
0 1.0515625 0.7015625 0.021875 0.028125
0 1.0828125 0.69296875 0.01875 0.0203125
0 0.8671875 0.678125 0.015625 0.0125
0 1.25390625 0.74296875 0.0734375 0.0859375
0 1.15 0.678125 0.034375 0.0375
0 1.17109375 0.6828125 0.0140625 0.021875
0 1.115625 0.68984375 0.015625 0.0203125
0 1.30078125 0.67734375 0.0296875 0.0390625
0 1.33984375 0.659375 0.0265625 0.0375
0 1.39609375 0.70625 0.0578125 0.084375
0 1.56328125 0.73515625 0.0734375 0.0953125
0 1.4546875 0.69375 0.021875 0.021875
0 1.43125 0.70390625 0.01875 0.0234375
