0 0.065625 0.76796875 0.009375 0.0140625
0 0.17265625 0.64609375 0.0109375 0.0140625
0 0.2703125 0.7765625 0.0125 0.0125
0 0.27578125 0.69921875 0.0109375 0.0109375
0 0.22578125 0.67890625 0.0140625 0.0140625
0 0.29296875 0.63828125 0.0078125 0.0109375
0 0.2609375 0.60703125 0.009375 0.0109375
0 0.1265625 0.5984375 0.0125 0.0125
0 0.37265625 0.7609375 0.0078125 0.0125
0 0.4421875 0.68671875 0.009375 0.0140625
0 0.26875 0.63828125 0.00625 0.0109375
0 0.5203125 0.59921875 0.009375 0.0109375
0 0.7375 0.76875 0.009375 0.0125
0 0.83046875 0.73671875 0.0078125 0.0109375
0 0.9375 0.78515625 0.0125 0.0109375
0 1.02734375 0.85625 0.0140625 0.01875
0 1.2515625 0.71015625 0.009375 0.0140625
0 1.128125 0.80078125 0.009375 0.0140625
0 1.36875 0.76015625 0.0125 0.0140625
0 1.415625 0.7703125 0.009375 0.0125
0 0.94375 0.70625 0.0125 0.0125
0 1.025 0.8171875 0.0125 0.0125
