0 1.38671875 0.078125 0.0984375 0.134375
0 1.3015625 0.2515625 0.071875 0.109375
0 1.246875 0.1859375 0.059375 0.078125
0 1.1890625 0.23828125 0.059375 0.0828125
0 1.0875 0.1859375 0.0625 0.0875
0 0.9375 0.1859375 0.05625 0.06875
0 0.8296875 0.1203125 0.06875 0.09375
0 0.7609375 0.18515625 0.046875 0.0515625
0 0.66953125 0.2171875 0.0359375 0.05
0 0.5421875 0.19921875 0.053125 0.0796875
0 0.4453125 0.21484375 0.0625 0.0734375
0 0.3671875 0.21875 0.05 0.071875
0 0.34296875 0.15625 0.0328125 0.059375
0 0.25625 0.1796875 0.04375 0.075
0 0.14453125 0.2359375 0.0453125 0.059375
0 0.478125 0.5046875 0.025 0.03125
0 0.15078125 0.13203125 0.0234375 0.0328125
