0 1.38359375 0.984375 0.0171875 0.021875
0 1.53203125 0.85078125 0.0140625 0.0171875
0 1.46796875 0.84296875 0.0109375 0.0171875
0 1.49921875 0.8359375 0.0109375 0.0125
0 1.43671875 0.8515625 0.0140625 0.01875
0 1.1828125 0.946875 0.01875 0.021875
0 1.040625 0.96171875 0.021875 0.0296875
0 1.0140625 0.91875 0.01875 0.021875
0 0.78671875 1.05703125 0.0234375 0.0265625
0 0.73046875 1.06796875 0.0203125 0.0234375
0 1.58046875 0.71015625 0.0203125 0.0265625
0 1.56640625 0.81015625 0.0140625 0.0234375
0 0.178125 1.16015625 0.028125 0.0390625
0 0.02109375 1.11796875 0.0203125 0.0359375
0 0.07421875 1.19609375 0.0328125 0.0078125
0 0.42578125 0.915625 0.0171875 0.025
0 0.87890625 0.82890625 0.0109375 0.0171875
0 0.22265625 0.6953125 0.0109375 0.015625
0 0.11796875 0.69453125 0.0109375 0.0140625
0 0.31015625 0.6859375 0.0078125 0.0125
0 0.33515625 0.6046875 0.0140625 0.015625
0 0.13359375 0.65390625 0.0140625 0.0171875
0 0.31875 0.728125 0.0125 0.015625
0 0.48125 0.7921875 0.00625 0.0125
0 0.14140625 0.84296875 0.0109375 0.0203125
0 1.07109375 0.76953125 0.0078125 0.0140625
