0 0.26015625 0.81484375 0.0953125 0.1109375
0 0.3921875 1.02734375 0.14375 0.1421875
0 1.00078125 0.6078125 0.0546875 0.078125
0 1.30078125 0.5421875 0.0453125 0.05625
0 0.68046875 0.6375 0.0390625 0.04375
0 0.37265625 0.5359375 0.0421875 0.053125
0 0.25859375 0.5109375 0.0390625 0.04375
0 0.0671875 0.54375 0.03125 0.034375
0 1.14609375 0.45625 0.0265625 0.0375
0 0.9 0.53515625 0.046875 0.0484375
0 0.51796875 0.5515625 0.0390625 0.05
0 1.54296875 0.45078125 0.0265625 0.0328125
0 1.40078125 0.4484375 0.0265625 0.0375
0 1.321875 0.41796875 0.025 0.0296875
0 1.24296875 0.39765625 0.0203125 0.0265625
0 1.16328125 0.37890625 0.0203125 0.0265625
0 1.09765625 0.37109375 0.0171875 0.0234375
0 1.00703125 0.36953125 0.0171875 0.0203125
0 1.11015625 0.425 0.0203125 0.028125
0 1.3609375 0.36171875 0.01875 0.0203125
0 1.43828125 0.35 0.0171875 0.025
0 1.53984375 0.32578125 0.0171875 0.0203125
0 1.2515625 0.32265625 0.015625 0.0203125
0 1.1484375 0.34140625 0.015625 0.0140625
0 1.078125 0.3625 0.015625 0.01875
0 1.1140625 0.328125 0.0125 0.01875
0 1.03984375 0.3484375 0.0140625 0.015625
0 1.06484375 0.33828125 0.0140625 0.0140625
0 1.43984375 0.30703125 0.0109375 0.0203125
0 1.47734375 0.32109375 0.0140625 0.0140625
0 1.3171875 0.3109375 0.009375 0.0125
0 1.01484375 0.321875 0.0109375 0.0125
0 1.071875 0.3125 0.009375 0.0125
0 0.64609375 0.4734375 0.0296875 0.03125
0 0.54375 0.43984375 0.015625 0.0203125
0 0.44765625 0.47421875 0.0203125 0.0296875
0 0.321875 0.459375 0.028125 0.03125
0 0.709375 0.421875 0.015625 0.021875
0 0.76171875 0.45859375 0.0234375 0.0359375
0 0.77734375 0.409375 0.0171875 0.021875
0 0.840625 0.39609375 0.015625 0.0234375
0 0.7328125 0.34609375 0.0125 0.0140625
0 0.6640625 0.34921875 0.0125 0.0140625
0 0.5671875 0.4 0.015625 0.01875
0 0.60234375 0.38125 0.0109375 0.015625
0 0.9625 0.38203125 0.015625 0.0234375
0 0.9359375 0.3515625 0.0125 0.01875
0 0.76328125 0.3734375 0.0109375 0.015625
0 0.73828125 0.36953125 0.0109375 0.0140625
0 0.6296875 0.440625 0.0125 0.015625
0 0.59140625 0.409375 0.0140625 0.015625
0 0.9 0.4 0.01875 0.025
0 0.975 0.3375 0.009375 0.015625
0 0.8171875 0.36796875 0.0125 0.0171875
0 0.878125 0.33359375 0.009375 0.0109375
0 1.4796875 0.29453125 0.009375 0.0109375
0 1.38359375 0.33515625 0.0140625 0.0171875
0 1.20078125 0.29296875 0.0078125 0.0109375
0 1.1703125 0.29765625 0.009375 0.0140625
0 1.38671875 0.2859375 0.0078125 0.009375
0 1.403125 0.29609375 0.009375 0.0109375
0 1.3515625 0.3109375 0.009375 0.0125
0 1.5109375 0.28515625 0.00625 0.0109375
