0 0.0671875 0.39453125 0.021875 0.0296875
0 0.0109375 0.4375 0.01875 0.03125
0 0.01875 0.50703125 0.015625 0.0203125
0 0.06015625 0.496875 0.0203125 0.028125
0 0.00625 0.3609375 0.009375 0.03125
0 0.01171875 0.3390625 0.0171875 0.028125
0 0.0140625 0.30703125 0.015625 0.0296875
0 0.2953125 0.41015625 0.03125 0.0390625
0 0.2921875 0.5078125 0.04375 0.065625
0 0.1875 0.49609375 0.025 0.0390625
0 0.15390625 0.5375 0.0359375 0.040625
0 0.21796875 0.59609375 0.0421875 0.0484375
0 0.3421875 0.5640625 0.040625 0.05625
0 0.3203125 0.653125 0.05625 0.0625
0 0.17421875 0.596875 0.0328125 0.04375
0 0.9328125 0.409375 0.03125 0.0375
0 0.0234375 0.54609375 0.025 0.0515625
0 0.04453125 0.59375 0.0328125 0.06875
0 0.07265625 0.6140625 0.0453125 0.090625
0 0.13125 0.65234375 0.065625 0.0953125
0 0.02578125 0.65390625 0.0390625 0.0640625
0 0.0296875 0.40234375 0.021875 0.0234375
0 0.32734375 0.8859375 0.0390625 0.059375
0 0.47109375 0.578125 0.0390625 0.06875
0 0.5265625 0.609375 0.0625 0.09375
0 0.58828125 0.6359375 0.0640625 0.084375
0 0.59921875 0.753125 0.0609375 0.090625
0 0.51640625 0.5234375 0.0328125 0.046875
0 0.56640625 0.49296875 0.0265625 0.0421875
0 0.30859375 0.32421875 0.0265625 0.0453125
0 0.4484375 0.33046875 0.009375 0.0140625
0 0.58125 0.32421875 0.009375 0.0171875
0 0.61328125 0.440625 0.0234375 0.04375
0 0.56796875 0.38359375 0.0171875 0.0234375
0 0.46484375 0.31640625 0.0171875 0.0203125
0 0.18515625 0.93046875 0.0890625 0.1296875
0 0.45703125 1.01328125 0.1203125 0.1140625
0 0.68515625 0.375 0.0203125 0.028125
0 0.65625 0.38828125 0.015625 0.0265625
0 0.64453125 0.4171875 0.0203125 0.03125
0 0.75703125 0.39375 0.0234375 0.03125
0 0.8015625 0.40234375 0.01875 0.0265625
0 0.75234375 0.4515625 0.0234375 0.034375
0 0.80859375 0.4578125 0.0203125 0.03125
0 0.70390625 0.44296875 0.0265625 0.0359375
0 0.7140625 0.484375 0.021875 0.0375
0 0.6890625 0.4828125 0.034375 0.05625
0 0.64609375 0.47265625 0.0203125 0.0328125
0 0.6546875 0.5265625 0.028125 0.046875
0 0.5515625 0.29375 0.009375 0.015625
0 0.66484375 0.59453125 0.0515625 0.0546875
0 0.72421875 0.60546875 0.0609375 0.0609375
0 0.821875 0.59375 0.046875 0.05625
0 0.80390625 0.34609375 0.0203125 0.0296875
0 0.7328125 0.36015625 0.021875 0.0328125
0 0.9359375 0.340625 0.015625 0.025
0 1.0015625 0.36640625 0.01875 0.0234375
0 1.0421875 0.35859375 0.021875 0.0265625
0 0.98125 0.334375 0.015625 0.015625
0 0.98359375 0.36171875 0.0140625 0.0140625
0 0.90234375 0.425 0.0234375 0.034375
0 0.86953125 0.46640625 0.0265625 0.0328125
0 0.8375 0.51015625 0.03125 0.0359375
0 0.93828125 0.49296875 0.0484375 0.0609375
0 0.98125 0.45234375 0.025 0.0359375
0 1.01953125 0.4359375 0.0296875 0.0375
0 1.0625 0.440625 0.025 0.028125
0 1.11015625 0.39921875 0.0265625 0.0421875
0 1.13984375 0.46640625 0.0359375 0.0515625
0 1.096875 0.49296875 0.03125 0.0421875
0 0.99296875 0.5578125 0.0578125 0.075
0 1.1296875 0.5359375 0.040625 0.059375
0 1.11484375 0.62109375 0.0359375 0.0515625
0 0.940625 0.42578125 0.021875 0.0296875
0 1.15859375 0.3515625 0.0265625 0.03125
0 1.0703125 0.34296875 0.025 0.0328125
0 1.28984375 0.2953125 0.0171875 0.03125
0 1.35 0.51484375 0.034375 0.0390625
0 1.321875 0.4390625 0.0125 0.025
0 1.2640625 0.34375 0.0125 0.01875
0 1.34765625 0.60625 0.0515625 0.06875
0 1.44765625 0.52734375 0.0609375 0.0703125
0 1.39921875 0.49765625 0.0515625 0.0546875
0 1.5859375 0.39375 0.025 0.034375
0 1.55390625 0.434375 0.0359375 0.046875
0 1.5140625 0.48125 0.0375 0.04375
0 1.5625 0.52109375 0.046875 0.0671875
0 0.9140625 0.8703125 0.075 0.109375
0 1.13046875 0.91328125 0.0828125 0.1046875
0 1.55703125 0.59765625 0.0671875 0.0765625
0 1.5703125 0.71171875 0.053125 0.0796875
0 1.58125 0.7734375 0.034375 0.10625
0 1.38984375 0.92578125 0.0796875 0.1546875
0 1.4625 0.890625 0.090625 0.140625
0 0.88828125 0.20859375 0.0140625 0.0203125
0 0.98671875 0.28203125 0.0109375 0.0171875
0 0.9140625 0.36640625 0.015625 0.0265625
0 0.8890625 0.28984375 0.015625 0.0359375
0 0.85 0.42734375 0.01875 0.0234375
0 0.821875 0.42578125 0.01875 0.0234375
0 0.96171875 0.57890625 0.0359375 0.0453125
0 0.58515625 0.41484375 0.0140625 0.0203125
0 0.5609375 0.371875 0.01875 0.025
0 0.15703125 0.21796875 0.0140625 0.0171875
0 0.1421875 0.5703125 0.01875 0.028125
0 0.0671875 0.35078125 0.01875 0.0296875
