0 1.52890625 0.4265625 0.0578125 0.059375
0 1.30234375 0.5078125 0.0578125 0.065625
0 1.1765625 0.4390625 0.034375 0.04375
0 1.0953125 0.46015625 0.05625 0.0703125
0 1.09140625 0.33359375 0.0484375 0.0578125
0 1.0171875 0.41328125 0.05625 0.0609375
0 0.89453125 0.4328125 0.0484375 0.059375
0 1.35859375 0.2421875 0.0578125 0.06875
0 0.746875 0.4796875 0.0625 0.06875
0 0.5 0.45 0.059375 0.0625
0 0.3625 0.4421875 0.015625 0.025
0 0.37265625 0.41171875 0.0484375 0.0609375
0 0.1421875 0.41953125 0.04375 0.0546875
0 0.04921875 0.4828125 0.0484375 0.053125
0 1.5890625 0.6125 0.021875 0.034375
0 1.51875 0.62890625 0.034375 0.0390625
0 1.46953125 0.65546875 0.0359375 0.0453125
0 1.425 0.6265625 0.028125 0.034375
0 1.37265625 0.63515625 0.0359375 0.0359375
0 1.2953125 0.63359375 0.0375 0.0421875
0 1.23671875 0.65234375 0.0296875 0.0328125
0 1.2609375 0.6265625 0.015625 0.01875
0 1.1859375 0.60234375 0.025 0.0265625
0 1.46875 0.62734375 0.028125 0.0296875
0 1.5484375 0.63125 0.015625 0.01875
0 1.58828125 0.6640625 0.0234375 0.034375
0 1.13515625 0.64765625 0.0328125 0.0390625
0 1.11640625 0.6203125 0.0265625 0.0375
0 1.05625 0.609375 0.028125 0.03125
0 1.0796875 0.65 0.028125 0.03125
0 1.0296875 0.66953125 0.028125 0.0359375
0 1.0 0.63671875 0.03125 0.0296875
0 1.0015625 0.6109375 0.025 0.03125
0 0.95390625 0.628125 0.0203125 0.03125
0 0.92421875 0.6203125 0.0296875 0.034375
0 0.91015625 0.66640625 0.0296875 0.0328125
0 0.884375 0.615625 0.028125 0.034375
0 0.82578125 0.63828125 0.0296875 0.0359375
0 0.803125 0.67734375 0.028125 0.0328125
0 0.790625 0.6359375 0.021875 0.034375
0 0.771875 0.6203125 0.021875 0.028125
0 1.05390625 0.55078125 0.0140625 0.0171875
0 0.7125 0.63203125 0.034375 0.0359375
0 0.628125 0.61484375 0.03125 0.0359375
0 0.59765625 0.66328125 0.0265625 0.0328125
0 0.55625 0.675 0.01875 0.025
0 0.50390625 0.6734375 0.0265625 0.034375
0 0.49609375 0.6234375 0.0296875 0.0375
0 0.44296875 0.6046875 0.0390625 0.040625
0 0.41484375 0.6171875 0.0296875 0.0375
0 0.38046875 0.6359375 0.0296875 0.028125
0 0.315625 0.63046875 0.0375 0.0390625
0 0.190625 0.60390625 0.0375 0.0390625
0 0.10234375 0.63359375 0.0328125 0.0359375
0 0.265625 0.60703125 0.01875 0.0265625
0 0.3625 0.61015625 0.0125 0.0203125
0 0.3421875 0.61171875 0.0125 0.0171875
0 0.11953125 0.59453125 0.0140625 0.0171875
0 0.08203125 0.5921875 0.0171875 0.021875
0 0.040625 0.6515625 0.025 0.034375
0 0.0140625 0.6390625 0.028125 0.040625
0 0.025 0.61796875 0.021875 0.0296875
0 1.3828125 0.60703125 0.015625 0.0203125
0 0.1328125 0.5765625 0.009375 0.0125
0 0.15703125 0.5796875 0.0109375 0.0125
0 0.3046875 0.59296875 0.0125 0.0140625
0 0.2890625 0.58046875 0.009375 0.0109375
0 0.39765625 0.590625 0.0078125 0.0125
