0 1.54296875 0.4359375 0.1109375 0.10625
0 1.16484375 0.45234375 0.0859375 0.0953125
0 1.1171875 0.575 0.1 0.11875
0 1.334375 0.51640625 0.046875 0.0515625
0 1.38046875 0.48984375 0.0390625 0.0484375
0 1.24140625 0.51328125 0.0203125 0.0265625
0 0.87109375 0.559375 0.1046875 0.121875
0 0.934375 0.46171875 0.06875 0.0859375
0 0.75703125 0.4546875 0.0984375 0.109375
0 0.4921875 0.56484375 0.096875 0.1203125
0 0.4578125 0.5328125 0.06875 0.090625
0 0.33515625 0.54765625 0.0796875 0.0890625
0 0.196875 0.6 0.1375 0.128125
0 0.04453125 0.49375 0.0859375 0.10625
