0 1.2796875 0.653125 0.096875 0.128125
0 1.24921875 0.47265625 0.0078125 0.0109375
0 1.23515625 0.46953125 0.0078125 0.0078125
0 1.2375 0.49375 0.009375 0.0125
0 1.225 0.4921875 0.009375 0.0125
0 1.46875 0.4671875 0.0125 0.0125
0 1.5171875 0.48203125 0.015625 0.0171875
0 1.56875 0.46796875 0.0125 0.0171875
0 1.578125 0.44375 0.009375 0.0125
0 1.06953125 0.48203125 0.0109375 0.0140625
0 1.03984375 0.4671875 0.0140625 0.015625
0 0.98046875 0.50625 0.0140625 0.01875
0 0.97421875 0.4640625 0.0078125 0.0125
0 0.92109375 0.49453125 0.0140625 0.0234375
0 0.83828125 0.4921875 0.0203125 0.028125
0 0.73359375 0.4734375 0.0140625 0.015625
0 0.69765625 0.4984375 0.0203125 0.021875
0 0.45859375 0.51484375 0.0265625 0.0390625
0 0.34921875 0.56484375 0.0203125 0.0234375
0 0.30703125 0.5296875 0.0328125 0.04375
0 0.28046875 0.55703125 0.0296875 0.0390625
0 0.15859375 0.51796875 0.0546875 0.0515625
0 0.21484375 0.61171875 0.0421875 0.0578125
0 0.0421875 0.5109375 0.01875 0.025
0 0.01796875 0.51484375 0.0234375 0.0265625
0 0.015625 0.5640625 0.021875 0.034375
0 0.43203125 0.50546875 0.0171875 0.0234375
0 0.51875 0.4875 0.015625 0.01875
