0 0.0390625 0.8359375 0.03125 0.04375
0 0.0109375 0.84765625 0.021875 0.0328125
0 0.08125 0.8359375 0.021875 0.025
0 0.49453125 0.8171875 0.0140625 0.025
0 0.64765625 0.709375 0.1265625 0.14375
0 1.4265625 0.753125 0.159375 0.20625
0 1.2359375 0.5796875 0.121875 0.171875
0 1.5859375 0.203125 0.025 0.040625
0 1.4734375 0.2359375 0.03125 0.040625
0 1.33359375 0.346875 0.0234375 0.034375
0 1.265625 0.3640625 0.025 0.03125
0 1.196875 0.4109375 0.01875 0.028125
0 0.98203125 0.453125 0.0171875 0.015625
0 0.83671875 0.52578125 0.0171875 0.0171875
0 0.80625 0.51640625 0.015625 0.0140625
0 0.796875 0.52578125 0.015625 0.0140625
0 0.7390625 0.5390625 0.0125 0.01875
0 0.6671875 0.5671875 0.0125 0.015625
0 0.659375 0.56953125 0.009375 0.0109375
0 0.52109375 0.8015625 0.0078125 0.00625
0 0.24453125 0.6890625 0.1046875 0.11875
