0 0.35078125 0.30625 0.0453125 0.053125
0 0.51328125 0.30859375 0.0515625 0.0609375
0 0.79375 0.32421875 0.04375 0.0515625
0 0.9 0.359375 0.034375 0.046875
0 1.48984375 0.3421875 0.0421875 0.046875
0 1.45078125 0.32578125 0.0265625 0.0484375
0 1.3171875 0.29921875 0.0375 0.0640625
0 0.94140625 0.296875 0.0296875 0.046875
0 0.98203125 0.33671875 0.0328125 0.0671875
0 1.1421875 0.32109375 0.0375 0.0546875
0 0.62578125 0.3046875 0.0203125 0.034375
0 0.60390625 0.33359375 0.0296875 0.0453125
0 0.76015625 0.3015625 0.0296875 0.034375
0 0.821875 0.31015625 0.028125 0.0390625
0 0.86640625 0.31796875 0.0171875 0.0203125
0 0.9078125 0.315625 0.034375 0.0375
0 0.16484375 0.246875 0.0421875 0.08125
0 0.2359375 0.2921875 0.025 0.028125
0 1.21640625 0.32734375 0.0390625 0.0578125
0 1.059375 0.3375 0.03125 0.040625
0 1.08828125 0.353125 0.0421875 0.04375
0 0.45546875 0.2875 0.0296875 0.04375
0 0.17265625 0.31640625 0.0328125 0.0390625
0 0.1953125 0.31171875 0.015625 0.0265625
0 0.2140625 0.3 0.0125 0.021875
