0 0.340625 1.803125 0.06875 0.08125
0 0.33515625 1.9890625 0.0953125 0.121875
0 0.21015625 2.03671875 0.1140625 0.1109375
0 0.0875 2.01015625 0.16875 0.2640625
0 0.21875 1.84140625 0.05 0.0671875
0 0.51171875 1.76015625 0.0421875 0.0484375
0 0.59609375 1.7984375 0.0328125 0.053125
0 0.72265625 1.76953125 0.0390625 0.0515625
0 0.6609375 1.75546875 0.034375 0.0421875
0 0.58125 1.715625 0.028125 0.034375
0 0.69921875 1.69140625 0.0171875 0.0203125
0 0.6546875 1.66875 0.01875 0.021875
0 0.4703125 1.77109375 0.025 0.0328125
0 1.303125 1.85390625 0.09375 0.1859375
0 1.096875 1.81171875 0.08125 0.0953125
0 0.8265625 1.71875 0.025 0.034375
0 1.02421875 1.80546875 0.0453125 0.0703125
0 0.16875 1.76875 0.025 0.034375
0 0.30859375 1.65390625 0.0171875 0.0234375
0 0.35859375 1.67890625 0.0171875 0.0265625
0 0.128125 1.709375 0.021875 0.028125
0 0.153125 1.678125 0.015625 0.025
0 0.1953125 1.675 0.015625 0.021875
0 1.00390625 1.6078125 0.0140625 0.01875
0 1.10078125 1.6171875 0.0140625 0.015625
0 1.4296875 1.84375 0.05625 0.075
0 0.8828125 1.70625 0.01875 0.025
0 0.72734375 2.08203125 0.1453125 0.1203125
0 0.41015625 1.76015625 0.0296875 0.0421875
0 0.96953125 1.7875 0.0296875 0.040625
0 0.93203125 1.76328125 0.0328125 0.0421875
0 0.203125 1.80703125 0.04375 0.0546875
