0 0.33671875 0.33125 0.0234375 0.0375
0 0.46015625 0.359375 0.0265625 0.0375
0 0.184375 0.56875 0.05625 0.10625
0 0.20625 0.83671875 0.08125 0.0984375
0 0.58125 0.6625 0.08125 0.125
0 0.4453125 0.8640625 0.13125 0.2375
0 1.1765625 0.28046875 0.05 0.0578125
0 1.3375 0.3125 0.0625 0.08125
0 0.98515625 0.54375 0.0421875 0.0625
0 1.0703125 0.63671875 0.075 0.1015625
0 1.05625 0.69375 0.065625 0.0875
0 1.05859375 0.58828125 0.0453125 0.0765625
0 1.465625 0.3203125 0.028125 0.03125
0 1.1546875 0.5859375 0.0625 0.040625
0 1.03984375 0.534375 0.0421875 0.05625
0 1.090625 0.52265625 0.025 0.0453125
