0 0.35625 0.2296875 0.1 0.125
0 0.63046875 0.24140625 0.0828125 0.0828125
0 0.8953125 0.1328125 0.05 0.08125
0 1.05390625 0.23125 0.0859375 0.078125
0 1.221875 0.325 0.09375 0.090625
0 1.5421875 0.23671875 0.115625 0.1015625
0 1.44921875 0.18359375 0.0359375 0.0484375
0 0.77421875 0.17109375 0.0453125 0.0609375
0 0.696875 0.1203125 0.04375 0.0625
0 0.46171875 0.1328125 0.0484375 0.065625
0 0.16171875 0.13046875 0.0703125 0.0796875
0 0.040625 0.2 0.08125 0.09375
0 0.1015625 0.16953125 0.053125 0.0546875
0 0.56328125 0.14921875 0.0453125 0.0515625
0 1.153125 0.1765625 0.059375 0.075
0 1.36484375 0.15390625 0.0203125 0.0234375
0 0.6234375 0.61875 0.078125 0.146875
