0 0.353125 0.51875 0.034375 0.0375
0 0.51171875 0.49296875 0.0140625 0.0234375
0 0.57734375 0.5125 0.0265625 0.046875
0 0.7265625 0.49453125 0.0125 0.0203125
0 0.74140625 0.5234375 0.0265625 0.03125
0 0.76015625 0.5140625 0.0109375 0.021875
0 0.87109375 0.51796875 0.0078125 0.0109375
0 0.89921875 0.515625 0.0296875 0.0375
0 0.95859375 0.5140625 0.0078125 0.0125
0 1.0828125 0.50234375 0.009375 0.0109375
0 1.17421875 0.52734375 0.0109375 0.0109375
0 1.3328125 0.50625 0.01875 0.034375
0 1.34375 0.5 0.0125 0.021875
0 1.49921875 0.5140625 0.0171875 0.028125
