0 1.1 0.35 0.0125 0.015625
0 1.05703125 0.34765625 0.0109375 0.0109375
0 1.01484375 0.3484375 0.0109375 0.015625
0 0.98203125 0.3484375 0.0078125 0.0125
0 0.94765625 0.35234375 0.0140625 0.0140625
0 0.91640625 0.35078125 0.0109375 0.0109375
0 0.87109375 0.3453125 0.0109375 0.0125
0 0.8359375 0.3546875 0.0125 0.015625
0 0.8 0.346875 0.009375 0.0125
0 0.76640625 0.34453125 0.0109375 0.0109375
0 0.7296875 0.35 0.009375 0.0125
0 0.69609375 0.35234375 0.0109375 0.0140625
0 0.81484375 0.25390625 0.0671875 0.0765625
0 1.41484375 0.8359375 0.0671875 0.090625
0 0.20625 0.46640625 0.0125 0.0203125
0 0.2453125 0.43046875 0.015625 0.0203125
0 0.0375 0.46171875 0.01875 0.0265625
0 0.05625 0.39921875 0.0125 0.0203125
0 0.253125 0.3140625 0.0125 0.01875
0 0.24609375 0.36796875 0.0109375 0.0140625
0 0.2265625 0.3640625 0.009375 0.0125
0 0.2140625 0.3671875 0.009375 0.015625
0 0.29453125 0.3828125 0.0109375 0.015625
0 0.2703125 0.38359375 0.009375 0.0140625
0 0.05859375 0.34296875 0.0140625 0.0171875
0 0.0515625 0.31484375 0.0125 0.0171875
0 0.08828125 0.31328125 0.0109375 0.0140625
0 0.11796875 0.32109375 0.0109375 0.0140625
0 0.13125 0.28984375 0.009375 0.0140625
0 0.1703125 0.27578125 0.009375 0.0109375
0 0.18046875 0.321875 0.0109375 0.015625
0 0.025 0.26171875 0.009375 0.0140625
0 0.0578125 0.2859375 0.0125 0.0125
0 0.0109375 0.315625 0.0125 0.015625
0 1.50625 0.38671875 0.0125 0.0140625
0 1.54609375 0.37265625 0.0109375 0.0140625
0 1.471875 0.38984375 0.009375 0.0109375
0 1.475 0.36875 0.009375 0.009375
0 1.50390625 0.36796875 0.0109375 0.0140625
0 1.425 0.38203125 0.009375 0.0109375
0 1.40546875 0.37734375 0.0109375 0.0109375
0 1.515625 0.32265625 0.0125 0.0171875
0 1.453125 0.315625 0.009375 0.0125
0 0.40546875 0.56015625 0.0109375 0.0234375
0 1.4 0.6703125 0.028125 0.053125
0 1.54609375 0.63203125 0.0203125 0.0421875
0 1.4328125 0.5421875 0.015625 0.021875
0 0.09296875 0.2953125 0.0078125 0.015625
0 0.1015625 0.2921875 0.009375 0.015625
0 0.02109375 0.353125 0.0171875 0.021875
