0 0.0515625 0.5828125 0.03125 0.03125
0 0.028125 0.53984375 0.009375 0.0140625
0 0.15078125 0.54140625 0.0109375 0.0171875
0 0.27578125 0.5265625 0.0421875 0.078125
0 0.3203125 0.5546875 0.0125 0.015625
0 0.38515625 0.52734375 0.0109375 0.0140625
0 0.4078125 0.53671875 0.00625 0.0109375
0 0.4296875 0.5328125 0.00625 0.009375
0 0.4375 0.58359375 0.03125 0.0359375
0 0.4921875 0.6109375 0.028125 0.05
0 0.57890625 0.5765625 0.0203125 0.028125
0 0.47109375 0.5328125 0.0109375 0.0125
0 0.6828125 0.56640625 0.028125 0.0453125
0 0.76640625 0.66796875 0.0359375 0.0578125
0 0.94375 0.6765625 0.034375 0.059375
0 0.759375 0.58828125 0.01875 0.0296875
0 1.053125 0.5640625 0.046875 0.06875
0 1.17578125 0.41640625 0.0078125 0.0078125
0 1.19453125 0.63125 0.0328125 0.040625
0 1.28359375 0.59296875 0.0078125 0.0109375
0 1.41796875 0.5859375 0.0296875 0.0375
0 1.49296875 0.815625 0.0390625 0.071875
0 1.5625 0.58359375 0.0125 0.0203125
0 1.57890625 0.578125 0.0140625 0.015625
0 1.3 0.62734375 0.0125 0.0203125
0 1.2171875 0.44296875 0.00625 0.0078125
0 0.63671875 1.021875 0.1171875 0.09375
0 0.03828125 0.50390625 0.0078125 0.0109375
0 0.04375 0.52109375 0.009375 0.0140625
0 0.08359375 0.5046875 0.0078125 0.0125
0 0.0921875 0.51953125 0.009375 0.0109375
