0 0.14765625 0.321875 0.0078125 0.009375
0 0.18828125 0.32265625 0.0078125 0.0109375
0 0.21328125 0.321875 0.0078125 0.009375
0 0.24453125 0.3234375 0.0078125 0.009375
0 0.27109375 0.321875 0.0078125 0.009375
0 0.2984375 0.3265625 0.009375 0.009375
0 0.33046875 0.32109375 0.0078125 0.0078125
0 0.359375 0.3265625 0.00625 0.009375
0 0.38671875 0.3296875 0.0078125 0.009375
0 0.403125 0.3734375 0.00625 0.009375
0 0.365625 0.37734375 0.00625 0.0078125
0 0.40078125 0.4046875 0.0078125 0.009375
0 0.3609375 0.40234375 0.0125 0.0140625
0 0.3328125 0.40078125 0.009375 0.0109375
0 0.29765625 0.3984375 0.0078125 0.009375
0 0.2953125 0.3453125 0.00625 0.009375
0 0.2703125 0.36953125 0.009375 0.0109375
0 0.259375 0.3453125 0.009375 0.0125
0 0.2421875 0.36875 0.0125 0.0125
0 0.2265625 0.34765625 0.009375 0.0109375
0 0.2046875 0.36796875 0.009375 0.0109375
0 0.1671875 0.34375 0.009375 0.009375
0 0.10703125 0.3796875 0.0078125 0.0125
0 0.171875 0.425 0.009375 0.0125
0 0.2140625 0.425 0.009375 0.0125
0 0.22578125 0.39765625 0.0078125 0.0109375
0 0.25625 0.4 0.009375 0.009375
0 0.25 0.425 0.00625 0.009375
0 0.19140625 0.3984375 0.0078125 0.009375
0 0.0609375 0.4484375 0.0125 0.0125
0 0.03046875 0.4453125 0.0109375 0.009375
0 0.0203125 0.43046875 0.009375 0.0109375
0 0.0203125 0.478125 0.0125 0.0125
0 0.10703125 0.51640625 0.0140625 0.0171875
0 0.084375 0.4921875 0.009375 0.015625
0 0.1484375 0.496875 0.0125 0.015625
0 0.16796875 0.50625 0.0109375 0.015625
0 0.1796875 0.51015625 0.009375 0.0140625
0 0.2015625 0.52265625 0.009375 0.0140625
0 0.24609375 0.51796875 0.0078125 0.0140625
0 0.27734375 0.525 0.0109375 0.0125
0 0.29375 0.54453125 0.0125 0.0140625
0 0.32109375 0.47109375 0.0109375 0.0140625
0 0.31875 0.4578125 0.009375 0.0125
0 0.28359375 0.46484375 0.0109375 0.0109375
0 0.365625 0.45625 0.009375 0.0125
0 0.3921875 0.47421875 0.009375 0.0140625
0 0.4171875 0.4625 0.009375 0.009375
0 0.37890625 0.4375 0.0078125 0.009375
0 0.34375 0.43515625 0.009375 0.0109375
0 0.1765625 0.45078125 0.009375 0.0109375
0 0.18984375 0.46640625 0.0078125 0.0109375
0 0.14921875 0.45546875 0.0109375 0.0140625
0 0.14140625 0.42734375 0.0109375 0.0109375
0 0.128125 0.396875 0.009375 0.009375
0 0.09765625 0.4 0.0078125 0.009375
0 0.5046875 0.4234375 0.009375 0.0125
0 0.53671875 0.4296875 0.0078125 0.009375
0 0.4953125 0.53125 0.0125 0.015625
0 0.446875 0.32578125 0.009375 0.0078125
0 0.4109375 0.3265625 0.00625 0.00625
0 0.4078125 0.3484375 0.009375 0.009375
0 0.4765625 0.328125 0.00625 0.009375
0 0.5078125 0.32734375 0.00625 0.0078125
0 0.54375 0.321875 0.00625 0.009375
0 0.57578125 0.32265625 0.0078125 0.0109375
0 0.63515625 0.32421875 0.0078125 0.0078125
0 0.66484375 0.33046875 0.0078125 0.0078125
0 0.6984375 0.325 0.009375 0.009375
0 0.728125 0.334375 0.009375 0.009375
0 0.6859375 0.35546875 0.009375 0.0078125
0 0.62109375 0.3625 0.0140625 0.025
0 0.54375 0.40390625 0.009375 0.0109375
0 0.5578125 0.34921875 0.009375 0.0109375
0 0.54375 0.46875 0.009375 0.0125
0 0.5578125 0.45625 0.009375 0.015625
0 0.59453125 0.45546875 0.0109375 0.0109375
0 0.56640625 0.4359375 0.0078125 0.009375
0 0.5765625 0.42734375 0.009375 0.0078125
0 0.6359375 0.459375 0.009375 0.0125
0 0.6328125 0.43359375 0.009375 0.0140625
0 0.671875 0.45859375 0.009375 0.0140625
0 0.70703125 0.459375 0.0140625 0.0125
0 0.746875 0.43828125 0.0125 0.0171875
0 0.7453125 0.40703125 0.009375 0.0109375
0 0.77578125 0.40546875 0.0078125 0.0109375
0 0.7796875 0.3828125 0.009375 0.0125
0 0.70703125 0.409375 0.0109375 0.015625
0 0.48828125 0.4546875 0.0109375 0.0125
0 0.646875 0.396875 0.009375 0.01875
0 0.6421875 0.37890625 0.009375 0.0109375
0 0.61015625 0.4015625 0.0109375 0.015625
0 0.55 0.3953125 0.009375 0.015625
0 0.51875 0.3765625 0.009375 0.0125
0 0.70859375 0.37734375 0.0109375 0.0140625
0 0.67890625 0.378125 0.0078125 0.009375
0 0.80390625 0.41015625 0.0078125 0.0109375
0 0.80625 0.3765625 0.009375 0.0125
0 0.84609375 0.38203125 0.0078125 0.0109375
0 0.87109375 0.38046875 0.0078125 0.0109375
0 0.8625 0.4125 0.00625 0.009375
0 0.83671875 0.41796875 0.0109375 0.0140625
0 0.840625 0.43515625 0.00625 0.0109375
0 0.825 0.46015625 0.009375 0.0109375
0 0.79296875 0.4625 0.0109375 0.0125
0 0.7546875 0.3515625 0.00625 0.009375
0 0.75625 0.33046875 0.009375 0.0109375
0 0.7828125 0.33828125 0.009375 0.0109375
0 0.8109375 0.33984375 0.009375 0.0109375
0 0.7203125 0.3515625 0.009375 0.0125
0 0.78046875 0.35625 0.0109375 0.0125
0 0.8359375 0.328125 0.00625 0.00625
0 0.84765625 0.33984375 0.0078125 0.0109375
0 0.83984375 0.35234375 0.0078125 0.0109375
0 0.86796875 0.35859375 0.0078125 0.0109375
0 0.875 0.3328125 0.009375 0.0125
0 0.90390625 0.3546875 0.0109375 0.009375
0 0.93828125 0.35859375 0.0078125 0.0109375
0 0.9328125 0.3265625 0.009375 0.0125
0 0.96953125 0.33125 0.0078125 0.0125
0 0.971875 0.35546875 0.0125 0.0140625
0 0.99921875 0.33359375 0.0109375 0.0109375
0 1.03046875 0.33515625 0.0078125 0.0109375
0 1.06171875 0.34140625 0.0078125 0.0109375
0 1.0046875 0.36015625 0.00625 0.0078125
0 0.971875 0.4078125 0.009375 0.0125
0 0.940625 0.409375 0.0125 0.0125
0 0.9015625 0.41015625 0.015625 0.0203125
0 0.90390625 0.3765625 0.0140625 0.015625
0 0.86953125 0.43828125 0.0078125 0.0109375
0 0.90625 0.4375 0.009375 0.0125
0 0.93984375 0.4375 0.0109375 0.0125
0 0.97265625 0.4375 0.0140625 0.0125
0 0.9703125 0.46640625 0.009375 0.0140625
0 0.9390625 0.46796875 0.0125 0.0140625
0 0.9015625 0.46640625 0.009375 0.0109375
0 0.865625 0.46484375 0.0125 0.0109375
0 1.01171875 0.4375 0.0078125 0.0125
0 1.01015625 0.40625 0.0109375 0.0125
0 1.03671875 0.378125 0.0109375 0.0125
0 1.0578125 0.37734375 0.009375 0.0140625
0 1.084375 0.38671875 0.009375 0.0109375
0 1.1015625 0.43828125 0.0125 0.0140625
0 1.05546875 0.41328125 0.0078125 0.0109375
0 1.03046875 0.4640625 0.0078125 0.0125
0 1.04453125 0.48046875 0.0109375 0.0140625
0 1.0734375 0.48984375 0.0125 0.0140625
0 1.0875 0.5046875 0.0125 0.0125
0 1.1421875 0.496875 0.0125 0.01875
0 1.1265625 0.4671875 0.0125 0.0125
0 1.08828125 0.4609375 0.0109375 0.0125
0 1.1453125 0.41171875 0.009375 0.0109375
0 1.14140625 0.38671875 0.0078125 0.0109375
0 1.1203125 0.36015625 0.009375 0.0109375
0 1.125 0.334375 0.009375 0.009375
0 1.153125 0.34140625 0.009375 0.0140625
0 1.18046875 0.340625 0.0078125 0.0125
0 1.0984375 0.33203125 0.009375 0.0109375
0 1.1828125 0.4171875 0.009375 0.015625
0 1.2140625 0.4171875 0.009375 0.0125
0 1.24375 0.41953125 0.0125 0.0171875
0 1.1984375 0.390625 0.00625 0.009375
0 1.3 0.39140625 0.009375 0.0109375
0 1.31015625 0.3625 0.0109375 0.0125
0 1.3015625 0.3421875 0.009375 0.009375
0 1.24921875 0.34140625 0.0078125 0.0109375
0 1.21171875 0.33984375 0.0109375 0.0109375
0 1.25390625 0.465625 0.0109375 0.0125
0 1.215625 0.46484375 0.0125 0.0140625
0 1.18046875 0.4578125 0.0109375 0.0125
0 1.14921875 0.4375 0.0109375 0.015625
0 1.16796875 0.4828125 0.0109375 0.015625
0 1.19375 0.49609375 0.0125 0.0140625
0 1.1734375 0.50546875 0.009375 0.0109375
0 1.28984375 0.4734375 0.0109375 0.015625
0 1.3265625 0.4734375 0.0125 0.015625
0 1.3390625 0.34375 0.009375 0.009375
0 1.36640625 0.34375 0.0078125 0.009375
0 1.38046875 0.36640625 0.0109375 0.0109375
0 1.41875 0.3640625 0.009375 0.0125
0 1.3953125 0.390625 0.009375 0.0125
0 1.36015625 0.3953125 0.0078125 0.0125
0 1.32890625 0.3984375 0.0109375 0.009375
0 1.2953125 0.44453125 0.009375 0.0109375
0 1.33125 0.44453125 0.009375 0.0140625
0 1.3640625 0.45234375 0.009375 0.0109375
0 1.40234375 0.44609375 0.0109375 0.0140625
0 1.4203125 0.4234375 0.009375 0.0125
0 1.4640625 0.48515625 0.0125 0.0171875
0 1.471875 0.45390625 0.009375 0.0140625
0 1.4296875 0.45078125 0.009375 0.0109375
0 1.40078125 0.4765625 0.0109375 0.0125
0 1.36953125 0.5 0.0109375 0.015625
0 1.33203125 0.53203125 0.0109375 0.0140625
0 1.3171875 0.5328125 0.009375 0.0125
0 1.353125 0.55 0.0125 0.015625
0 1.25625 0.5390625 0.0125 0.015625
0 1.26875 0.51796875 0.009375 0.0140625
0 1.3015625 0.51171875 0.009375 0.0140625
0 1.20234375 0.5234375 0.0140625 0.015625
0 1.17421875 0.54609375 0.0109375 0.0171875
0 1.16171875 0.5359375 0.0140625 0.015625
0 1.13984375 0.5296875 0.0140625 0.01875
0 1.29375 0.5015625 0.0125 0.015625
0 1.33828125 0.5046875 0.0140625 0.015625
0 1.4375 0.48125 0.009375 0.015625
0 1.40078125 0.52265625 0.0109375 0.0140625
0 1.48125 0.5421875 0.0125 0.015625
0 1.503125 0.4953125 0.0125 0.0125
0 1.565625 0.51796875 0.0125 0.0140625
0 1.5265625 0.534375 0.0125 0.0125
0 1.56328125 0.5375 0.0109375 0.015625
0 1.57265625 0.59375 0.0109375 0.015625
0 1.4609375 0.61953125 0.0125 0.0171875
0 1.434375 0.60703125 0.015625 0.0140625
0 1.44375 0.56640625 0.0125 0.0171875
0 1.40703125 0.57421875 0.0109375 0.0140625
0 1.30546875 0.5765625 0.0140625 0.01875
0 1.3484375 0.58046875 0.0125 0.0203125
0 1.27578125 0.61328125 0.0140625 0.0203125
0 1.334375 0.609375 0.0125 0.021875
0 1.425 0.6328125 0.01875 0.021875
0 1.43515625 0.671875 0.0171875 0.01875
0 1.378125 0.6734375 0.01875 0.021875
0 1.440625 0.703125 0.015625 0.01875
0 1.59140625 0.51015625 0.0171875 0.0234375
0 0.15390625 0.55078125 0.0109375 0.0171875
0 0.184375 0.55390625 0.0125 0.0140625
0 0.1734375 0.57265625 0.0125 0.0140625
0 0.19765625 0.5859375 0.0109375 0.015625
0 0.25859375 0.56640625 0.0109375 0.0171875
0 0.31328125 0.56875 0.0140625 0.015625
0 0.3015625 0.59296875 0.0125 0.0171875
0 0.3453125 0.58046875 0.009375 0.0140625
0 0.36015625 0.56171875 0.0109375 0.0140625
0 0.37578125 0.5546875 0.0140625 0.015625
0 0.3125 0.50625 0.0125 0.015625
0 0.3375 0.53515625 0.0125 0.0140625
0 0.36328125 0.5265625 0.0109375 0.015625
0 0.096875 0.5671875 0.0125 0.015625
0 0.10859375 0.59609375 0.0109375 0.0140625
0 0.12734375 0.615625 0.0109375 0.015625
0 0.1671875 0.6265625 0.0125 0.01875
0 0.04765625 0.5546875 0.0171875 0.01875
0 0.0671875 0.53828125 0.0125 0.0140625
0 0.03515625 0.52421875 0.0109375 0.0140625
0 0.028125 0.60859375 0.0125 0.0171875
0 0.03046875 0.72734375 0.0140625 0.0171875
0 0.22265625 0.8140625 0.0140625 0.021875
0 0.13515625 0.8390625 0.0140625 0.01875
0 0.23828125 0.6921875 0.0171875 0.01875
0 0.346875 0.48203125 0.015625 0.0203125
0 0.70078125 0.43671875 0.0109375 0.0140625
0 0.6703125 0.4328125 0.009375 0.015625
0 1.30859375 0.671875 0.0109375 0.015625
0 1.56953125 0.86875 0.0171875 0.021875
0 1.34921875 0.80859375 0.0140625 0.0234375
0 1.284375 0.7046875 0.0125 0.01875
0 0.321875 0.8296875 0.015625 0.021875
0 1.0328125 0.53515625 0.0125 0.0171875
0 1.01484375 0.49453125 0.0109375 0.0171875
0 1.09921875 0.53125 0.0140625 0.015625
0 1.1453125 0.609375 0.009375 0.015625
0 1.1140625 0.5953125 0.0125 0.015625
0 1.15390625 0.57578125 0.0109375 0.0171875
0 1.153125 0.5546875 0.0125 0.015625
0 1.13203125 0.546875 0.0109375 0.015625
0 1.2203125 0.55390625 0.0125 0.0171875
0 1.2078125 0.60625 0.009375 0.015625
0 1.1953125 0.584375 0.009375 0.0125
0 1.27578125 0.41328125 0.0109375 0.0140625
0 1.2765625 0.36796875 0.009375 0.0140625
0 1.4734375 0.65390625 0.01875 0.0265625
0 1.56796875 0.671875 0.0140625 0.021875
0 1.0734375 0.51796875 0.0125 0.0171875
0 1.11796875 0.51875 0.0109375 0.01875
0 1.43515625 0.509375 0.0109375 0.0125
0 0.4125 0.5109375 0.0125 0.015625
0 0.4046875 0.48984375 0.009375 0.0140625
0 0.10078125 0.628125 0.0140625 0.015625
0 0.12890625 0.653125 0.0171875 0.01875
0 0.178125 0.6734375 0.0125 0.01875
0 0.05859375 0.66015625 0.0140625 0.0234375
0 0.12109375 0.69375 0.0109375 0.015625
0 0.1640625 0.590625 0.0125 0.015625
0 0.2328125 0.721875 0.0125 0.01875
0 1.51796875 0.78828125 0.0140625 0.0203125
0 1.34609375 0.41484375 0.0078125 0.0078125
0 1.3515625 0.36484375 0.009375 0.0140625
0 1.3109375 0.44375 0.009375 0.009375
0 1.35546875 0.48046875 0.0109375 0.0140625
0 1.3796875 0.4125 0.0125 0.015625
0 1.3875 0.60078125 0.0125 0.0140625
0 1.375 0.56875 0.009375 0.0125
0 1.43515625 0.546875 0.0078125 0.0125
0 1.38984375 0.5359375 0.0109375 0.015625
0 1.28671875 0.5953125 0.0140625 0.0125
0 1.540625 0.59453125 0.015625 0.0171875
0 1.55546875 0.56875 0.0140625 0.01875
0 1.53984375 0.56640625 0.0078125 0.0140625
0 1.51171875 0.5546875 0.0140625 0.01875
0 1.25625 0.61640625 0.009375 0.0140625
0 1.2375 0.5359375 0.0125 0.0125
0 1.25859375 0.484375 0.0078125 0.0125
0 0.97421875 0.37734375 0.0078125 0.0078125
0 1.26171875 0.39453125 0.0078125 0.0109375
0 1.253125 0.36171875 0.009375 0.0140625
0 1.23359375 0.44921875 0.0078125 0.0078125
0 1.10703125 0.57265625 0.0078125 0.0140625
0 0.93515625 0.38046875 0.0078125 0.0078125
0 0.80390625 0.43046875 0.0078125 0.0109375
0 0.77109375 0.43515625 0.0078125 0.0109375
0 0.80703125 0.35546875 0.0078125 0.0109375
0 0.81875 0.35859375 0.00625 0.0078125
0 0.5796875 0.40078125 0.009375 0.0109375
0 0.39296875 0.515625 0.0078125 0.0125
0 0.19453125 0.34609375 0.0078125 0.0109375
0 0.31875 0.35234375 0.009375 0.0109375
0 0.3375 0.37265625 0.00625 0.0078125
0 0.134375 0.35 0.009375 0.015625
0 0.3109375 0.425 0.009375 0.0125
0 0.2796875 0.43203125 0.009375 0.0078125
0 0.2484375 0.453125 0.009375 0.0125
0 0.22890625 0.44765625 0.0078125 0.0078125
0 0.21875 0.46015625 0.009375 0.0140625
0 0.10859375 0.46015625 0.0109375 0.0109375
0 0.1140625 0.478125 0.009375 0.009375
0 0.21328125 0.509375 0.0078125 0.0125
0 0.1640625 0.39140625 0.009375 0.0109375
0 0.2796875 0.5828125 0.009375 0.015625
0 0.25234375 0.5828125 0.0140625 0.015625
0 0.3328125 0.596875 0.009375 0.015625
0 0.13984375 0.575 0.0109375 0.0125
0 1.2296875 0.51171875 0.009375 0.0140625
0 1.2203125 0.5125 0.009375 0.015625
0 1.253125 0.58984375 0.0125 0.0109375
0 1.0625 0.55859375 0.015625 0.0140625
0 1.225 0.6125 0.0125 0.015625
0 1.25546875 0.5609375 0.0171875 0.015625
0 1.1703125 0.61171875 0.0125 0.0171875
0 1.2390625 0.65 0.015625 0.01875
0 1.56796875 0.728125 0.0140625 0.021875
0 0.028125 0.8890625 0.015625 0.03125
