0 1.33125 0.7390625 0.125 0.140625
0 1.434375 0.63515625 0.090625 0.1015625
0 1.0828125 0.5234375 0.04375 0.053125
0 0.88359375 0.48671875 0.0546875 0.0578125
0 0.9296875 0.425 0.046875 0.065625
0 0.69765625 0.55703125 0.0671875 0.0828125
0 0.48671875 0.425 0.0546875 0.059375
0 0.55 0.41640625 0.040625 0.0484375
0 0.334375 0.4515625 0.046875 0.053125
0 0.2609375 0.57265625 0.059375 0.0796875
0 0.73203125 0.35390625 0.0484375 0.0609375
0 0.8625 0.41171875 0.0375 0.0609375
0 0.92265625 0.37890625 0.0515625 0.0609375
0 1.23984375 0.39453125 0.0515625 0.0546875
0 1.57734375 0.2109375 0.0328125 0.0375
0 1.21953125 0.25390625 0.0328125 0.0390625
0 1.159375 0.22109375 0.034375 0.0359375
0 1.11171875 0.24921875 0.0296875 0.0328125
0 1.06171875 0.2453125 0.0234375 0.028125
0 0.86171875 0.28125 0.0296875 0.0375
0 0.88671875 0.26640625 0.0265625 0.0328125
0 0.5890625 0.2765625 0.025 0.028125
0 0.59375 0.3203125 0.021875 0.034375
0 0.56328125 0.3578125 0.0328125 0.040625
0 0.52421875 0.378125 0.0296875 0.0375
0 0.5265625 0.28125 0.021875 0.03125
0 0.5546875 0.2625 0.01875 0.021875
0 0.56640625 0.22265625 0.0203125 0.0234375
0 0.4765625 0.26015625 0.021875 0.0265625
0 0.30703125 0.275 0.0265625 0.028125
0 0.2546875 0.2546875 0.01875 0.021875
0 0.3046875 0.24453125 0.021875 0.0265625
0 0.3546875 0.24375 0.009375 0.015625
0 0.38046875 0.28203125 0.0171875 0.0234375
0 0.2875 0.33125 0.028125 0.034375
0 0.37421875 0.32578125 0.0265625 0.0328125
0 0.4125 0.3703125 0.03125 0.0375
0 0.078125 0.38515625 0.0375 0.0453125
