0 0.621875 0.60078125 0.00625 0.0046875
0 0.49296875 0.69609375 0.0078125 0.0109375
0 0.5 0.6453125 0.003125 0.003125
0 0.4921875 0.63125 0.003125 0.003125
0 0.4890625 0.64375 0.003125 0.003125
0 0.51875 0.6140625 0.003125 0.003125
0 0.55234375 0.6140625 0.0046875 0.003125
0 0.5578125 0.59921875 0.003125 0.0046875
0 0.4953125 0.6015625 0.003125 0.003125
0 0.52265625 0.6328125 0.0046875 0.003125
0 0.52265625 0.640625 0.0046875 0.003125
0 0.5671875 0.621875 0.003125 0.003125
0 0.565625 0.6015625 0.003125 0.003125
0 0.553125 0.659375 0.009375 0.009375
0 0.3765625 0.69765625 0.00625 0.0046875
0 0.43359375 0.71328125 0.0046875 0.0046875
0 0.3515625 0.6359375 0.003125 0.003125
0 0.3625 0.65546875 0.00625 0.0046875
0 0.309375 0.665625 0.003125 0.003125
0 0.30859375 0.628125 0.0015625 0.003125
0 0.4375 0.62109375 0.00625 0.0046875
0 0.41484375 0.6203125 0.0015625 0.003125
0 0.4578125 0.68359375 0.00625 0.0046875
0 0.44296875 0.6625 0.0046875 0.003125
0 0.290625 0.68359375 0.00625 0.0046875
0 0.36875 0.72265625 0.009375 0.0046875
0 0.4125 0.70546875 0.00625 0.0046875
0 0.39375 0.71640625 0.0125 0.0109375
0 0.3734375 0.68203125 0.00625 0.0046875
0 0.38515625 0.6890625 0.0046875 0.003125
0 0.44765625 0.63828125 0.0078125 0.0046875
0 0.67265625 0.68515625 0.0078125 0.0046875
0 0.69765625 0.6859375 0.0078125 0.00625
0 0.66953125 0.69453125 0.0109375 0.0109375
0 0.678125 0.60703125 0.00625 0.0046875
0 0.709375 0.70625 0.009375 0.009375
0 0.61171875 0.71953125 0.0078125 0.0078125
0 0.61015625 0.69453125 0.0046875 0.0046875
0 0.8765625 0.77734375 0.00625 0.0046875
0 0.72109375 0.7796875 0.0109375 0.009375
0 0.74296875 0.81328125 0.0078125 0.0046875
0 0.78671875 0.8296875 0.0078125 0.009375
0 0.7296875 0.74765625 0.003125 0.0046875
0 0.6984375 0.7609375 0.00625 0.00625
0 0.72109375 0.82109375 0.0046875 0.0046875
0 0.28046875 0.88046875 0.0140625 0.0140625
0 0.3015625 0.8875 0.009375 0.0125
0 0.28046875 0.84140625 0.0078125 0.0078125
0 0.33203125 0.75546875 0.0078125 0.0046875
0 0.3765625 0.76171875 0.009375 0.0078125
0 0.28203125 0.8125 0.0046875 0.00625
0 0.2828125 0.86328125 0.00625 0.0078125
0 0.296875 0.7515625 0.009375 0.009375
0 0.396875 0.77109375 0.00625 0.0046875
0 0.47421875 0.8453125 0.0046875 0.003125
0 0.440625 0.86796875 0.00625 0.0046875
0 0.46484375 0.8671875 0.0046875 0.003125
0 0.3203125 0.8328125 0.00625 0.009375
0 0.29296875 0.821875 0.0109375 0.009375
0 0.32265625 0.8515625 0.0109375 0.009375
0 0.31171875 0.7359375 0.0046875 0.003125
0 0.103125 0.79140625 0.0125 0.0171875
0 0.35625 0.97890625 0.00625 0.0109375
0 0.3671875 0.9 0.0125 0.009375
0 0.321875 0.98671875 0.0125 0.0109375
0 0.346875 0.9859375 0.0125 0.015625
0 0.05546875 0.975 0.0078125 0.0125
0 0.03359375 0.96015625 0.0140625 0.0109375
0 0.03046875 0.93046875 0.0046875 0.0046875
0 0.021875 0.91171875 0.00625 0.0078125
0 0.0734375 0.92890625 0.0125 0.0109375
0 0.08046875 0.85234375 0.0078125 0.0078125
0 0.28984375 1.0078125 0.0078125 0.0125
0 0.346875 0.96171875 0.009375 0.0109375
0 0.07109375 1.03515625 0.0140625 0.0046875
0 0.0359375 1.028125 0.00625 0.0125
0 0.14765625 1.0265625 0.0078125 0.015625
0 0.52109375 0.73984375 0.0078125 0.0078125
0 0.53984375 0.7234375 0.0109375 0.009375
0 0.44375 0.74375 0.00625 0.00625
0 0.43203125 0.69765625 0.0046875 0.0046875
0 0.47890625 0.96796875 0.0109375 0.0109375
0 0.49296875 0.9390625 0.0078125 0.009375
0 0.5671875 0.934375 0.00625 0.00625
0 0.58125 0.9234375 0.009375 0.0125
0 0.43671875 0.95234375 0.0078125 0.0109375
0 0.46328125 0.95390625 0.0078125 0.0109375
0 0.39296875 0.8984375 0.0078125 0.00625
0 0.421875 0.93828125 0.0125 0.0109375
0 0.45625 0.93671875 0.009375 0.0078125
0 0.56796875 0.9796875 0.0078125 0.009375
0 0.6015625 0.9765625 0.00625 0.009375
0 0.4703125 0.9890625 0.009375 0.0125
0 0.4546875 0.99296875 0.00625 0.0109375
0 0.50546875 0.890625 0.0046875 0.00625
0 0.6140625 0.96015625 0.00625 0.0078125
0 0.3828125 0.95 0.00625 0.009375
0 0.3515625 0.890625 0.003125 0.003125
0 0.48515625 0.86640625 0.0078125 0.0078125
0 0.5296875 0.88359375 0.00625 0.0078125
0 0.50703125 0.94765625 0.0046875 0.0046875
0 0.5234375 0.953125 0.003125 0.003125
0 0.51796875 0.953125 0.0046875 0.003125
0 0.5296875 0.9515625 0.003125 0.003125
0 0.5421875 0.95703125 0.0125 0.0203125
0 0.565625 0.884375 0.00625 0.00625
0 0.63984375 0.8609375 0.0046875 0.003125
0 0.62421875 0.8578125 0.0078125 0.003125
0 0.6421875 0.88125 0.0125 0.0125
0 0.73671875 0.709375 0.0078125 0.0125
0 0.75703125 0.73359375 0.0046875 0.0046875
0 0.75078125 0.7328125 0.0046875 0.003125
0 0.7828125 0.7296875 0.003125 0.003125
0 0.78125 0.74296875 0.003125 0.0046875
0 0.7828125 1.01171875 0.01875 0.0171875
0 0.86484375 0.99609375 0.0140625 0.0140625
0 0.85 1.01328125 0.00625 0.0140625
0 0.7 0.9875 0.009375 0.015625
0 0.6546875 0.98359375 0.009375 0.0109375
0 0.69609375 0.97109375 0.0078125 0.0078125
0 0.83125 0.9765625 0.009375 0.0125
0 0.846875 0.96640625 0.009375 0.0078125
0 0.87109375 0.9546875 0.0078125 0.00625
0 0.74453125 0.971875 0.0109375 0.015625
0 0.7578125 0.96796875 0.00625 0.0046875
0 0.7953125 0.9890625 0.0125 0.0125
0 0.83125 0.96796875 0.00625 0.0046875
0 0.87109375 0.9703125 0.0078125 0.009375
0 0.68359375 0.96796875 0.0046875 0.0046875
0 0.621875 1.01171875 0.00625 0.0140625
0 0.86875 0.946875 0.00625 0.00625
0 0.83046875 0.940625 0.0046875 0.00625
0 0.83515625 0.934375 0.0046875 0.00625
0 0.85078125 0.92890625 0.0046875 0.0078125
0 1.16015625 0.9921875 0.0140625 0.015625
0 1.1 1.0 0.0125 0.015625
0 1.13671875 0.975 0.0109375 0.0125
0 1.0578125 0.9734375 0.009375 0.009375
0 1.04765625 0.95234375 0.0109375 0.0109375
0 1.06484375 0.92421875 0.0078125 0.0109375
0 1.090625 0.93359375 0.00625 0.0046875
0 1.04140625 0.9890625 0.0078125 0.00625
0 1.0296875 1.00546875 0.009375 0.0140625
0 0.9359375 0.98984375 0.0125 0.0109375
0 0.95703125 0.99921875 0.0109375 0.0109375
0 0.95546875 0.9765625 0.0078125 0.0125
0 0.99140625 0.98984375 0.0109375 0.0109375
0 0.9890625 0.96484375 0.0125 0.0140625
0 1.009375 0.971875 0.0125 0.0125
0 1.0125 0.9515625 0.0125 0.0125
0 0.965625 0.94609375 0.0125 0.0109375
0 1.0328125 0.93203125 0.0125 0.0109375
0 1.0296875 0.94453125 0.015625 0.0171875
0 1.02890625 0.9234375 0.0140625 0.015625
0 1.1109375 0.98671875 0.00625 0.0078125
0 1.11640625 0.978125 0.0046875 0.003125
0 1.04609375 1.02109375 0.0109375 0.0109375
0 1.03125 0.97734375 0.009375 0.0078125
0 1.12109375 0.94765625 0.0140625 0.0109375
0 1.43046875 0.88046875 0.0078125 0.0078125
0 1.38671875 0.9734375 0.0140625 0.015625
0 1.3546875 0.9578125 0.0125 0.0125
0 1.37890625 0.95390625 0.0109375 0.0140625
0 1.30234375 0.99609375 0.0109375 0.0109375
0 1.340625 0.9734375 0.0125 0.0125
0 1.36484375 0.97421875 0.0140625 0.0140625
0 1.35703125 0.9421875 0.0140625 0.0125
0 1.25625 0.98359375 0.009375 0.0140625
0 1.490625 0.89921875 0.009375 0.0109375
0 1.5234375 0.88828125 0.009375 0.0140625
0 1.54296875 0.8875 0.0078125 0.00625
0 1.515625 0.91953125 0.00625 0.0078125
0 1.4609375 0.89140625 0.009375 0.0140625
0 1.39140625 0.99921875 0.0109375 0.0171875
0 1.37265625 0.99140625 0.0109375 0.0140625
0 1.45546875 1.003125 0.0140625 0.015625
0 1.40078125 0.95703125 0.0078125 0.0109375
0 1.5375 0.94609375 0.009375 0.0109375
0 1.49765625 0.98828125 0.0109375 0.0078125
0 1.5203125 0.99296875 0.009375 0.0109375
0 1.42265625 1.003125 0.0078125 0.0125
0 1.446875 0.9703125 0.00625 0.00625
0 1.46328125 0.978125 0.0078125 0.00625
0 1.4765625 0.96328125 0.00625 0.0078125
0 1.48203125 0.9859375 0.0109375 0.009375
0 1.54921875 0.9734375 0.0078125 0.009375
0 1.40546875 0.978125 0.0109375 0.015625
0 1.48984375 1.00390625 0.0109375 0.0140625
0 1.43671875 0.99296875 0.0078125 0.0109375
0 1.4421875 0.9890625 0.00625 0.0125
0 1.40859375 0.93203125 0.0046875 0.0046875
0 1.51015625 1.02421875 0.0078125 0.0078125
0 0.89140625 0.98984375 0.0078125 0.0109375
0 0.91796875 0.9953125 0.0109375 0.0125
0 0.90234375 0.98125 0.0078125 0.00625
0 0.8890625 1.01328125 0.00625 0.0140625
0 0.4578125 1.03203125 0.0125 0.0109375
0 0.7890625 0.553125 0.015625 0.01875
0 1.39765625 0.87890625 0.0140625 0.0171875
0 1.34296875 0.853125 0.0140625 0.0125
0 1.2859375 0.92421875 0.009375 0.0109375
0 1.49140625 0.9625 0.0109375 0.0125
0 1.540625 0.8984375 0.00625 0.009375
0 1.528125 0.9046875 0.00625 0.00625
0 1.48046875 0.86328125 0.0078125 0.0109375
0 1.54765625 0.834375 0.0109375 0.009375
0 1.52890625 0.8515625 0.0078125 0.00625
0 1.321875 0.89140625 0.00625 0.0078125
0 1.3171875 0.90234375 0.00625 0.0078125
0 1.33984375 0.90078125 0.0078125 0.0078125
0 1.33984375 0.88671875 0.0078125 0.0078125
0 1.353125 0.8859375 0.009375 0.009375
0 1.35546875 0.86171875 0.0078125 0.0109375
0 1.24296875 0.91796875 0.0109375 0.0109375
0 1.2125 0.94453125 0.009375 0.0109375
0 1.1765625 0.9375 0.015625 0.015625
0 1.21640625 1.02421875 0.0109375 0.0078125
0 1.290625 0.98828125 0.00625 0.0109375
0 1.23515625 0.87109375 0.0078125 0.0078125
0 1.26328125 0.88515625 0.0109375 0.0109375
0 1.27890625 0.8734375 0.0109375 0.0125
0 1.18359375 0.79609375 0.0078125 0.0109375
0 1.50859375 0.78828125 0.0109375 0.0109375
0 1.4921875 0.8078125 0.009375 0.0125
0 1.06328125 0.81015625 0.0078125 0.0109375
0 1.03671875 0.87578125 0.0140625 0.0234375
0 1.125 0.884375 0.0125 0.021875
0 1.1265625 0.9296875 0.0125 0.0125
0 1.14375 0.9390625 0.009375 0.0125
0 1.1796875 0.96796875 0.015625 0.0265625
0 1.0765625 0.9390625 0.009375 0.009375
0 1.059375 0.9375 0.009375 0.015625
0 1.2390625 0.95625 0.009375 0.0125
0 1.24140625 0.9375 0.0109375 0.0125
0 1.2234375 0.9375 0.009375 0.0125
0 1.20234375 0.91640625 0.0078125 0.0078125
0 1.084375 0.86015625 0.009375 0.0109375
0 1.17578125 0.81953125 0.0078125 0.0078125
0 1.0734375 0.81953125 0.00625 0.0078125
0 1.05546875 0.8234375 0.0046875 0.00625
0 0.88359375 0.90078125 0.0109375 0.0109375
0 0.91328125 0.91484375 0.0140625 0.0140625
0 0.88828125 0.92890625 0.0078125 0.0078125
0 0.9328125 0.9140625 0.009375 0.009375
0 1.0421875 0.9015625 0.009375 0.009375
0 0.78828125 0.9171875 0.0078125 0.009375
0 0.70078125 0.92890625 0.0109375 0.0140625
0 0.88671875 0.82578125 0.0109375 0.0171875
0 0.94453125 0.8296875 0.0109375 0.009375
0 1.009375 0.8421875 0.015625 0.01875
0 1.0625 0.8609375 0.0125 0.0125
0 0.884375 0.884375 0.0125 0.0125
0 0.7390625 0.82265625 0.0125 0.0109375
0 0.5984375 1.0078125 0.009375 0.01875
0 0.58125 0.95625 0.009375 0.0125
0 0.40234375 0.98671875 0.0078125 0.0109375
0 0.65390625 0.89921875 0.0109375 0.0109375
0 0.71875 0.84609375 0.00625 0.0140625
0 0.5265625 0.84296875 0.00625 0.0109375
0 0.53359375 0.8984375 0.0109375 0.01875
0 0.596875 0.871875 0.009375 0.009375
0 0.60703125 0.87421875 0.0078125 0.0109375
0 0.5890625 0.8828125 0.009375 0.009375
0 0.49453125 0.8515625 0.0078125 0.009375
0 0.428125 0.84609375 0.0125 0.0140625
0 0.79921875 0.82421875 0.0078125 0.0109375
0 0.81015625 0.8296875 0.0109375 0.009375
0 0.69609375 0.8796875 0.0078125 0.009375
0 0.553125 0.97578125 0.00625 0.0109375
0 0.396875 0.9484375 0.009375 0.009375
0 0.4078125 0.9390625 0.00625 0.009375
0 0.44921875 0.92421875 0.0046875 0.0078125
0 0.46484375 0.9140625 0.0078125 0.009375
0 0.415625 0.87265625 0.009375 0.0109375
0 0.12578125 0.78359375 0.0109375 0.0140625
0 0.128125 0.7171875 0.01875 0.01875
0 0.10625 0.740625 0.009375 0.0125
0 0.225 0.70625 0.009375 0.0125
0 0.25859375 0.7125 0.0078125 0.0125
0 0.28046875 0.71484375 0.0109375 0.0171875
0 0.3015625 0.71171875 0.0125 0.0140625
0 0.34375 0.70390625 0.009375 0.0140625
0 0.296875 0.78359375 0.009375 0.0109375
0 0.29765625 0.80234375 0.0078125 0.0140625
0 0.30625 0.8046875 0.009375 0.01875
0 0.303125 0.8390625 0.009375 0.0125
0 0.3015625 0.8578125 0.009375 0.015625
0 0.29609375 0.8734375 0.0078125 0.009375
0 0.3234375 0.896875 0.0125 0.009375
0 0.1078125 0.70234375 0.0125 0.0140625
0 0.12578125 0.684375 0.0046875 0.00625
0 0.228125 0.68828125 0.0125 0.0140625
0 0.2125 0.70859375 0.009375 0.0140625
0 0.1984375 0.703125 0.009375 0.009375
0 0.0796875 0.79453125 0.009375 0.0109375
0 0.13515625 0.81796875 0.0171875 0.0171875
0 0.328125 0.67265625 0.009375 0.0171875
0 0.34453125 0.6671875 0.0109375 0.009375
0 0.28984375 0.659375 0.0109375 0.009375
0 0.30703125 0.65078125 0.0078125 0.0078125
0 0.3234375 0.62734375 0.009375 0.0140625
0 0.44609375 0.6765625 0.0109375 0.009375
0 0.46875 0.69453125 0.009375 0.0078125
0 0.465625 0.7765625 0.009375 0.0125
0 0.4265625 0.7640625 0.0125 0.0125
0 0.36640625 0.74375 0.0109375 0.00625
0 0.4859375 0.65 0.00625 0.00625
0 0.534375 0.66328125 0.00625 0.0078125
0 0.525 0.68984375 0.009375 0.0078125
0 0.52421875 0.703125 0.0078125 0.009375
0 0.42578125 0.64609375 0.0078125 0.0078125
0 0.809375 0.734375 0.0125 0.015625
0 0.82109375 0.72109375 0.0109375 0.0109375
0 0.759375 0.740625 0.00625 0.009375
0 0.67109375 0.66328125 0.0140625 0.0140625
0 0.69140625 0.64609375 0.0109375 0.0140625
0 0.65625 0.6796875 0.009375 0.009375
0 0.640625 0.703125 0.009375 0.009375
0 0.63125 0.74453125 0.0125 0.0109375
0 0.65859375 0.76640625 0.0078125 0.0109375
0 0.70390625 0.7453125 0.0140625 0.0125
0 0.72421875 0.73671875 0.0078125 0.0078125
0 0.73828125 0.73046875 0.0078125 0.0078125
0 0.7171875 0.75078125 0.009375 0.0140625
0 0.61484375 0.653125 0.0140625 0.015625
0 0.575 0.66171875 0.0125 0.0140625
0 0.5921875 0.63984375 0.009375 0.0109375
0 0.56328125 0.63671875 0.0078125 0.0078125
0 0.640625 0.59375 0.009375 0.00625
0 0.66171875 0.59609375 0.0078125 0.0078125
0 0.54140625 0.65078125 0.0078125 0.0109375
0 0.5421875 0.68359375 0.009375 0.0078125
0 0.559375 0.69921875 0.009375 0.0140625
0 0.54765625 0.7734375 0.0078125 0.009375
0 0.5890625 0.615625 0.009375 0.0125
0 0.79609375 0.68984375 0.0046875 0.0078125
0 0.821875 0.67734375 0.00625 0.0078125
0 0.64765625 0.61953125 0.0078125 0.0109375
0 0.58359375 0.5875 0.0109375 0.009375
0 0.521875 0.6 0.009375 0.009375
0 0.50859375 0.59921875 0.0078125 0.0109375
0 0.5109375 0.62890625 0.009375 0.0109375
0 0.49140625 0.61328125 0.0078125 0.0078125
0 0.478125 0.6390625 0.00625 0.009375
0 0.746875 0.70703125 0.009375 0.0140625
0 0.753125 0.67421875 0.00625 0.0046875
0 0.74453125 0.6734375 0.0046875 0.00625
0 0.6953125 0.6625 0.00625 0.00625
0 0.64765625 0.64921875 0.0078125 0.0078125
0 0.621875 0.59140625 0.00625 0.0078125
0 0.68828125 0.6140625 0.0078125 0.00625
0 0.6953125 0.621875 0.00625 0.00625
0 0.55859375 0.671875 0.0046875 0.00625
0 0.57421875 0.68203125 0.0078125 0.0078125
0 0.59609375 0.6640625 0.0078125 0.009375
0 0.60390625 0.69609375 0.0078125 0.0109375
0 0.62421875 0.6984375 0.0078125 0.015625
0 0.6171875 0.63828125 0.00625 0.0078125
0 0.63359375 0.62578125 0.0078125 0.0078125
0 0.6203125 0.6703125 0.009375 0.009375
0 0.5546875 0.5796875 0.009375 0.009375
0 0.61015625 0.58515625 0.0078125 0.0109375
0 0.52890625 0.6359375 0.0046875 0.009375
0 1.54453125 0.896875 0.0046875 0.009375
0 1.021875 0.97421875 0.00625 0.0078125
0 1.1328125 0.94765625 0.009375 0.0140625
0 0.64140625 0.959375 0.0078125 0.009375
0 0.65234375 1.00859375 0.0078125 0.0078125
0 1.19453125 0.98359375 0.0109375 0.0140625
0 0.76484375 0.96015625 0.0078125 0.0078125
0 0.8578125 0.9734375 0.00625 0.009375
0 0.84453125 0.9265625 0.0046875 0.00625
0 0.83515625 0.92734375 0.0046875 0.0046875
0 0.49453125 0.78125 0.0140625 0.01875
0 0.67578125 0.71953125 0.0109375 0.0109375
0 0.65234375 0.71796875 0.0109375 0.0109375
0 0.675 0.73828125 0.009375 0.0078125
0 0.77890625 0.70859375 0.0171875 0.0140625
0 0.8015625 0.70703125 0.01875 0.0109375
0 0.6578125 0.734375 0.009375 0.015625
0 0.553125 0.728125 0.009375 0.009375
0 0.58046875 0.7 0.0078125 0.009375
0 0.51953125 0.69765625 0.0078125 0.0078125
0 0.52890625 0.659375 0.0078125 0.00625
