0 1.55234375 0.82109375 0.0953125 0.1515625
0 1.4515625 0.75546875 0.053125 0.0796875
0 1.2859375 0.70234375 0.08125 0.1078125
0 1.24453125 0.65234375 0.0671875 0.0859375
0 1.1828125 0.89921875 0.115625 0.1265625
0 1.325 0.9921875 0.14375 0.134375
0 1.00625 0.95 0.134375 0.184375
0 1.153125 0.4796875 0.0375 0.04375
0 1.11484375 0.44921875 0.0296875 0.0421875
0 1.01484375 0.4109375 0.0234375 0.03125
0 1.04921875 0.4921875 0.0328125 0.0375
0 0.92578125 0.43515625 0.0265625 0.0296875
0 1.12421875 0.3359375 0.0203125 0.028125
0 1.16328125 0.38359375 0.0265625 0.0328125
0 0.6578125 0.5734375 0.05625 0.06875
0 0.6421875 0.67734375 0.059375 0.0703125
0 0.47421875 0.83203125 0.0984375 0.1328125
0 0.4390625 0.7375 0.08125 0.0875
0 0.6421875 0.9328125 0.134375 0.153125
0 0.8140625 0.98671875 0.09375 0.1328125
0 0.2421875 0.93046875 0.140625 0.1609375
0 0.02890625 0.79921875 0.0578125 0.1515625
0 0.10546875 0.62734375 0.0453125 0.0578125
0 0.12578125 0.553125 0.0421875 0.046875
0 0.67265625 0.4125 0.0203125 0.025
0 0.753125 0.375 0.015625 0.01875
0 0.69296875 0.36328125 0.0171875 0.0234375
0 1.07890625 0.45078125 0.0203125 0.0328125
0 0.1125 0.415625 0.025 0.034375
