0 0.0515625 0.66875 0.0125 0.0125
0 0.26328125 0.596875 0.0203125 0.025
0 0.35 0.609375 0.034375 0.034375
0 0.428125 0.61328125 0.021875 0.0265625
0 0.37890625 0.6203125 0.0203125 0.025
0 1.1046875 0.78359375 0.01875 0.0171875
0 1.25234375 0.76484375 0.0203125 0.0265625
0 1.24921875 0.640625 0.0203125 0.021875
0 1.3171875 0.61484375 0.0125 0.0140625
0 1.43046875 0.66328125 0.0140625 0.0265625
0 1.4859375 0.6328125 0.0125 0.015625
0 1.52109375 0.6328125 0.0109375 0.015625
0 1.56875 0.6484375 0.0125 0.021875
0 1.4953125 0.7609375 0.015625 0.01875
0 1.5484375 0.784375 0.015625 0.01875
0 1.521875 0.759375 0.015625 0.01875
0 1.58046875 0.76015625 0.0171875 0.0234375
0 1.43046875 0.62890625 0.0109375 0.0203125
0 1.59296875 0.64453125 0.0109375 0.0234375
0 0.13671875 0.62890625 0.0046875 0.0078125
0 1.3375 0.63671875 0.009375 0.0171875
0 1.2796875 0.6328125 0.015625 0.01875
0 1.2203125 0.6359375 0.015625 0.015625
0 1.553125 0.665625 0.0125 0.021875
0 1.5421875 0.66015625 0.0125 0.0234375
