0 0.53125 0.35859375 0.046875 0.0546875
0 0.49296875 0.36015625 0.0234375 0.0328125
0 0.7 0.34921875 0.028125 0.0359375
0 0.5921875 0.31640625 0.01875 0.0234375
0 0.740625 0.25078125 0.0125 0.0140625
0 0.71015625 0.2875 0.0140625 0.015625
0 0.7421875 0.309375 0.025 0.021875
0 0.7734375 0.28828125 0.015625 0.0203125
0 0.76171875 0.3578125 0.0296875 0.0375
0 0.91328125 0.29765625 0.0171875 0.0140625
0 0.975 0.28984375 0.015625 0.0171875
0 1.03984375 0.309375 0.0171875 0.021875
0 1.003125 0.29375 0.015625 0.015625
0 1.01796875 0.27734375 0.0109375 0.0140625
0 1.071875 0.2875 0.015625 0.015625
0 1.11796875 0.28828125 0.0171875 0.0140625
0 1.096875 0.3265625 0.0125 0.015625
0 1.1703125 0.32109375 0.009375 0.0140625
0 1.26484375 0.29375 0.0140625 0.01875
0 1.28984375 0.290625 0.0171875 0.01875
0 1.34453125 0.2859375 0.0140625 0.015625
0 1.3546875 0.30703125 0.015625 0.0171875
0 1.38671875 0.29140625 0.0171875 0.0171875
0 1.4515625 0.28125 0.01875 0.015625
0 0.61328125 0.2984375 0.0203125 0.021875
0 1.13359375 0.41796875 0.0140625 0.0515625
0 0.8734375 0.38671875 0.021875 0.0796875
