0 1.084375 0.85 0.05 0.05625
0 1.4453125 0.696875 0.0125 0.01875
0 1.346875 0.68984375 0.0125 0.0171875
0 1.30625 0.703125 0.01875 0.021875
0 1.18359375 0.68515625 0.0140625 0.0171875
0 1.140625 0.69453125 0.01875 0.0203125
0 1.115625 0.65390625 0.0125 0.0171875
0 1.078125 0.66875 0.015625 0.01875
0 1.04375 0.64453125 0.0125 0.0140625
0 1.084375 0.64453125 0.009375 0.0109375
0 1.1328125 0.65234375 0.0125 0.0140625
0 1.284375 0.665625 0.009375 0.0125
0 1.56015625 0.790625 0.0296875 0.03125
0 1.24296875 0.675 0.0109375 0.0125
0 1.5 0.67421875 0.009375 0.0140625
0 1.41875 0.68828125 0.009375 0.0140625
0 0.97421875 0.6390625 0.0171875 0.021875
0 0.921875 0.6453125 0.015625 0.01875
0 0.80859375 0.659375 0.0265625 0.03125
0 0.853125 0.6421875 0.01875 0.021875
0 0.69765625 0.6625 0.0234375 0.028125
0 0.74140625 0.61328125 0.0109375 0.0140625
0 0.71015625 0.60859375 0.0109375 0.0140625
0 0.66953125 0.60390625 0.0109375 0.0140625
0 0.64140625 0.6203125 0.0140625 0.015625
0 1.02265625 0.6515625 0.0109375 0.015625
0 0.30546875 0.625 0.0203125 0.021875
0 0.5140625 0.646875 0.021875 0.025
0 0.55546875 0.615625 0.0140625 0.01875
0 0.01875 0.58515625 0.015625 0.0203125
0 0.41484375 0.584375 0.0109375 0.015625
0 0.796875 0.63359375 0.021875 0.0234375
0 0.8890625 0.63203125 0.0125 0.0140625
