0 1.5125 0.51484375 0.05 0.0609375
0 1.27265625 0.50234375 0.0453125 0.0609375
0 1.0875 0.4640625 0.04375 0.059375
0 0.98203125 0.5453125 0.0484375 0.05625
0 0.73515625 0.4765625 0.0328125 0.04375
0 0.48515625 0.415625 0.0328125 0.046875
0 1.55859375 0.34921875 0.0234375 0.0296875
0 1.48203125 0.340625 0.0171875 0.025
0 1.4078125 0.33046875 0.01875 0.0265625
0 1.31796875 0.3109375 0.0234375 0.028125
0 1.24765625 0.42421875 0.0328125 0.0421875
0 0.93671875 0.45625 0.0359375 0.046875
0 0.35 0.25859375 0.01875 0.0234375
0 0.30078125 0.20078125 0.0171875 0.0203125
0 0.1421875 0.21640625 0.015625 0.0171875
0 0.11171875 0.2171875 0.0171875 0.01875
0 0.11875 0.31015625 0.021875 0.0203125
0 1.04296875 0.4578125 0.0328125 0.04375
0 1.55625 0.409375 0.040625 0.053125
