0 0.30234375 0.3796875 0.0328125 0.05625
0 0.54453125 0.5078125 0.0734375 0.10625
0 0.65390625 0.36875 0.0234375 0.0375
0 0.75234375 0.365625 0.0203125 0.03125
0 0.36171875 0.359375 0.0234375 0.025
0 0.33671875 0.35234375 0.0171875 0.0203125
0 0.43046875 0.3640625 0.0171875 0.03125
0 1.23046875 0.41328125 0.0296875 0.0390625
0 0.9875 0.39140625 0.028125 0.0390625
0 1.12890625 0.40703125 0.0234375 0.0359375
0 1.31875 0.425 0.015625 0.03125
0 1.28203125 0.415625 0.0234375 0.028125
0 1.05625 0.4046875 0.01875 0.025
0 0.896875 0.36484375 0.01875 0.0328125
0 0.95390625 0.41640625 0.0171875 0.0296875
0 0.8515625 0.3734375 0.01875 0.025
0 0.48359375 0.36484375 0.0171875 0.0265625
0 0.2546875 0.34140625 0.01875 0.0234375
0 1.55859375 0.41796875 0.0203125 0.0296875
0 1.37421875 0.421875 0.0203125 0.021875
0 0.66171875 0.3828125 0.0140625 0.0125
0 0.91328125 0.38671875 0.0203125 0.0265625
0 0.58359375 0.36328125 0.0109375 0.0140625
0 0.61015625 0.37109375 0.0078125 0.0140625
0 0.69140625 0.38515625 0.0140625 0.0171875
0 0.03125 0.37109375 0.0125 0.0203125
0 1.19921875 0.42265625 0.0171875 0.0296875
0 1.40390625 0.41875 0.0140625 0.021875
0 0.73515625 0.38828125 0.0203125 0.0265625
0 0.83125 0.37109375 0.01875 0.0234375
0 0.56484375 0.3734375 0.0109375 0.0125
0 0.53828125 0.38359375 0.0234375 0.0359375
