0 0.0125 0.27734375 0.025 0.0421875
0 0.0078125 0.24296875 0.015625 0.0203125
0 0.084375 0.26484375 0.025 0.0359375
0 0.08125 0.2296875 0.025 0.028125
0 0.1578125 0.28046875 0.03125 0.0453125
0 0.1453125 0.25078125 0.025 0.0359375
0 0.21875 0.246875 0.021875 0.03125
0 0.2078125 0.234375 0.028125 0.025
0 0.30546875 0.21171875 0.0265625 0.0390625
0 0.33359375 0.22578125 0.0234375 0.0296875
0 0.371875 0.23046875 0.025 0.0390625
0 0.403125 0.21484375 0.025 0.0328125
0 0.4421875 0.23984375 0.025 0.0328125
0 0.48125 0.209375 0.025 0.03125
0 0.53359375 0.278125 0.0671875 0.090625
0 0.75 0.33046875 0.071875 0.0828125
0 0.91015625 0.2046875 0.0265625 0.034375
0 0.88046875 0.20625 0.0171875 0.021875
0 0.96796875 0.21875 0.0234375 0.028125
0 1.0203125 0.203125 0.03125 0.040625
0 1.12109375 0.23046875 0.0265625 0.0359375
0 1.0796875 0.33515625 0.06875 0.0984375
0 1.1984375 0.19375 0.040625 0.059375
0 1.28515625 0.2015625 0.0296875 0.0375
0 1.34765625 0.22109375 0.0296875 0.0359375
0 1.39140625 0.22421875 0.0296875 0.0421875
0 1.3765625 0.19140625 0.021875 0.0296875
0 1.478125 0.24921875 0.040625 0.0828125
0 1.55546875 0.20390625 0.0421875 0.0546875
0 1.51875 0.2078125 0.034375 0.040625
0 1.57421875 0.21796875 0.0359375 0.0515625
0 1.58125 0.26328125 0.034375 0.0828125
