0 0.3484375 0.4296875 0.078125 0.103125
0 0.146875 0.4765625 0.071875 0.090625
0 0.06015625 0.36171875 0.0640625 0.0703125
0 0.22890625 0.41640625 0.0453125 0.0578125
0 0.18125 0.40390625 0.034375 0.0546875
0 0.4328125 0.3984375 0.040625 0.0625
0 0.55546875 0.43828125 0.0578125 0.0859375
0 0.25390625 0.48671875 0.0515625 0.0703125
0 0.7296875 0.49921875 0.0875 0.1171875
0 0.871875 0.57421875 0.059375 0.0921875
0 0.928125 0.496875 0.046875 0.06875
0 0.88671875 0.51875 0.0296875 0.040625
0 0.99453125 0.53828125 0.0484375 0.0609375
0 1.040625 0.57578125 0.046875 0.0734375
0 1.11328125 0.46640625 0.1890625 0.2421875
0 1.503125 0.59765625 0.15 0.1734375
0 1.39609375 0.5296875 0.0953125 0.090625
0 1.31484375 0.50546875 0.0484375 0.0515625
0 1.271875 0.5328125 0.03125 0.03125
0 1.33046875 0.578125 0.0546875 0.0625
0 1.26171875 0.58984375 0.0671875 0.0859375
