0 0.6328125 0.76640625 0.034375 0.0484375
0 0.88515625 0.7546875 0.0390625 0.05
0 0.93046875 0.74921875 0.0296875 0.0359375
0 0.57578125 0.75859375 0.0359375 0.0390625
0 0.528125 0.76875 0.03125 0.034375
0 0.41328125 0.7515625 0.0390625 0.04375
0 0.30234375 0.7078125 0.0796875 0.06875
0 0.11953125 0.72421875 0.0390625 0.0390625
0 0.1578125 0.70859375 0.03125 0.0359375
0 0.0375 0.66875 0.059375 0.06875
0 0.640625 0.728125 0.034375 0.034375
0 0.57890625 0.7328125 0.0265625 0.040625
0 0.4984375 0.73515625 0.015625 0.0203125
0 0.45234375 0.74609375 0.0265625 0.0359375
0 0.34140625 0.5703125 0.0171875 0.025
0 0.26015625 0.56875 0.0203125 0.025
0 1.24375 0.778125 0.04375 0.040625
0 1.3203125 0.78984375 0.04375 0.0421875
0 1.465625 0.771875 0.05625 0.059375
0 1.16171875 0.76875 0.0359375 0.040625
0 1.25390625 0.73828125 0.0328125 0.0359375
0 1.2828125 0.76171875 0.034375 0.0359375
0 1.19140625 0.775 0.0234375 0.025
0 1.20078125 0.74453125 0.0265625 0.0328125
0 1.38046875 0.76015625 0.0421875 0.0421875
0 0.03515625 0.62265625 0.0484375 0.0546875
0 0.69765625 0.7375 0.0234375 0.03125
