0 0.05078125 0.21015625 0.0109375 0.0109375
0 0.0703125 0.190625 0.009375 0.009375
0 0.1234375 0.196875 0.009375 0.009375
0 0.1546875 0.184375 0.009375 0.0125
0 0.08828125 0.18203125 0.0078125 0.0109375
0 0.2234375 0.18671875 0.00625 0.0078125
0 0.2421875 0.18515625 0.00625 0.0109375
0 0.2734375 0.18671875 0.00625 0.0109375
0 0.30234375 0.190625 0.0078125 0.009375
0 0.35078125 0.1921875 0.0078125 0.0125
0 0.29375 0.246875 0.00625 0.009375
0 0.4390625 0.175 0.009375 0.009375
0 0.4921875 0.17890625 0.00625 0.0078125
0 0.50234375 0.175 0.0046875 0.00625
0 0.52734375 0.19765625 0.0046875 0.0078125
0 0.515625 0.196875 0.00625 0.00625
0 0.61328125 0.184375 0.0046875 0.00625
0 0.7328125 0.20625 0.00625 0.009375
0 0.81328125 0.20078125 0.0078125 0.0109375
0 0.2640625 0.34765625 0.03125 0.0515625
0 0.52578125 0.3171875 0.0359375 0.053125
0 0.69375 0.32109375 0.034375 0.0515625
0 0.83203125 0.32265625 0.0328125 0.0515625
0 0.8875 0.31796875 0.03125 0.0421875
0 0.975 0.328125 0.040625 0.046875
0 1.15234375 0.31953125 0.0421875 0.0453125
0 1.32421875 0.34765625 0.0359375 0.0515625
0 0.6859375 0.284375 0.03125 0.040625
0 0.13828125 0.16953125 0.0078125 0.0109375
0 0.19140625 0.17890625 0.0078125 0.0109375
0 0.17890625 0.18671875 0.0078125 0.0109375
0 0.13125 0.184375 0.009375 0.0125
0 0.3140625 0.18671875 0.00625 0.0109375
0 0.3390625 0.18046875 0.00625 0.0078125
0 0.55859375 0.1890625 0.0046875 0.00625
