0 0.00703125 0.5171875 0.0140625 0.01875
0 0.06171875 0.55234375 0.0203125 0.0203125
0 0.14609375 0.72734375 0.0234375 0.0453125
0 0.08671875 0.5125 0.0140625 0.01875
0 0.0375 0.475 0.009375 0.0125
0 0.1203125 0.53515625 0.01875 0.0203125
0 0.075 0.46953125 0.0125 0.0109375
0 0.096875 0.46796875 0.0125 0.0140625
0 0.1078125 0.50859375 0.0125 0.0109375
0 0.1875 0.5875 0.025 0.025
0 0.1953125 0.54765625 0.021875 0.0203125
0 0.2265625 0.54453125 0.01875 0.0234375
0 0.18046875 0.51640625 0.0140625 0.0203125
0 0.175 0.49375 0.01875 0.021875
0 0.27265625 0.5796875 0.0203125 0.021875
0 0.3046875 0.59609375 0.01875 0.0234375
0 0.29921875 0.746875 0.0359375 0.053125
0 0.31484375 0.6625 0.0265625 0.034375
0 0.33671875 0.64765625 0.0234375 0.0296875
0 0.2390625 0.51484375 0.0125 0.0171875
0 0.115625 0.4828125 0.009375 0.0125
0 0.2375 0.46953125 0.0125 0.0140625
0 0.29140625 0.465625 0.0140625 0.015625
0 0.303125 0.5203125 0.015625 0.021875
0 0.4390625 0.56640625 0.01875 0.0203125
0 0.37265625 0.5296875 0.0140625 0.01875
0 0.571875 0.4859375 0.015625 0.015625
0 0.47109375 0.47890625 0.0140625 0.0140625
0 0.48515625 0.4828125 0.0140625 0.0125
0 0.62734375 0.4734375 0.0109375 0.0125
0 0.821875 0.5859375 0.015625 0.01875
0 0.74453125 0.571875 0.0109375 0.021875
0 0.59296875 0.490625 0.0109375 0.0125
0 0.8140625 0.646875 0.015625 0.021875
0 0.5859375 0.4609375 0.0125 0.0125
0 0.61484375 0.45859375 0.0109375 0.0109375
0 0.8 0.4609375 0.00625 0.009375
0 0.62734375 0.809375 0.0453125 0.046875
0 0.89296875 0.51484375 0.0171875 0.0203125
0 0.88203125 0.60234375 0.0234375 0.0265625
0 0.909375 0.5109375 0.0125 0.015625
0 0.94140625 0.52265625 0.0109375 0.0203125
0 0.9625 0.53203125 0.015625 0.0203125
0 1.0140625 0.50859375 0.015625 0.0171875
0 1.00546875 0.53671875 0.0109375 0.0171875
0 1.053125 0.48828125 0.009375 0.0140625
0 1.0859375 0.5171875 0.015625 0.0125
0 1.07421875 0.5421875 0.0203125 0.01875
0 1.14375 0.54609375 0.015625 0.0171875
0 1.22265625 0.49375 0.0140625 0.0125
0 1.30390625 0.4796875 0.0109375 0.0125
0 1.35 0.47578125 0.0125 0.0140625
0 1.3609375 0.54296875 0.021875 0.0296875
0 1.4171875 0.4828125 0.015625 0.015625
0 1.58515625 0.540625 0.0265625 0.034375
0 1.48046875 0.5 0.0140625 0.015625
