0 1.48984375 1.853125 0.2171875 0.275
0 1.453125 1.49609375 0.04375 0.0515625
0 0.71484375 2.253125 0.3203125 0.328125
0 0.990625 1.7328125 0.06875 0.1125
0 0.3484375 2.2890625 0.059375 0.065625
0 0.43671875 1.84921875 0.2578125 0.3671875
0 0.05 1.97578125 0.059375 0.0890625
0 0.765625 1.621875 0.053125 0.059375
0 1.22421875 1.2609375 0.1328125 0.175
0 1.12734375 1.1578125 0.1078125 0.146875
0 0.8859375 1.15546875 0.0625 0.1109375
0 0.7390625 0.98125 0.046875 0.059375
0 0.3953125 1.31015625 0.165625 0.1921875
0 0.0484375 0.96328125 0.096875 0.2078125
0 1.24765625 1.0109375 0.1046875 0.153125
0 1.10390625 0.71875 0.1203125 0.1375
0 1.20078125 0.7515625 0.0859375 0.11875
0 1.3171875 0.68359375 0.075 0.1078125
0 1.54296875 0.6546875 0.0640625 0.084375
0 1.58125 0.5984375 0.034375 0.090625
0 0.75859375 0.840625 0.0890625 0.09375
0 0.8953125 0.753125 0.09375 0.115625
0 0.5421875 0.75078125 0.09375 0.1140625
0 0.30546875 0.61328125 0.0421875 0.0671875
0 0.19453125 0.52578125 0.0265625 0.0296875
0 0.70625 0.625 0.078125 0.109375
0 0.51796875 0.6375 0.0796875 0.090625
0 0.58359375 0.565625 0.0515625 0.075
0 0.46640625 0.72109375 0.0453125 0.0953125
0 1.04140625 0.65078125 0.0953125 0.1078125
0 0.81796875 0.58203125 0.0578125 0.0703125
0 0.49375 0.46015625 0.065625 0.0671875
0 0.43046875 0.4921875 0.0578125 0.0625
0 0.5171875 0.53359375 0.046875 0.0421875
0 0.1375 0.37890625 0.05 0.0703125
0 0.08828125 0.4125 0.0609375 0.08125
0 0.23671875 0.41796875 0.0515625 0.0359375
0 0.025 0.34765625 0.05 0.0671875
0 1.50625 0.36328125 0.046875 0.0609375
0 1.42109375 0.4015625 0.0421875 0.046875
0 1.36171875 0.46796875 0.0765625 0.0921875
0 1.44609375 0.4734375 0.0578125 0.065625
0 1.5796875 0.33203125 0.0375 0.0515625
0 1.56796875 0.27734375 0.0328125 0.0421875
0 1.58671875 0.23125 0.0265625 0.053125
0 1.53671875 0.4171875 0.0359375 0.053125
0 0.92109375 0.63359375 0.0765625 0.0828125
0 0.09296875 0.20234375 0.0390625 0.0484375
0 0.225 0.24375 0.040625 0.04375
0 0.1609375 0.23984375 0.034375 0.0390625
0 0.14609375 0.29453125 0.0421875 0.0390625
0 0.30703125 0.3 0.0421875 0.046875
0 0.36015625 0.303125 0.0390625 0.0375
0 0.45859375 0.27734375 0.0359375 0.0390625
0 0.41328125 0.29375 0.0296875 0.03125
0 0.371875 0.21484375 0.028125 0.0390625
0 0.29296875 0.22265625 0.0265625 0.0359375
0 0.16875 0.16484375 0.028125 0.0390625
0 0.24375 0.196875 0.021875 0.025
0 0.32109375 0.37890625 0.0390625 0.0453125
0 1.08828125 0.55 0.0703125 0.08125
0 0.03125 1.353125 0.0625 0.125
0 1.36171875 2.196875 0.0515625 0.065625
