0 1.30703125 0.62578125 0.1046875 0.1390625
0 1.44296875 0.58984375 0.0703125 0.0953125
0 0.96328125 0.49765625 0.1109375 0.1359375
0 0.66953125 0.66171875 0.1234375 0.1265625
0 0.53203125 0.5375 0.0859375 0.1
0 0.73125 0.446875 0.25 0.23125
0 0.29765625 0.4171875 0.0765625 0.0875
0 0.40625 0.82734375 0.1375 0.1359375
0 0.121875 0.78125 0.11875 0.1125
0 0.021875 0.59765625 0.04375 0.0890625
0 0.01328125 0.49296875 0.0265625 0.0484375
0 0.053125 0.31953125 0.059375 0.0734375
0 0.01171875 0.321875 0.0234375 0.059375
0 0.3296875 0.2734375 0.059375 0.06875
0 0.51796875 0.28125 0.0671875 0.075
0 0.01484375 0.2171875 0.0296875 0.040625
0 0.1203125 0.17578125 0.021875 0.0234375
0 0.4734375 0.121875 0.053125 0.053125
0 0.303125 0.096875 0.046875 0.05
0 0.421875 0.09296875 0.046875 0.0515625
0 0.13046875 0.1109375 0.0578125 0.059375
0 1.13203125 0.34921875 0.0921875 0.1046875
0 1.32109375 0.31015625 0.0609375 0.0828125
0 0.9734375 0.25 0.075 0.084375
0 1.471875 0.18203125 0.06875 0.0859375
0 1.46796875 0.3265625 0.0703125 0.09375
0 1.271875 0.103125 0.053125 0.06875
0 1.04296875 0.0703125 0.0671875 0.075
0 0.87890625 0.09453125 0.0515625 0.0671875
0 0.815625 0.1515625 0.065625 0.071875
0 0.64375 0.18671875 0.059375 0.0609375
0 0.7359375 0.06171875 0.046875 0.0546875
0 0.875 0.0359375 0.04375 0.040625
0 0.43828125 0.0203125 0.0390625 0.040625
0 0.390625 0.02734375 0.03125 0.0390625
0 0.29453125 0.0484375 0.0421875 0.04375
0 0.1953125 0.04921875 0.034375 0.0421875
0 0.31328125 0.0078125 0.0265625 0.015625
0 0.0125 0.03359375 0.015625 0.0234375
0 0.0828125 0.153125 0.03125 0.028125
