0 0.0828125 0.4125 0.071875 0.071875
0 0.2203125 0.3671875 0.0625 0.065625
0 0.29140625 0.40859375 0.0640625 0.0796875
0 0.3796875 0.3890625 0.05 0.059375
0 0.47265625 0.43515625 0.0703125 0.0734375
0 0.71640625 0.25546875 0.0078125 0.0109375
0 0.75859375 0.25234375 0.0078125 0.0078125
0 0.79921875 0.25234375 0.0078125 0.0109375
0 1.0734375 0.2421875 0.00625 0.0125
0 1.10078125 0.25078125 0.0078125 0.0109375
0 1.1140625 0.24921875 0.00625 0.0078125
0 1.1265625 0.25859375 0.00625 0.0140625
0 1.13984375 0.26015625 0.0078125 0.0109375
0 1.15859375 0.259375 0.0078125 0.0125
0 1.18046875 0.2578125 0.0078125 0.0125
0 1.22734375 0.25703125 0.0078125 0.0109375
0 1.2578125 0.26015625 0.009375 0.0109375
0 1.27890625 0.25625 0.0078125 0.009375
0 1.28671875 0.26953125 0.0078125 0.0109375
0 1.3640625 0.26484375 0.00625 0.0109375
0 1.39375 0.2640625 0.009375 0.0125
0 1.4484375 0.26875 0.00625 0.009375
0 1.49375 0.26328125 0.00625 0.0109375
0 1.52578125 0.26875 0.0078125 0.009375
0 1.5953125 0.275 0.009375 0.0125
0 0.5890625 0.384375 0.05625 0.0625
0 0.7234375 0.384375 0.05 0.06875
0 0.71484375 0.44375 0.0640625 0.078125
0 0.796875 0.440625 0.059375 0.075
0 0.8046875 0.3875 0.034375 0.040625
0 0.95859375 0.3953125 0.0546875 0.075
0 0.928125 0.49765625 0.053125 0.0640625
0 1.05703125 0.38046875 0.0390625 0.0578125
0 1.1640625 0.4484375 0.059375 0.071875
0 1.215625 0.403125 0.05 0.065625
0 1.3328125 0.42421875 0.059375 0.0734375
0 1.4734375 0.38828125 0.053125 0.0609375
0 1.540625 0.4109375 0.065625 0.078125
0 1.57265625 0.4765625 0.0546875 0.078125
0 0.3609375 0.15859375 0.05625 0.0828125
