0 1.47265625 0.54453125 0.0171875 0.0265625
0 1.58984375 0.53046875 0.0203125 0.0234375
0 1.56484375 0.51875 0.0203125 0.021875
0 1.45546875 0.521875 0.0203125 0.025
0 1.3953125 0.54453125 0.021875 0.0265625
0 1.21796875 0.553125 0.0203125 0.025
0 1.16796875 0.540625 0.0203125 0.021875
0 1.171875 0.52890625 0.01875 0.0234375
0 1.078125 0.53125 0.009375 0.028125
0 0.98828125 0.5390625 0.0140625 0.015625
0 0.971875 0.5484375 0.015625 0.015625
0 0.8359375 0.52109375 0.025 0.0296875
0 0.8625 0.53359375 0.015625 0.0203125
0 0.89375 0.528125 0.0125 0.015625
0 0.734375 0.52265625 0.028125 0.0328125
0 0.69375 0.51640625 0.015625 0.0203125
0 0.63828125 0.5375 0.0265625 0.028125
0 0.54765625 0.5296875 0.0203125 0.025
0 0.53671875 0.54375 0.0140625 0.028125
0 0.4203125 0.50859375 0.015625 0.0296875
0 0.42578125 0.521875 0.0171875 0.01875
0 0.30078125 0.54375 0.0203125 0.021875
0 0.315625 0.5375 0.009375 0.009375
0 0.2765625 0.5203125 0.00625 0.00625
0 0.24296875 0.5515625 0.0078125 0.021875
0 0.1921875 0.5265625 0.021875 0.028125
0 0.090625 0.525 0.025 0.025
0 0.05 0.5515625 0.0125 0.015625
