0 0.24765625 0.4375 0.0765625 0.0875
0 0.36171875 0.440625 0.0828125 0.08125
0 0.36328125 0.54375 0.0765625 0.1
0 0.60234375 0.5546875 0.0953125 0.103125
0 0.17734375 0.6375 0.1265625 0.134375
0 0.21875 0.8671875 0.15625 0.18125
0 0.5765625 0.86796875 0.184375 0.2078125
0 0.05859375 0.80625 0.1171875 0.16875
0 0.06875 0.65703125 0.09375 0.1234375
0 0.10625 0.51484375 0.090625 0.1046875
0 0.146875 0.37109375 0.053125 0.0640625
0 0.090625 0.359375 0.05 0.05625
0 0.78046875 0.53359375 0.1265625 0.1484375
0 1.10078125 0.60390625 0.1265625 0.1515625
0 1.25390625 0.79375 0.0890625 0.134375
0 0.94296875 0.9828125 0.1078125 0.1625
0 0.43984375 0.3609375 0.0359375 0.040625
0 0.39609375 0.33671875 0.0390625 0.0515625
0 0.315625 0.36484375 0.05 0.0578125
0 0.284375 0.321875 0.04375 0.05
0 0.2328125 0.31953125 0.028125 0.0359375
0 0.55859375 0.409375 0.0734375 0.09375
0 0.5703125 0.32890625 0.05625 0.0640625
0 0.603125 0.41484375 0.059375 0.0828125
0 0.64765625 0.35234375 0.0546875 0.0765625
0 0.51875 0.37734375 0.05 0.0640625
0 1.55 0.55703125 0.1 0.1453125
0 1.1734375 0.49375 0.090625 0.11875
0 1.0515625 0.38828125 0.09375 0.1171875
0 1.10625 0.36328125 0.0625 0.0859375
0 0.95703125 0.32890625 0.0328125 0.0390625
0 0.34921875 0.2625 0.0296875 0.040625
0 0.421875 0.29140625 0.021875 0.0296875
0 0.4734375 0.32734375 0.028125 0.0328125
0 0.77890625 0.39140625 0.0484375 0.0609375
0 0.696875 0.3375 0.040625 0.053125
0 1.16015625 0.315625 0.0515625 0.0625
0 1.19375 0.31875 0.0375 0.059375
0 1.42421875 0.34921875 0.0703125 0.0890625
0 0.0140625 0.45390625 0.028125 0.0921875
0 0.971875 0.2796875 0.03125 0.03125
0 0.92890625 0.26015625 0.0328125 0.0359375
0 1.1671875 0.38203125 0.040625 0.0609375
