0 1.24375 0.2484375 0.034375 0.0375
0 1.2703125 0.2453125 0.034375 0.04375
0 0.30078125 0.24765625 0.0296875 0.0421875
0 0.325 0.246875 0.034375 0.0375
0 1.42109375 0.83515625 0.0359375 0.0578125
0 1.06796875 0.76171875 0.0421875 0.0546875
0 0.95234375 0.7109375 0.0203125 0.034375
0 1.459375 0.946875 0.046875 0.071875
0 1.38125 0.72578125 0.01875 0.0421875
0 0.7171875 0.5046875 0.00625 0.009375
0 0.840625 0.52265625 0.009375 0.0109375
0 0.30859375 0.70859375 0.0296875 0.0515625
0 0.15625 0.7 0.03125 0.034375
0 0.06640625 0.68203125 0.0203125 0.0296875
0 0.12109375 0.6421875 0.0109375 0.01875
0 1.56640625 0.66875 0.0140625 0.025
0 1.325 0.65859375 0.009375 0.0265625
0 1.19609375 0.7734375 0.0203125 0.0375
0 0.31328125 0.63046875 0.0203125 0.0265625
