0 0.06171875 0.22890625 0.0203125 0.0265625
0 0.14140625 0.21015625 0.0140625 0.0171875
0 0.2046875 0.196875 0.0125 0.021875
0 0.24453125 0.1953125 0.0140625 0.021875
0 0.259375 0.21953125 0.015625 0.0203125
0 0.2015625 0.246875 0.015625 0.01875
0 0.17890625 0.2609375 0.0140625 0.01875
0 0.13984375 0.2859375 0.0234375 0.034375
0 0.2421875 0.32109375 0.028125 0.0359375
0 0.32109375 0.1671875 0.0140625 0.01875
0 0.35625 0.20078125 0.0125 0.0171875
0 0.3546875 0.221875 0.01875 0.01875
0 0.37421875 0.22890625 0.0203125 0.0234375
0 0.3078125 0.21328125 0.015625 0.0203125
0 0.2671875 0.2578125 0.025 0.028125
0 0.32890625 0.2625 0.0234375 0.034375
0 0.39140625 0.26640625 0.0265625 0.0359375
0 0.38125 0.175 0.0125 0.01875
0 0.37734375 0.1515625 0.0109375 0.015625
0 0.359375 0.165625 0.009375 0.009375
0 0.44765625 0.2421875 0.0234375 0.028125
0 0.47734375 0.28359375 0.0234375 0.0296875
0 0.51328125 0.24765625 0.0171875 0.0265625
0 0.5109375 0.15625 0.009375 0.01875
0 0.57734375 0.1625 0.0078125 0.0125
0 0.55 0.21015625 0.009375 0.0140625
0 0.56640625 0.21171875 0.0140625 0.0171875
0 0.5625 0.29296875 0.025 0.0359375
0 0.5796875 0.21640625 0.0125 0.0140625
0 0.5984375 0.21328125 0.015625 0.0234375
0 0.58515625 0.24765625 0.0171875 0.0265625
0 0.6328125 0.27421875 0.021875 0.0296875
0 0.6171875 0.26015625 0.015625 0.0296875
0 0.70859375 0.26015625 0.0234375 0.0328125
0 0.71328125 0.35 0.0296875 0.034375
0 0.74140625 0.24609375 0.0171875 0.0265625
0 0.778125 0.1984375 0.0125 0.015625
0 0.803125 0.196875 0.00625 0.009375
0 0.784375 0.2328125 0.0125 0.021875
0 0.7984375 0.27109375 0.021875 0.0265625
0 0.75234375 0.27734375 0.0109375 0.0171875
0 0.50546875 0.17421875 0.0078125 0.0109375
0 0.6921875 0.1421875 0.0125 0.015625
0 0.6609375 0.1328125 0.0125 0.015625
0 0.74609375 0.1765625 0.0140625 0.01875
0 0.75390625 0.159375 0.0078125 0.0125
0 0.85546875 0.2625 0.0171875 0.028125
0 0.91953125 0.27890625 0.0234375 0.0296875
0 0.94921875 0.15078125 0.0109375 0.0140625
0 0.9625 0.1421875 0.009375 0.0125
0 0.9546875 0.17734375 0.009375 0.0109375
0 0.96328125 0.19375 0.0109375 0.015625
0 0.93984375 0.24140625 0.0140625 0.0328125
0 0.97890625 0.278125 0.0234375 0.028125
0 0.99765625 0.17421875 0.0078125 0.0109375
0 0.99609375 0.2125 0.0140625 0.021875
0 1.0953125 0.21328125 0.009375 0.0140625
0 1.02109375 0.2046875 0.0078125 0.009375
0 1.15234375 0.28203125 0.0234375 0.0296875
0 1.06328125 0.26640625 0.0203125 0.0203125
0 1.10625 0.25078125 0.0125 0.0171875
0 1.10390625 0.1921875 0.0109375 0.015625
0 1.0796875 0.1859375 0.009375 0.015625
0 1.265625 0.2265625 0.009375 0.021875
0 1.2796875 0.21484375 0.0125 0.0234375
0 1.0296875 0.24921875 0.009375 0.0234375
0 1.22578125 0.16640625 0.0109375 0.0109375
0 1.175 0.14296875 0.009375 0.0109375
0 1.228125 0.2796875 0.028125 0.03125
0 1.32890625 0.2796875 0.0234375 0.034375
0 1.37421875 0.25546875 0.0234375 0.0265625
0 1.42265625 0.22109375 0.0203125 0.0203125
0 1.52734375 0.23125 0.0203125 0.028125
0 1.425 0.2484375 0.028125 0.034375
0 1.53984375 0.2796875 0.0265625 0.034375
0 1.3390625 0.20703125 0.009375 0.0171875
0 1.425 0.178125 0.0125 0.01875
