0 1.45625 0.47109375 0.028125 0.0265625
0 1.3578125 0.47734375 0.03125 0.0328125
0 1.271875 0.46484375 0.028125 0.0296875
0 1.32109375 0.49375 0.0234375 0.028125
0 1.21796875 0.44609375 0.0234375 0.0234375
0 1.303125 0.890625 0.078125 0.071875
0 1.50078125 0.91640625 0.0703125 0.0734375
0 1.54765625 0.47734375 0.0203125 0.0203125
0 1.5875 0.67109375 0.025 0.0484375
0 0.89765625 0.80390625 0.0671875 0.0703125
0 1.08828125 0.43828125 0.0203125 0.0203125
0 1.0140625 0.4359375 0.025 0.028125
0 0.9109375 0.4171875 0.021875 0.025
0 0.8078125 0.4234375 0.025 0.028125
0 0.72265625 0.4046875 0.0265625 0.025
0 0.6546875 0.41796875 0.025 0.0296875
0 0.56015625 0.39609375 0.0265625 0.0328125
0 0.45859375 0.38671875 0.0296875 0.0328125
0 0.346875 0.39453125 0.03125 0.0328125
0 0.2578125 0.409375 0.04375 0.040625
0 0.246875 0.528125 0.03125 0.1
0 0.06328125 0.38828125 0.0390625 0.0421875
0 0.2171875 0.45078125 0.06875 0.0578125
0 0.3484375 0.446875 0.028125 0.025
