0 0.325 0.40234375 0.053125 0.0671875
0 0.3234375 0.44765625 0.0 0.0046875
0 0.50390625 0.43671875 0.0453125 0.0640625
0 0.71015625 0.4265625 0.0328125 0.065625
0 0.88671875 0.38125 0.0515625 0.05
0 1.21171875 0.37890625 0.0421875 0.0578125
0 1.3828125 0.4296875 0.053125 0.06875
0 1.465625 0.35546875 0.053125 0.0671875
0 0.76484375 0.340625 0.0140625 0.01875
0 1.5546875 0.37734375 0.015625 0.0203125
0 1.33828125 0.36171875 0.0171875 0.0171875
0 1.26953125 0.378125 0.0171875 0.021875
0 1.10390625 0.38046875 0.0109375 0.0171875
0 1.0484375 0.375 0.0125 0.015625
0 1.078125 0.371875 0.0125 0.015625
0 0.66796875 0.378125 0.0203125 0.01875
0 0.37109375 0.4171875 0.0421875 0.053125
0 0.07265625 0.41015625 0.0328125 0.0296875
0 0.54140625 0.35625 0.0140625 0.01875
