0 1.48046875 0.2140625 0.0265625 0.034375
0 1.37421875 0.2484375 0.0296875 0.034375
0 1.378125 0.18984375 0.025 0.0328125
0 1.2953125 0.2171875 0.03125 0.034375
0 1.2640625 0.20859375 0.021875 0.0265625
0 1.1671875 0.26484375 0.03125 0.0328125
0 1.2046875 0.23515625 0.025 0.0328125
0 1.103125 0.23359375 0.028125 0.0359375
0 1.07265625 0.18046875 0.0171875 0.0234375
0 1.01875 0.22421875 0.028125 0.0296875
0 0.91171875 0.20546875 0.0265625 0.0328125
0 0.890625 0.21484375 0.021875 0.0296875
0 0.84765625 0.24453125 0.0234375 0.0296875
0 0.83671875 0.18671875 0.0265625 0.0328125
0 0.79375 0.20234375 0.028125 0.0328125
0 0.7359375 0.2140625 0.028125 0.03125
0 0.69453125 0.1953125 0.0265625 0.03125
0 1.115625 0.18359375 0.01875 0.0296875
0 0.6125 0.2078125 0.03125 0.034375
0 0.64296875 0.2 0.0234375 0.028125
0 0.590625 0.225 0.021875 0.028125
0 0.47109375 0.225 0.0265625 0.028125
0 0.54609375 0.19296875 0.0203125 0.0265625
0 0.44453125 0.22265625 0.0234375 0.0296875
0 0.38515625 0.23515625 0.0234375 0.0296875
0 0.34453125 0.21484375 0.0265625 0.0328125
0 0.41875 0.21171875 0.01875 0.0265625
0 0.265625 0.2 0.025 0.03125
0 0.20703125 0.20625 0.0265625 0.03125
0 0.11015625 0.20703125 0.0265625 0.0296875
0 0.1171875 0.18046875 0.025 0.0296875
0 0.02421875 0.1890625 0.0265625 0.03125
0 0.55 0.2265625 0.028125 0.034375
0 0.7671875 0.175 0.021875 0.028125
0 1.0515625 0.22578125 0.021875 0.0296875
0 1.21875 0.22109375 0.028125 0.0328125
0 1.32421875 0.2140625 0.0265625 0.034375
0 1.5890625 0.22890625 0.021875 0.0296875
0 1.03046875 0.18828125 0.0234375 0.0296875
