0 1.55546875 0.965625 0.0546875 0.075
0 1.37734375 0.98515625 0.0515625 0.0796875
0 1.5390625 0.84453125 0.046875 0.0640625
0 1.31171875 0.825 0.0453125 0.0625
0 1.3375 0.8046875 0.025 0.0375
0 1.46484375 0.7328125 0.0484375 0.06875
0 1.578125 0.67734375 0.04375 0.0578125
0 1.41015625 0.6375 0.0453125 0.059375
0 1.49921875 0.57109375 0.0453125 0.0609375
0 1.559375 0.5 0.040625 0.05625
0 1.37421875 0.55703125 0.0453125 0.0546875
0 1.4078125 0.5421875 0.034375 0.05
0 1.496875 0.428125 0.0375 0.053125
0 1.48359375 0.4796875 0.0359375 0.05625
0 1.36328125 0.4453125 0.0453125 0.05625
0 1.56796875 0.371875 0.0296875 0.04375
0 1.509375 0.384375 0.034375 0.046875
0 1.5484375 0.30703125 0.034375 0.0421875
0 1.4859375 0.3421875 0.034375 0.040625
0 1.40546875 0.36875 0.0390625 0.0375
0 1.5734375 0.20078125 0.028125 0.0390625
0 1.5125 0.2546875 0.03125 0.04375
0 1.52734375 0.22890625 0.0234375 0.0359375
0 1.428125 0.26640625 0.03125 0.0453125
0 1.4515625 0.2765625 0.028125 0.0375
0 1.42734375 0.23359375 0.0296875 0.0296875
0 1.47890625 0.19453125 0.0265625 0.0390625
0 1.4296875 0.19609375 0.03125 0.0328125
0 1.56875 0.14453125 0.03125 0.0390625
0 1.37421875 0.17734375 0.0296875 0.0359375
0 1.3859375 0.23828125 0.028125 0.0421875
0 1.49609375 0.11171875 0.0328125 0.0421875
0 1.540625 0.10078125 0.01875 0.0296875
0 1.4328125 0.1 0.028125 0.0375
0 1.42890625 0.05703125 0.0171875 0.0203125
0 1.39296875 0.07890625 0.0171875 0.0234375
0 1.5125 0.08046875 0.025 0.0265625
0 1.1921875 0.903125 0.05625 0.075
0 1.1421875 0.80390625 0.046875 0.0734375
0 1.1875 0.6953125 0.046875 0.065625
0 1.11875 0.60703125 0.04375 0.0640625
0 1.27578125 0.5140625 0.0421875 0.065625
0 1.05 0.54375 0.04375 0.065625
0 1.00234375 0.62734375 0.0390625 0.0484375
0 1.325 0.48125 0.0375 0.05
0 1.21015625 0.46796875 0.0359375 0.0515625
0 1.23359375 0.46015625 0.0296875 0.0390625
0 1.29921875 0.38046875 0.0328125 0.0390625
0 1.20703125 0.40234375 0.0328125 0.0453125
0 1.3265625 0.3359375 0.03125 0.040625
0 1.29921875 0.29921875 0.0296875 0.0359375
0 1.334375 0.215625 0.028125 0.0375
0 1.2953125 0.20390625 0.03125 0.0390625
0 1.2296875 0.26796875 0.03125 0.0453125
0 1.2484375 0.25078125 0.028125 0.0390625
0 1.3109375 0.14453125 0.025 0.0390625
0 1.3078125 0.18359375 0.025 0.0328125
0 1.26171875 0.153125 0.0265625 0.034375
0 1.240625 0.1734375 0.028125 0.0375
0 1.2 0.21015625 0.028125 0.0390625
0 1.1765625 0.1578125 0.025 0.03125
0 1.2375 0.12890625 0.028125 0.0328125
0 1.21015625 0.10546875 0.0234375 0.0328125
0 1.3046875 0.0765625 0.028125 0.034375
0 1.359375 0.1015625 0.025 0.03125
0 1.25546875 0.0828125 0.0203125 0.025
0 1.28203125 0.0390625 0.0234375 0.028125
0 1.23203125 0.0578125 0.0234375 0.028125
0 1.20703125 0.07109375 0.0265625 0.0265625
0 1.221875 0.0390625 0.025 0.025
0 1.1640625 0.0578125 0.025 0.03125
0 1.21171875 0.015625 0.0234375 0.025
0 1.27421875 0.00625 0.0203125 0.0125
0 1.18671875 0.00703125 0.0203125 0.0140625
0 0.840625 0.9375 0.05 0.078125
0 0.84609375 0.78125 0.0359375 0.071875
0 0.7234375 0.7375 0.05 0.059375
0 0.8296875 0.7078125 0.040625 0.053125
0 0.65859375 0.88671875 0.0578125 0.0890625
0 0.69140625 1.03125 0.0671875 0.0375
0 0.5046875 0.84921875 0.075 0.0859375
0 0.91796875 0.5578125 0.0453125 0.053125
0 0.79140625 0.65078125 0.0484375 0.0609375
0 0.75390625 0.5375 0.0421875 0.05625
0 0.8875 0.4640625 0.05 0.0625
0 0.7546875 0.45078125 0.0375 0.0515625
0 0.81875 0.41875 0.0375 0.053125
0 1.00234375 0.415625 0.0390625 0.05625
0 1.1421875 0.43046875 0.0375 0.0515625
0 0.7171875 0.4140625 0.0375 0.046875
0 1.11640625 0.49375 0.0390625 0.040625
0 1.0953125 0.365625 0.034375 0.05
0 1.1609375 0.35546875 0.034375 0.0484375
0 1.20703125 0.35703125 0.0359375 0.0453125
0 1.125 0.296875 0.025 0.03125
0 1.03125 0.3203125 0.034375 0.04375
0 1.0484375 0.2953125 0.03125 0.0375
0 0.96640625 0.3546875 0.0359375 0.05
0 1.1515625 0.21171875 0.028125 0.0421875
0 1.12578125 0.21328125 0.0265625 0.0359375
0 1.103125 0.18125 0.021875 0.025
0 1.0171875 0.25078125 0.028125 0.0359375
0 0.98046875 0.33515625 0.0296875 0.0359375
0 0.959375 0.2796875 0.04375 0.04375
0 0.9703125 0.21171875 0.03125 0.0421875
0 0.9203125 0.3078125 0.03125 0.040625
0 0.8734375 0.378125 0.028125 0.040625
0 0.8875 0.2375 0.03125 0.04375
0 0.89609375 0.21015625 0.0296875 0.0421875
0 1.11875 0.08046875 0.025 0.0296875
0 1.1578125 0.1203125 0.021875 0.021875
0 1.128125 0.12109375 0.028125 0.0296875
0 1.09453125 0.1046875 0.0265625 0.03125
0 1.10078125 0.034375 0.0234375 0.028125
0 1.07109375 0.1203125 0.0234375 0.03125
0 1.0953125 0.14453125 0.028125 0.0296875
0 1.009375 0.17421875 0.028125 0.0390625
0 1.0265625 0.15546875 0.01875 0.0234375
0 1.0546875 0.10859375 0.028125 0.0359375
0 1.0375 0.065625 0.021875 0.03125
0 1.0546875 0.0375 0.025 0.028125
0 1.0125 0.08203125 0.028125 0.0296875
0 0.97421875 0.0875 0.0234375 0.034375
0 0.99375 0.03046875 0.021875 0.0265625
0 0.959375 0.06484375 0.021875 0.0234375
0 1.05234375 0.0109375 0.0234375 0.01875
0 0.95859375 0.04453125 0.0203125 0.0203125
0 0.9546875 0.0296875 0.01875 0.01875
0 0.93984375 0.12578125 0.0234375 0.0328125
0 0.91015625 0.08125 0.0265625 0.03125
0 0.91328125 0.13359375 0.0265625 0.0359375
0 0.86796875 0.06796875 0.0203125 0.0296875
0 0.8796875 0.06015625 0.015625 0.0296875
0 0.89140625 0.04609375 0.0109375 0.0140625
0 0.9 0.0171875 0.021875 0.028125
0 0.840625 0.015625 0.01875 0.021875
0 0.87109375 0.11171875 0.0234375 0.0359375
0 0.8453125 0.0875 0.021875 0.025
0 0.834375 0.1171875 0.028125 0.040625
0 0.78671875 0.09765625 0.0234375 0.0328125
0 0.809375 0.1484375 0.028125 0.0375
0 0.7375 0.1125 0.025 0.03125
0 0.7265625 0.06875 0.025 0.034375
0 0.8140625 0.03359375 0.021875 0.0296875
0 0.7828125 0.04921875 0.021875 0.0328125
0 0.7265625 0.0296875 0.01875 0.025
0 0.68359375 0.11875 0.0328125 0.025
0 0.66953125 0.159375 0.0265625 0.034375
0 0.6703125 0.109375 0.028125 0.028125
0 0.653125 0.08046875 0.025 0.0328125
0 0.65390625 0.0515625 0.0203125 0.021875
0 0.621875 0.146875 0.028125 0.03125
0 0.57578125 0.1265625 0.0234375 0.034375
0 0.5984375 0.10078125 0.025 0.0328125
0 0.63125 0.04375 0.021875 0.025
0 0.60703125 0.04453125 0.0203125 0.0234375
0 0.6359375 0.01328125 0.021875 0.0234375
0 0.60234375 0.0203125 0.0203125 0.01875
0 0.575 0.05 0.025 0.025
0 0.56171875 0.03046875 0.0234375 0.0265625
0 0.51484375 0.04375 0.0265625 0.034375
0 0.671875 0.01171875 0.025 0.0234375
0 0.52109375 0.14921875 0.0296875 0.0328125
0 0.51875 0.09609375 0.021875 0.0328125
0 0.528125 0.0078125 0.021875 0.015625
0 0.57265625 0.0078125 0.0234375 0.015625
0 0.45625 0.01484375 0.025 0.0296875
0 0.4390625 0.078125 0.03125 0.028125
0 0.48984375 0.12734375 0.0265625 0.0359375
0 0.4125 0.13359375 0.028125 0.0328125
0 0.4171875 0.08828125 0.028125 0.0359375
0 0.4 0.0546875 0.025 0.028125
0 0.3984375 0.01640625 0.021875 0.0265625
0 0.3859375 0.02890625 0.025 0.0328125
0 0.38203125 0.14140625 0.0265625 0.0390625
0 0.35859375 0.0953125 0.0265625 0.03125
0 0.35703125 0.07109375 0.0234375 0.0265625
0 0.31171875 0.04296875 0.0234375 0.0296875
0 0.3140625 0.096875 0.025 0.0375
0 0.2875 0.01875 0.021875 0.03125
0 0.30546875 0.0125 0.0171875 0.021875
0 0.3296875 0.0328125 0.015625 0.028125
0 0.3234375 0.17265625 0.03125 0.0359375
0 0.3 0.1375 0.025 0.025
0 0.88359375 0.171875 0.0203125 0.025
0 0.72421875 0.2265625 0.0296875 0.034375
0 0.82265625 0.27734375 0.0328125 0.0390625
0 0.78046875 0.28359375 0.0296875 0.0359375
0 0.803125 0.346875 0.034375 0.046875
0 0.7484375 0.35078125 0.028125 0.0453125
0 0.6703125 0.2859375 0.034375 0.046875
0 0.6390625 0.3109375 0.03125 0.05
0 0.71328125 0.20625 0.0203125 0.034375
0 0.640625 0.20703125 0.028125 0.0421875
0 0.5921875 0.18984375 0.025 0.0359375
0 0.57578125 0.203125 0.0296875 0.03125
0 0.54375 0.20859375 0.03125 0.0359375
0 0.540625 0.2625 0.03125 0.04375
0 0.484375 0.271875 0.034375 0.04375
0 0.55625 0.3484375 0.034375 0.04375
0 0.690625 0.38046875 0.028125 0.0453125
0 0.453125 0.3453125 0.0375 0.046875
0 0.4234375 0.225 0.028125 0.04375
0 0.4453125 0.2125 0.028125 0.034375
0 0.45703125 0.25859375 0.0328125 0.0484375
0 0.51171875 0.190625 0.0296875 0.0375
0 0.43203125 0.17734375 0.0265625 0.0328125
0 0.64921875 0.4 0.0359375 0.040625
0 0.65234375 0.44296875 0.0328125 0.0453125
0 0.6265625 0.45703125 0.04375 0.0640625
0 0.54453125 0.396875 0.0359375 0.05
0 0.44921875 0.4734375 0.0484375 0.05625
0 0.553125 0.59296875 0.046875 0.0609375
0 0.6328125 0.55625 0.046875 0.05625
0 0.5859375 0.7140625 0.05625 0.0875
0 0.42421875 0.56640625 0.0484375 0.0671875
0 0.40859375 0.50234375 0.0359375 0.0453125
0 0.375 0.72421875 0.065625 0.0734375
0 0.31015625 0.6859375 0.0390625 0.06875
0 0.2453125 0.9078125 0.071875 0.08125
0 0.0765625 0.8828125 0.059375 0.078125
0 0.06328125 0.72734375 0.0578125 0.0703125
0 0.27890625 0.5140625 0.0484375 0.059375
0 0.121875 0.4671875 0.05 0.0625
0 0.21796875 0.5109375 0.0390625 0.065625
0 0.32109375 0.41015625 0.0421875 0.0640625
0 0.3875 0.42265625 0.040625 0.0609375
0 0.1234375 0.4078125 0.034375 0.046875
0 0.31640625 0.3140625 0.0453125 0.059375
0 0.36484375 0.3265625 0.0359375 0.04375
0 0.35390625 0.2453125 0.0296875 0.0375
0 0.32890625 0.259375 0.0359375 0.0375
0 0.228125 0.24609375 0.034375 0.0421875
0 0.24296875 0.2359375 0.0265625 0.0375
0 0.178125 0.253125 0.028125 0.040625
0 0.24453125 0.346875 0.0359375 0.046875
0 0.2546875 0.3203125 0.03125 0.04375
0 0.2046875 0.33828125 0.028125 0.0515625
0 0.115625 0.32421875 0.046875 0.0546875
0 0.13125 0.28125 0.040625 0.05
0 0.23203125 0.17890625 0.0296875 0.0421875
0 0.23984375 0.15703125 0.0296875 0.0359375
0 0.153125 0.1984375 0.028125 0.0375
0 0.10703125 0.25234375 0.0296875 0.0421875
0 0.06640625 0.18125 0.0328125 0.04375
0 0.14296875 0.1265625 0.0265625 0.0375
0 0.19921875 0.1296875 0.0265625 0.0375
0 0.27109375 0.1109375 0.0296875 0.03125
0 0.24140625 0.0734375 0.0265625 0.03125
0 0.1984375 0.08984375 0.01875 0.0265625
0 0.140625 0.0671875 0.025 0.034375
0 0.11953125 0.07578125 0.0234375 0.0265625
0 0.0484375 0.1296875 0.025 0.025
0 0.11484375 0.15390625 0.0296875 0.0390625
0 0.084375 0.15703125 0.03125 0.0359375
0 0.040625 0.09609375 0.025 0.0296875
0 0.0546875 0.0484375 0.021875 0.03125
0 0.0671875 0.03125 0.021875 0.025
0 0.171875 0.02890625 0.025 0.0328125
0 0.09140625 0.02265625 0.0171875 0.0203125
0 0.196875 0.01171875 0.025 0.0234375
0 0.15546875 0.02265625 0.0234375 0.0328125
0 0.01640625 0.0640625 0.0296875 0.03125
0 0.2640625 0.0171875 0.025 0.03125
0 0.0140625 0.59609375 0.028125 0.0765625
0 0.009375 0.15703125 0.01875 0.0484375
0 0.0125 0.0140625 0.025 0.028125
0 0.0125 0.2671875 0.025 0.04375
0 0.18359375 1.034375 0.0734375 0.03125
0 1.5203125 0.06640625 0.028125 0.0328125
