0 1.5671875 0.50546875 0.021875 0.0328125
0 1.4828125 0.50703125 0.028125 0.0328125
0 1.44765625 0.5015625 0.0203125 0.034375
0 1.396875 0.49375 0.015625 0.0375
0 1.29140625 0.4953125 0.0234375 0.028125
0 1.25390625 0.478125 0.0203125 0.028125
0 1.21171875 0.49609375 0.0203125 0.0328125
0 1.51484375 0.51484375 0.0140625 0.0203125
0 0.99375 0.49609375 0.025 0.0328125
0 0.95703125 0.46875 0.0234375 0.03125
0 0.92578125 0.48046875 0.0234375 0.0328125
0 0.89140625 0.47109375 0.0203125 0.0265625
0 0.853125 0.46640625 0.021875 0.0328125
0 0.83515625 0.46953125 0.0203125 0.0328125
0 0.81484375 0.47265625 0.0171875 0.0265625
0 0.78984375 0.47890625 0.0234375 0.0359375
0 0.68515625 0.48828125 0.0296875 0.0390625
0 0.696875 0.45703125 0.021875 0.0296875
0 0.66484375 0.47265625 0.0203125 0.0328125
0 0.578125 0.46796875 0.028125 0.0390625
0 0.52421875 0.4765625 0.0234375 0.03125
0 0.4359375 0.49296875 0.01875 0.0296875
0 0.4828125 0.45703125 0.01875 0.0296875
0 0.415625 0.46953125 0.021875 0.0265625
0 0.3375 0.4671875 0.021875 0.03125
0 0.28046875 0.453125 0.0203125 0.028125
0 0.246875 0.4515625 0.021875 0.028125
0 0.21484375 0.48671875 0.0296875 0.0390625
0 0.16484375 0.4453125 0.0234375 0.03125
0 0.13828125 0.44609375 0.0296875 0.0359375
0 0.115625 0.45 0.025 0.03125
0 0.08203125 0.4703125 0.0171875 0.04375
0 0.09375 0.46171875 0.015625 0.0328125
0 0.03359375 0.46328125 0.0234375 0.0421875
0 0.01484375 0.4703125 0.0265625 0.05625
0 1.0453125 0.490625 0.01875 0.021875
