0 1.59140625 0.86953125 0.0171875 0.0265625
0 1.56796875 0.928125 0.0296875 0.028125
0 1.54140625 0.99140625 0.0296875 0.0390625
0 1.4875 0.875 0.025 0.028125
0 1.4765625 0.9203125 0.025 0.028125
0 1.50390625 0.94453125 0.0296875 0.0359375
0 1.3921875 0.875 0.021875 0.025
0 1.39765625 0.92890625 0.0265625 0.0328125
0 1.48125 0.9890625 0.028125 0.034375
0 1.53359375 1.09609375 0.0265625 0.0265625
0 1.21640625 0.86796875 0.0234375 0.0328125
0 1.16875 0.8890625 0.021875 0.03125
0 1.13515625 0.86953125 0.0234375 0.0296875
0 1.2671875 0.98671875 0.028125 0.0390625
0 1.21328125 0.971875 0.0265625 0.03125
0 1.159375 0.934375 0.025 0.03125
0 1.1 0.88671875 0.021875 0.0296875
0 1.15078125 1.0 0.0296875 0.0375
0 1.0984375 0.9625 0.021875 0.03125
0 1.040625 0.93359375 0.021875 0.0265625
0 1.03828125 0.96171875 0.0234375 0.0296875
0 1.05703125 0.990625 0.0265625 0.028125
0 1.05234375 1.02890625 0.0296875 0.0421875
0 0.9875 0.86015625 0.025 0.0328125
0 1.30546875 1.06484375 0.0328125 0.0328125
0 1.36171875 1.12421875 0.0296875 0.0421875
0 1.365625 1.18359375 0.03125 0.0328125
0 1.20234375 1.0875 0.0296875 0.04375
0 1.22265625 1.11640625 0.0359375 0.0453125
0 1.23046875 1.175 0.0359375 0.04375
0 1.06796875 1.06640625 0.0328125 0.0453125
0 1.09921875 1.11171875 0.0359375 0.0421875
0 1.11640625 1.16953125 0.0296875 0.0359375
0 0.921875 0.88125 0.025 0.0375
0 0.896875 0.8640625 0.025 0.028125
0 0.81640625 0.8703125 0.0234375 0.025
0 0.8640625 0.89921875 0.021875 0.0328125
0 0.8546875 0.921875 0.025 0.034375
0 0.76328125 0.875 0.0203125 0.025
0 0.76328125 0.90546875 0.0234375 0.0265625
0 0.65703125 0.865625 0.0203125 0.025
0 0.690625 0.909375 0.025 0.03125
0 0.809375 0.9609375 0.025 0.03125
0 0.92421875 0.996875 0.0265625 0.034375
0 0.7046875 0.9765625 0.028125 0.0375
0 0.7765625 1.00625 0.03125 0.0375
0 0.97890625 1.0328125 0.0328125 0.0375
0 0.928125 1.08046875 0.028125 0.0359375
0 0.9734375 1.12421875 0.03125 0.0390625
0 0.99140625 1.159375 0.0296875 0.034375
0 0.91015625 1.1265625 0.0296875 0.040625
0 0.84453125 1.03515625 0.0296875 0.0390625
0 0.8203125 1.07578125 0.028125 0.0328125
0 0.87421875 1.1765625 0.0296875 0.040625
0 0.7765625 1.0703125 0.025 0.03125
0 0.78515625 1.1421875 0.0296875 0.034375
0 0.55859375 0.8671875 0.0234375 0.025
0 0.5890625 0.9328125 0.028125 0.0375
0 0.62265625 0.9625 0.0296875 0.03125
0 0.66796875 1.01171875 0.0234375 0.0328125
0 0.4609375 0.89296875 0.021875 0.0234375
0 0.51171875 0.928125 0.0265625 0.034375
0 0.4984375 0.97265625 0.028125 0.0296875
0 0.62109375 1.08515625 0.0328125 0.0421875
0 0.66328125 1.13203125 0.0296875 0.0359375
0 0.70859375 1.0828125 0.0265625 0.0375
0 0.665625 1.03828125 0.028125 0.0390625
0 0.5421875 1.05625 0.028125 0.03125
0 0.51640625 1.13671875 0.0328125 0.0390625
0 0.48359375 1.0859375 0.0265625 0.034375
0 0.4203125 0.96953125 0.028125 0.0328125
0 0.41484375 1.05234375 0.0265625 0.0359375
0 0.465625 1.16640625 0.0375 0.0484375
0 0.334375 0.87421875 0.025 0.0234375
0 0.20546875 0.8671875 0.0234375 0.034375
0 0.31171875 0.93125 0.0234375 0.03125
0 0.33203125 0.965625 0.0265625 0.034375
0 0.34140625 1.0578125 0.0296875 0.0375
0 0.2078125 0.9515625 0.025 0.03125
0 0.225 0.9609375 0.021875 0.025
0 0.2171875 1.0140625 0.028125 0.028125
0 0.1828125 1.053125 0.03125 0.0375
0 0.18984375 1.0953125 0.0265625 0.040625
0 0.37890625 1.14140625 0.0296875 0.0359375
0 0.11484375 0.8796875 0.0265625 0.03125
0 0.0890625 0.93203125 0.028125 0.0359375
0 0.12109375 0.97421875 0.0296875 0.0390625
0 0.0890625 0.99453125 0.03125 0.0296875
0 0.11484375 1.0546875 0.0296875 0.0375
0 0.12109375 1.0984375 0.0265625 0.040625
0 0.1765625 1.15390625 0.03125 0.0390625
0 0.115625 1.18671875 0.03125 0.0265625
0 1.3 1.0359375 0.025 0.034375
0 1.22890625 1.05234375 0.0234375 0.0328125
