0 1.51796875 0.42421875 0.0296875 0.0296875
0 1.3984375 0.4 0.025 0.05
0 1.39140625 0.425 0.0296875 0.034375
0 1.3734375 0.52421875 0.03125 0.0359375
0 1.46796875 0.56015625 0.0578125 0.0640625
0 1.28046875 0.44453125 0.0265625 0.0328125
0 1.24609375 0.52265625 0.0265625 0.0296875
0 1.18515625 0.5625 0.0328125 0.040625
0 1.23984375 0.57890625 0.0328125 0.0359375
0 1.27109375 0.659375 0.0609375 0.08125
0 1.0734375 0.7390625 0.134375 0.1625
0 1.028125 0.6078125 0.053125 0.05625
0 1.02734375 0.53671875 0.0265625 0.0328125
0 0.9953125 0.54296875 0.021875 0.0328125
0 1.0109375 0.465625 0.021875 0.021875
0 0.840625 0.64921875 0.034375 0.0578125
0 0.95 0.6640625 0.0375 0.021875
0 0.740625 1.0140625 0.140625 0.11875
0 0.23046875 0.86015625 0.1390625 0.1765625
0 0.603125 0.4265625 0.103125 0.134375
0 0.24140625 0.68203125 0.0515625 0.0765625
0 0.15859375 0.68515625 0.0453125 0.0546875
0 0.421875 0.6359375 0.03125 0.053125
0 0.34375 0.634375 0.0375 0.040625
0 0.253125 0.60546875 0.034375 0.0328125
0 0.2015625 0.590625 0.025 0.034375
0 0.16484375 0.56875 0.0171875 0.025
0 0.11484375 0.57578125 0.0203125 0.0265625
0 0.3453125 0.57890625 0.021875 0.0234375
0 0.340625 0.55859375 0.01875 0.0234375
0 0.10078125 0.8453125 0.1234375 0.109375
0 0.5109375 0.478125 0.015625 0.021875
0 0.45 0.4796875 0.0125 0.01875
0 0.5421875 0.4796875 0.01875 0.025
0 0.3203125 0.49609375 0.0125 0.0171875
0 0.25703125 0.55703125 0.0140625 0.0171875
0 0.21484375 0.57265625 0.0171875 0.0203125
0 0.07109375 0.50625 0.0203125 0.021875
0 0.3171875 0.55703125 0.009375 0.0109375
0 0.03046875 0.78203125 0.0609375 0.1203125
