0 1.228125 0.56640625 0.06875 0.0859375
0 1.1671875 0.6421875 0.075 0.090625
0 1.16015625 0.559375 0.0421875 0.053125
0 1.10546875 0.578125 0.0296875 0.034375
0 1.03203125 0.55234375 0.0578125 0.0671875
0 0.8671875 0.57890625 0.071875 0.0828125
0 0.921875 0.59375 0.05625 0.059375
0 0.8640625 0.5015625 0.04375 0.053125
0 0.7625 0.5734375 0.090625 0.115625
0 0.678125 0.5796875 0.040625 0.059375
0 0.64375 0.57265625 0.034375 0.0421875
0 0.56015625 0.53125 0.0640625 0.075
0 0.4953125 0.53671875 0.04375 0.0515625
0 0.4109375 0.56015625 0.071875 0.0828125
0 0.31953125 0.57265625 0.0484375 0.0515625
0 0.36953125 0.51953125 0.0359375 0.0421875
0 0.246875 0.57421875 0.034375 0.0421875
0 0.15859375 0.5609375 0.0578125 0.075
0 0.096875 0.54375 0.040625 0.05625
0 0.0140625 0.5203125 0.025 0.04375
0 0.03046875 0.50546875 0.0203125 0.0328125
0 1.09140625 0.69765625 0.0234375 0.0265625
