0 1.09296875 0.21015625 0.0421875 0.0609375
0 0.83828125 0.3 0.0609375 0.0875
0 0.84140625 0.5109375 0.1015625 0.128125
0 0.68359375 0.32734375 0.0828125 0.1015625
0 0.08125 0.18828125 0.059375 0.0703125
0 0.403125 0.2640625 0.08125 0.096875
0 0.35 0.253125 0.059375 0.075
0 0.3078125 0.234375 0.0375 0.053125
0 0.44453125 0.16015625 0.0359375 0.0359375
0 0.35703125 0.62890625 0.1734375 0.2890625
0 0.52109375 0.41796875 0.0671875 0.0984375
0 1.13984375 0.22109375 0.0703125 0.0828125
0 1.23125 0.36640625 0.075 0.1015625
0 1.45625 0.228125 0.10625 0.14375
0 1.3453125 0.13515625 0.025 0.0359375
0 0.32734375 0.21328125 0.0484375 0.0609375
0 0.28046875 0.146875 0.0140625 0.01875
