0 0.20859375 0.559375 0.0328125 0.040625
0 0.22734375 0.53125 0.0296875 0.0375
0 0.08046875 0.571875 0.0515625 0.065625
0 0.5140625 0.665625 0.034375 0.053125
0 0.14453125 0.8078125 0.1578125 0.20625
0 0.61953125 0.67265625 0.1359375 0.1703125
0 0.840625 0.66953125 0.084375 0.1046875
0 0.9171875 0.70390625 0.034375 0.0640625
0 0.95859375 0.58125 0.0328125 0.046875
0 1.30703125 0.69453125 0.0828125 0.0984375
0 1.003125 0.51953125 0.03125 0.0359375
0 1.0578125 0.5546875 0.021875 0.03125
0 1.1328125 0.55859375 0.03125 0.0390625
0 1.16484375 0.52890625 0.0203125 0.0265625
0 1.228125 0.5453125 0.04375 0.05
0 1.29921875 0.53046875 0.0203125 0.0234375
0 1.37578125 0.58125 0.0421875 0.040625
0 1.48046875 0.5765625 0.0484375 0.0375
0 1.521875 0.5265625 0.028125 0.028125
0 1.41484375 0.53046875 0.0296875 0.0296875
