0 0.58828125 0.65546875 0.1140625 0.1234375
0 0.97265625 0.571875 0.1234375 0.128125
0 1.3828125 1.37421875 0.15 0.1765625
0 1.26171875 1.2609375 0.0265625 0.0375
0 1.29609375 1.26328125 0.0265625 0.0390625
0 1.271875 1.20390625 0.021875 0.0296875
0 1.275 1.17421875 0.021875 0.0265625
0 1.2484375 1.17578125 0.01875 0.0234375
0 1.4765625 1.35546875 0.028125 0.0359375
0 1.521875 1.315625 0.03125 0.040625
0 1.5125 1.26328125 0.021875 0.0265625
0 1.51640625 1.225 0.0203125 0.021875
0 1.4890625 1.221875 0.01875 0.021875
0 1.38359375 1.2109375 0.0171875 0.021875
0 1.54921875 1.20390625 0.0140625 0.0203125
0 1.59140625 1.20546875 0.0171875 0.0234375
0 1.57109375 1.2078125 0.0203125 0.028125
0 1.59140625 1.25234375 0.0171875 0.0484375
0 0.2578125 1.3359375 0.1125 0.121875
0 0.03828125 1.30625 0.0484375 0.059375
0 0.0828125 1.321875 0.04375 0.05625
0 0.13046875 1.29921875 0.0296875 0.0359375
0 0.31640625 1.290625 0.0359375 0.0625
0 0.14140625 1.33984375 0.0390625 0.0390625
0 0.15078125 1.271875 0.0265625 0.025
0 0.353125 1.28515625 0.021875 0.0296875
