0 0.2765625 0.10625 0.165625 0.15
0 0.3921875 0.13828125 0.065625 0.0921875
0 0.62890625 0.1421875 0.0953125 0.1375
0 0.8109375 0.12578125 0.053125 0.0890625
0 1.04453125 0.16484375 0.0734375 0.1328125
0 1.50078125 0.20234375 0.0828125 0.0953125
0 1.55234375 0.0875 0.0859375 0.10625
0 1.396875 0.1046875 0.0375 0.04375
0 0.0375 0.1828125 0.028125 0.028125
0 0.7296875 0.10859375 0.0125 0.0171875
0 1.4625 0.071875 0.009375 0.0125
0 1.425 0.071875 0.0125 0.015625
0 1.50390625 0.09140625 0.0171875 0.0265625
0 1.315625 0.128125 0.06875 0.0875
0 1.28984375 0.125 0.0609375 0.109375
