0 0.44765625 0.31484375 0.0203125 0.0234375
0 0.48828125 0.28828125 0.0234375 0.0234375
0 0.49921875 0.2609375 0.0171875 0.025
0 0.53515625 0.2953125 0.0203125 0.025
0 0.41171875 0.03671875 0.0109375 0.0140625
0 0.44140625 0.0171875 0.0109375 0.015625
0 0.5 0.01484375 0.015625 0.0203125
0 0.46328125 0.0625 0.0140625 0.01875
0 0.4859375 0.07421875 0.015625 0.0203125
0 0.4828125 0.12734375 0.015625 0.0203125
0 0.52890625 0.05546875 0.0140625 0.0203125
0 0.59140625 0.08984375 0.0140625 0.0203125
0 0.56328125 0.12890625 0.0171875 0.0203125
0 0.57421875 0.06640625 0.0109375 0.0171875
0 0.6109375 0.04609375 0.015625 0.0171875
0 0.63046875 0.01328125 0.0140625 0.0171875
0 0.671875 0.0515625 0.015625 0.021875
0 0.675 0.0328125 0.015625 0.01875
0 0.6078125 0.1375 0.015625 0.025
0 0.6734375 0.11796875 0.0125 0.0234375
0 0.70390625 0.15390625 0.0171875 0.0203125
0 0.73984375 0.14375 0.0171875 0.01875
0 0.72578125 0.0109375 0.0109375 0.0125
0 0.7890625 0.0375 0.0125 0.015625
0 0.74453125 0.0859375 0.0109375 0.021875
0 0.78828125 0.125 0.0171875 0.01875
0 0.72265625 0.16796875 0.0171875 0.0234375
0 0.41875 0.15703125 0.015625 0.0203125
0 0.475 0.171875 0.01875 0.025
0 0.5125 0.1765625 0.01875 0.021875
0 0.55 0.18046875 0.01875 0.0234375
0 0.5796875 0.2171875 0.01875 0.01875
0 0.5984375 0.17890625 0.01875 0.0203125
0 0.5703125 0.26171875 0.01875 0.0265625
0 0.64296875 0.1921875 0.0171875 0.021875
0 0.63203125 0.15546875 0.0171875 0.0234375
0 0.6296875 0.2578125 0.01875 0.021875
0 0.60625 0.296875 0.01875 0.021875
0 0.63359375 0.315625 0.0140625 0.021875
0 0.690625 0.29453125 0.021875 0.0234375
0 0.6921875 0.2671875 0.015625 0.021875
0 0.69375 0.2171875 0.01875 0.021875
0 0.7171875 0.19375 0.009375 0.021875
0 0.74296875 0.18125 0.0203125 0.021875
0 0.75546875 0.21953125 0.0171875 0.0265625
0 0.78359375 0.271875 0.0140625 0.01875
0 0.81328125 0.30390625 0.0171875 0.0234375
0 0.83125 0.27265625 0.01875 0.0203125
0 0.78515625 0.19765625 0.0171875 0.0234375
0 0.8046875 0.178125 0.015625 0.01875
0 0.80859375 0.14765625 0.0171875 0.0234375
0 0.828125 0.21484375 0.025 0.0203125
0 0.80078125 0.05859375 0.0171875 0.0171875
0 0.7890625 0.10078125 0.0125 0.0203125
0 0.83515625 0.13671875 0.0171875 0.0234375
0 0.89765625 0.14375 0.0203125 0.025
0 0.8828125 0.0421875 0.015625 0.021875
0 0.8265625 0.075 0.0125 0.028125
0 0.9359375 0.08828125 0.015625 0.0203125
0 0.90546875 0.07109375 0.0140625 0.0203125
0 0.8921875 0.01953125 0.015625 0.0203125
0 0.9703125 0.028125 0.015625 0.021875
0 0.99296875 0.0765625 0.0140625 0.01875
0 0.93125 0.11640625 0.009375 0.0203125
0 0.95703125 0.14609375 0.0203125 0.0234375
0 1.00703125 0.13046875 0.0171875 0.0203125
0 0.86328125 0.18984375 0.0171875 0.0234375
0 0.8453125 0.1765625 0.0125 0.021875
0 0.87265625 0.115625 0.0203125 0.025
0 0.9015625 0.19765625 0.015625 0.0203125
0 0.021875 1.0109375 0.028125 0.03125
0 0.0625 1.1109375 0.034375 0.0375
0 0.01640625 0.08125 0.0203125 0.021875
0 0.03203125 0.21796875 0.0171875 0.0234375
0 1.0046875 0.20078125 0.01875 0.0203125
0 0.93046875 0.16796875 0.0171875 0.0234375
0 0.9515625 0.13203125 0.0125 0.0234375
0 1.0234375 0.16328125 0.015625 0.0203125
0 1.07109375 0.14921875 0.0140625 0.0234375
0 1.0875 0.1375 0.015625 0.021875
0 1.0609375 0.1078125 0.01875 0.021875
0 1.06015625 0.18515625 0.0171875 0.0234375
0 1.01953125 0.25703125 0.0171875 0.0203125
0 1.07578125 0.2671875 0.0171875 0.025
0 1.10703125 0.203125 0.0171875 0.025
0 1.11015625 0.1625 0.0203125 0.01875
0 1.1140625 0.1359375 0.015625 0.021875
0 1.06640625 0.30625 0.0203125 0.028125
0 0.9 0.32421875 0.01875 0.0234375
0 0.9546875 0.334375 0.015625 0.025
0 0.74921875 0.32734375 0.0171875 0.0171875
0 1.04296875 0.01484375 0.0140625 0.0171875
0 1.0859375 0.025 0.015625 0.01875
0 1.1234375 0.04140625 0.0125 0.0234375
0 1.1140625 0.05078125 0.015625 0.0203125
0 1.05546875 0.07109375 0.0171875 0.0203125
0 1.14609375 0.09140625 0.0140625 0.0203125
0 1.2046875 0.07734375 0.009375 0.0234375
0 1.21875 0.0828125 0.015625 0.021875
0 1.221875 0.04375 0.015625 0.01875
0 1.24921875 0.0109375 0.0140625 0.021875
0 1.25 0.053125 0.01875 0.021875
0 1.2421875 0.1046875 0.01875 0.021875
0 1.178125 0.1140625 0.015625 0.021875
0 1.1484375 0.171875 0.01875 0.021875
0 1.20546875 0.1875 0.0140625 0.025
0 1.2453125 0.15078125 0.015625 0.0203125
0 1.2375 0.18125 0.0125 0.025
0 1.278125 0.134375 0.015625 0.025
0 1.30078125 0.00859375 0.0078125 0.0171875
0 1.33046875 0.02734375 0.0109375 0.0203125
0 1.31953125 0.0796875 0.0140625 0.028125
0 1.31875 0.0953125 0.015625 0.021875
0 1.27421875 0.084375 0.0078125 0.021875
0 1.40078125 0.13203125 0.0171875 0.0234375
0 1.415625 0.08046875 0.015625 0.0203125
0 1.47265625 0.0421875 0.0078125 0.015625
0 1.45625 0.09609375 0.0125 0.0203125
0 1.465625 0.0796875 0.0125 0.01875
0 1.51796875 0.084375 0.0171875 0.01875
0 1.4375 0.03515625 0.009375 0.0203125
0 1.51875 0.021875 0.00625 0.01875
0 1.5703125 0.20234375 0.01875 0.0234375
0 1.565625 0.03984375 0.009375 0.0171875
0 1.321875 0.2 0.015625 0.025
0 1.2265625 0.2921875 0.021875 0.025
0 1.1984375 0.3171875 0.015625 0.025
0 1.2734375 0.3078125 0.01875 0.025
0 1.3484375 0.31484375 0.021875 0.0296875
0 1.390625 0.26796875 0.015625 0.0203125
0 1.44375 0.2921875 0.021875 0.025
0 1.49609375 0.26328125 0.0203125 0.0203125
0 1.4921875 0.2390625 0.015625 0.025
0 1.56015625 0.253125 0.0171875 0.025
0 1.53046875 0.29921875 0.0203125 0.0265625
0 1.3921875 0.44609375 0.025 0.0265625
0 1.33515625 0.25703125 0.0078125 0.0265625
0 1.25546875 0.259375 0.0046875 0.021875
0 1.1234375 0.31640625 0.021875 0.0234375
0 0.0296875 0.04296875 0.0125 0.0234375
0 0.11640625 0.05 0.0140625 0.021875
0 0.08046875 0.084375 0.0203125 0.021875
0 0.18203125 0.0359375 0.0109375 0.015625
0 0.17578125 0.03515625 0.0078125 0.0203125
0 0.2109375 0.03984375 0.0125 0.0171875
0 0.22890625 0.053125 0.0140625 0.01875
0 0.25703125 0.0375 0.0171875 0.01875
0 0.2828125 0.00625 0.0125 0.0125
0 0.34375 0.0328125 0.015625 0.01875
0 0.36015625 0.02109375 0.0140625 0.0171875
0 0.18125 0.0875 0.01875 0.021875
0 0.1578125 0.10390625 0.015625 0.0203125
0 0.05546875 0.12890625 0.0140625 0.0171875
0 0.25859375 0.09921875 0.0171875 0.0203125
0 0.3109375 0.0765625 0.01875 0.021875
0 0.3265625 0.06640625 0.015625 0.0203125
0 0.34609375 0.06875 0.0140625 0.01875
0 0.37421875 0.09375 0.0171875 0.021875
0 0.38671875 0.115625 0.0140625 0.01875
0 0.303125 0.1375 0.0125 0.01875
0 0.25625 0.128125 0.0125 0.025
0 0.2296875 0.16015625 0.015625 0.0234375
0 0.26796875 0.17890625 0.0171875 0.0234375
0 0.1953125 0.16796875 0.0125 0.0203125
0 0.128125 0.16875 0.015625 0.025
0 0.09765625 0.11484375 0.0203125 0.0203125
0 0.0328125 0.1359375 0.015625 0.025
0 0.0703125 0.1625 0.015625 0.021875
0 0.1 0.26171875 0.01875 0.0234375
0 0.14765625 0.20859375 0.0171875 0.0171875
0 0.159375 0.2453125 0.015625 0.028125
0 0.1703125 0.26640625 0.01875 0.0234375
0 0.19296875 0.19375 0.0203125 0.025
0 0.23828125 0.19765625 0.0171875 0.0203125
0 0.24296875 0.2421875 0.0171875 0.01875
0 0.225 0.25078125 0.00625 0.0234375
0 0.18046875 0.30703125 0.0203125 0.0234375
0 0.11953125 0.30234375 0.0203125 0.0234375
0 0.03203125 0.2484375 0.0140625 0.025
0 0.03984375 0.28984375 0.0171875 0.0234375
0 0.25703125 0.31328125 0.0171875 0.0234375
0 0.315625 0.26953125 0.01875 0.0234375
0 0.33203125 0.31171875 0.0171875 0.0203125
0 0.3953125 0.29375 0.01875 0.021875
0 0.3640625 0.19765625 0.015625 0.0203125
0 0.40546875 0.203125 0.0171875 0.021875
0 0.44140625 0.26484375 0.0171875 0.0203125
0 0.89375 0.26796875 0.01875 0.0234375
0 0.9578125 0.25625 0.021875 0.021875
0 0.45625 0.209375 0.015625 0.01875
0 1.57421875 0.0171875 0.0140625 0.01875
0 0.95234375 0.196875 0.0203125 0.021875
