0 0.0578125 0.72734375 0.03125 0.0515625
0 0.11484375 0.753125 0.0265625 0.04375
0 0.29921875 0.703125 0.0421875 0.059375
0 0.27890625 0.73125 0.0296875 0.040625
0 0.58125 0.75546875 0.01875 0.0265625
0 0.62578125 0.75078125 0.0109375 0.0171875
0 0.64296875 0.76171875 0.0140625 0.0203125
0 0.675 0.78359375 0.015625 0.0140625
0 0.4953125 0.72734375 0.078125 0.0921875
0 0.74296875 0.765625 0.0734375 0.10625
0 0.8203125 0.74140625 0.034375 0.0453125
0 0.9125 0.76796875 0.0125 0.0171875
0 0.9234375 0.7796875 0.0125 0.021875
0 0.9625 0.78984375 0.034375 0.0484375
0 1.01796875 0.75546875 0.0203125 0.0265625
0 1.05390625 0.8234375 0.0328125 0.05
0 1.12734375 0.76171875 0.0140625 0.0265625
0 1.15703125 0.78359375 0.0421875 0.0703125
0 0.746875 1.10625 0.2125 0.1875
0 1.1078125 0.77109375 0.0125 0.0234375
0 1.13515625 0.83515625 0.0171875 0.0296875
0 1.2546875 0.7546875 0.034375 0.04375
0 1.2265625 0.7609375 0.03125 0.046875
0 1.36953125 0.796875 0.0296875 0.040625
0 1.465625 0.821875 0.040625 0.05
0 1.35 0.76484375 0.015625 0.0203125
0 1.315625 0.784375 0.021875 0.028125
0 1.45546875 0.7625 0.0203125 0.03125
0 1.54453125 0.79453125 0.0265625 0.0359375
