0 1.5875 0.1609375 0.025 0.046875
0 1.578125 0.0546875 0.04375 0.05625
0 1.48515625 0.08671875 0.0421875 0.0515625
0 1.43359375 0.0609375 0.0390625 0.034375
0 1.44296875 0.096875 0.0328125 0.04375
0 1.3625 0.1046875 0.0375 0.046875
0 1.3203125 0.103125 0.046875 0.053125
0 1.4203125 0.23828125 0.0375 0.0484375
0 1.1734375 0.18125 0.046875 0.05625
0 1.18125 0.11328125 0.040625 0.0484375
0 1.221875 0.13359375 0.025 0.0328125
0 1.1546875 0.1109375 0.01875 0.021875
0 1.09921875 0.1515625 0.0390625 0.04375
0 1.02109375 0.14921875 0.0359375 0.0390625
0 1.00703125 0.1640625 0.0234375 0.03125
0 0.953125 0.18828125 0.04375 0.0515625
0 0.9328125 0.13203125 0.034375 0.0359375
0 0.9015625 0.1515625 0.034375 0.0375
0 1.0640625 0.1234375 0.03125 0.0375
0 0.82265625 0.15625 0.0328125 0.0375
0 0.85546875 0.18828125 0.0359375 0.0421875
0 0.8828125 0.25 0.04375 0.05
0 0.715625 0.2625 0.059375 0.0875
0 0.68984375 0.1828125 0.0359375 0.04375
0 0.74140625 0.18125 0.0296875 0.03125
0 0.6640625 0.196875 0.028125 0.034375
0 0.63359375 0.24296875 0.0359375 0.0484375
0 0.6734375 0.30546875 0.040625 0.0671875
0 0.71640625 0.18046875 0.0140625 0.0203125
0 0.5765625 0.215625 0.034375 0.0375
0 0.47578125 0.203125 0.0265625 0.03125
0 0.49296875 0.23046875 0.0359375 0.0390625
0 0.52109375 0.27109375 0.0390625 0.0484375
0 0.4328125 0.2578125 0.04375 0.05
0 0.459375 0.328125 0.065625 0.078125
0 0.4203125 0.33359375 0.034375 0.0453125
0 0.371875 0.30625 0.053125 0.0625
0 0.4015625 0.265625 0.028125 0.034375
0 0.34765625 0.2671875 0.0359375 0.034375
0 0.32265625 0.2546875 0.0265625 0.03125
0 0.24765625 0.31796875 0.0546875 0.0765625
0 0.2859375 0.23125 0.025 0.028125
0 0.13671875 0.28984375 0.0328125 0.0359375
0 0.225 0.31328125 0.028125 0.0390625
0 0.15859375 0.3703125 0.0359375 0.046875
