0 0.0140625 0.44609375 0.01875 0.0421875
0 0.11171875 0.5484375 0.0390625 0.06875
0 0.1671875 0.51015625 0.04375 0.0796875
0 0.2609375 0.45390625 0.053125 0.0671875
0 0.1921875 0.4703125 0.021875 0.040625
0 0.08359375 0.475 0.0359375 0.053125
0 0.07734375 0.4203125 0.0296875 0.034375
0 0.2921875 0.4234375 0.01875 0.021875
0 0.3546875 0.42734375 0.01875 0.0296875
0 0.421875 0.47890625 0.034375 0.0484375
0 0.446875 0.45234375 0.034375 0.0421875
0 0.48515625 0.471875 0.0265625 0.05
0 0.61171875 0.48125 0.0265625 0.040625
0 0.815625 0.47265625 0.39375 0.4078125
0 1.10390625 0.44140625 0.0203125 0.0203125
0 1.04765625 0.49765625 0.0234375 0.0265625
0 0.04296875 0.45 0.0328125 0.046875
0 0.3828125 0.43515625 0.028125 0.0296875
0 0.39140625 0.46796875 0.0328125 0.0359375
0 0.0546875 0.66640625 0.040625 0.0734375
0 0.16328125 0.38828125 0.0265625 0.0265625
