0 1.10859375 0.97109375 0.0109375 0.0140625
0 0.99765625 1.30546875 0.0171875 0.0234375
0 1.03046875 0.97890625 0.0078125 0.0171875
0 1.11015625 1.06796875 0.0109375 0.0203125
0 0.89921875 0.94609375 0.0078125 0.0109375
0 1.04453125 1.14921875 0.0078125 0.0171875
0 0.31640625 0.97421875 0.0078125 0.0109375
0 0.334375 0.971875 0.00625 0.0125
0 0.30078125 0.95078125 0.0078125 0.0140625
0 0.24296875 1.053125 0.0109375 0.01875
0 0.321875 1.0015625 0.009375 0.015625
0 0.3921875 1.02734375 0.009375 0.0171875
0 0.48046875 0.99453125 0.0078125 0.0109375
0 0.5046875 1.02265625 0.00625 0.0171875
0 0.49296875 0.99140625 0.0109375 0.0140625
0 0.53671875 1.11171875 0.0109375 0.0140625
0 0.72734375 1.58359375 0.0265625 0.0296875
0 0.3078125 1.55859375 0.01875 0.0359375
0 0.24296875 1.075 0.0109375 0.0125
0 0.28046875 1.10234375 0.0109375 0.0140625
0 0.31796875 1.1234375 0.0109375 0.015625
0 0.35859375 1.14609375 0.0140625 0.0140625
0 0.36953125 1.1203125 0.0109375 0.0125
0 0.4546875 1.16015625 0.009375 0.0140625
0 0.465625 1.12109375 0.0125 0.0171875
0 0.45078125 1.1171875 0.0109375 0.01875
0 0.4375 1.078125 0.009375 0.015625
0 0.425 1.07734375 0.009375 0.0140625
0 0.40546875 1.14921875 0.0109375 0.0140625
0 0.359375 1.08203125 0.009375 0.0140625
0 0.33125 1.0625 0.0125 0.0125
0 0.3953125 1.05546875 0.009375 0.0140625
0 0.440625 1.0390625 0.009375 0.0125
0 0.41484375 1.01640625 0.0109375 0.0109375
0 0.44453125 1.0078125 0.0078125 0.0125
0 0.4625 0.9890625 0.0125 0.01875
0 0.38046875 1.00625 0.0078125 0.009375
0 0.43046875 0.98203125 0.0109375 0.0203125
0 0.4140625 0.95625 0.009375 0.0125
0 0.45703125 0.925 0.0078125 0.0125
0 0.35859375 1.003125 0.0078125 0.0125
0 0.3390625 1.0125 0.009375 0.009375
0 0.33671875 1.028125 0.0078125 0.0125
0 0.38984375 0.97421875 0.0109375 0.0140625
0 0.35390625 0.98984375 0.0171875 0.0109375
0 0.36328125 0.98203125 0.0109375 0.0109375
0 0.26328125 1.07109375 0.0140625 0.0140625
0 0.25078125 1.0453125 0.0078125 0.0125
0 0.253125 1.021875 0.00625 0.0125
0 0.29140625 1.0078125 0.0078125 0.0125
0 0.2984375 1.0 0.009375 0.015625
0 0.3015625 0.96796875 0.009375 0.0140625
0 0.27890625 0.97421875 0.0109375 0.0109375
0 0.25390625 0.98828125 0.0078125 0.0140625
0 0.2421875 0.9625 0.00625 0.0125
0 0.23125 1.01796875 0.009375 0.0140625
0 0.23203125 0.9890625 0.0078125 0.015625
0 0.26171875 0.95703125 0.0078125 0.0140625
0 0.50078125 1.053125 0.0109375 0.0125
0 0.5296875 1.075 0.009375 0.0125
0 0.57578125 1.0890625 0.0078125 0.015625
0 0.615625 1.07890625 0.009375 0.0171875
0 0.609375 1.05546875 0.009375 0.0140625
0 0.55703125 1.03671875 0.0046875 0.0109375
0 0.46953125 1.0375 0.0109375 0.0125
0 0.48203125 1.0234375 0.0109375 0.015625
0 0.47890625 0.97890625 0.0078125 0.0140625
0 0.584375 0.97421875 0.00625 0.0109375
0 0.60546875 0.96953125 0.0109375 0.0140625
0 0.596875 0.98828125 0.00625 0.0109375
0 0.603125 1.0125 0.00625 0.0125
0 0.6859375 1.1328125 0.0125 0.015625
0 0.71953125 1.159375 0.0109375 0.01875
0 0.70546875 1.2234375 0.0140625 0.015625
0 0.6203125 1.215625 0.015625 0.01875
0 0.6390625 1.1546875 0.0125 0.01875
0 0.55078125 1.1953125 0.0171875 0.021875
0 0.51875 1.18203125 0.0125 0.0203125
0 0.5421875 1.14765625 0.0125 0.0171875
0 0.5890625 1.125 0.009375 0.01875
0 0.4671875 1.34609375 0.0125 0.0234375
0 0.68515625 1.08828125 0.0109375 0.0140625
0 0.67421875 1.0515625 0.0109375 0.0125
0 0.66171875 1.0328125 0.0109375 0.0125
0 0.65546875 1.0203125 0.0078125 0.0125
0 0.6328125 1.01171875 0.0125 0.0140625
0 0.6453125 1.0125 0.00625 0.009375
0 0.56484375 1.01328125 0.0078125 0.0109375
0 0.61171875 1.0421875 0.0078125 0.0125
0 0.89140625 1.04375 0.0078125 0.015625
0 0.86171875 1.0359375 0.0109375 0.009375
0 0.84609375 1.0359375 0.0078125 0.009375
0 0.82265625 1.01875 0.0109375 0.015625
0 0.7859375 1.00703125 0.009375 0.0109375
0 0.7671875 1.03046875 0.0125 0.0140625
0 0.8140625 1.05234375 0.0125 0.0140625
0 0.83515625 1.0609375 0.0109375 0.015625
0 0.78984375 1.05859375 0.0109375 0.0109375
0 0.721875 1.01328125 0.009375 0.0109375
0 0.746875 1.02578125 0.00625 0.0109375
0 0.70625 1.0421875 0.00625 0.0125
0 0.7828125 1.11015625 0.0125 0.0171875
0 0.81328125 1.12109375 0.0109375 0.0109375
0 0.86484375 1.14453125 0.0140625 0.0203125
0 0.79765625 1.175 0.0109375 0.021875
0 0.8375 1.21640625 0.015625 0.0203125
0 0.86484375 1.12109375 0.0109375 0.0171875
0 0.8984375 1.09453125 0.0125 0.0203125
0 0.91640625 1.12734375 0.0109375 0.0203125
0 0.85078125 0.99140625 0.0078125 0.0140625
0 0.8765625 1.0078125 0.00625 0.0125
0 0.7140625 1.0640625 0.009375 0.0125
0 0.75078125 1.05 0.0140625 0.015625
0 0.82890625 0.97421875 0.0078125 0.0109375
0 0.815625 1.00390625 0.009375 0.0109375
0 0.725 0.99453125 0.00625 0.0109375
0 0.753125 0.996875 0.00625 0.009375
0 0.70234375 0.9890625 0.0078125 0.015625
0 0.7328125 1.0796875 0.009375 0.0125
0 0.92734375 1.15625 0.0140625 0.01875
0 0.984375 1.09921875 0.0125 0.0171875
0 0.9765625 1.06875 0.009375 0.015625
0 0.784375 1.25546875 0.015625 0.0203125
0 0.8640625 1.27890625 0.01875 0.0234375
0 0.940625 1.2875 0.01875 0.021875
0 0.92578125 1.234375 0.0140625 0.025
0 0.77734375 0.96640625 0.0078125 0.0109375
0 0.72734375 0.95390625 0.0078125 0.0109375
0 0.696875 0.9375 0.00625 0.009375
0 0.87890625 0.925 0.0078125 0.0125
0 0.909375 0.96484375 0.009375 0.0171875
0 0.88203125 0.965625 0.0109375 0.0125
0 0.9453125 0.9640625 0.009375 0.015625
0 0.92421875 0.94921875 0.0078125 0.0140625
0 0.9625 1.021875 0.00625 0.009375
0 0.9828125 1.01796875 0.009375 0.0109375
0 1.0375 1.0046875 0.009375 0.0125
0 0.9890625 1.04921875 0.00625 0.0109375
0 1.0125 1.08046875 0.0125 0.0140625
0 1.0390625 1.0328125 0.009375 0.015625
0 1.06171875 1.03984375 0.0109375 0.0140625
0 1.07890625 1.046875 0.0078125 0.015625
0 1.1203125 0.99375 0.00625 0.0125
0 1.0421875 1.08359375 0.009375 0.0171875
0 1.08828125 1.0203125 0.0109375 0.015625
0 1.0171875 0.99375 0.0125 0.015625
0 1.13828125 1.0171875 0.0078125 0.01875
0 1.0890625 1.05625 0.0125 0.015625
0 0.99453125 0.9921875 0.0046875 0.009375
0 1.09609375 0.9890625 0.0109375 0.015625
0 1.121875 1.05078125 0.009375 0.0109375
0 1.19375 1.0671875 0.0125 0.015625
0 1.23203125 1.0609375 0.0078125 0.0125
0 1.28046875 1.03046875 0.0078125 0.0109375
0 1.03671875 0.95859375 0.0109375 0.0140625
0 0.93984375 0.9875 0.0109375 0.0125
0 0.996875 1.13046875 0.0125 0.0203125
0 1.03515625 1.12890625 0.0140625 0.0203125
0 1.00703125 1.0328125 0.0140625 0.015625
0 1.2421875 1.0375 0.0125 0.01875
0 1.33671875 1.05546875 0.0109375 0.0171875
0 1.09765625 1.13203125 0.0109375 0.0140625
0 1.075 1.18046875 0.015625 0.0203125
0 1.140625 1.1546875 0.0125 0.021875
0 1.2328125 1.21015625 0.01875 0.0234375
0 1.296875 1.1359375 0.015625 0.01875
0 1.31484375 1.25390625 0.0203125 0.0265625
0 1.35859375 1.2203125 0.0140625 0.021875
0 1.19453125 1.278125 0.0140625 0.021875
0 1.04375 1.2765625 0.025 0.021875
0 1.075 1.209375 0.01875 0.021875
0 1.1609375 1.22265625 0.015625 0.0234375
0 1.30703125 1.33515625 0.0265625 0.0265625
0 1.365625 1.071875 0.00625 0.009375
0 1.34140625 1.09140625 0.0078125 0.0109375
0 1.35546875 1.1109375 0.0140625 0.0125
0 1.0234375 1.16484375 0.015625 0.0234375
0 1.00703125 1.23125 0.0140625 0.01875
0 1.00234375 1.26015625 0.0140625 0.0140625
0 1.0390625 1.3453125 0.021875 0.021875
0 1.146875 1.37578125 0.025 0.0234375
0 1.2953125 1.42578125 0.025 0.0296875
0 0.9421875 1.5828125 0.034375 0.034375
0 0.49765625 0.93828125 0.0328125 0.0671875
0 1.19609375 0.990625 0.0109375 0.015625
0 1.19375 0.959375 0.00625 0.009375
0 0.9703125 0.9703125 0.00625 0.009375
0 0.99609375 0.9796875 0.0078125 0.0125
0 0.965625 0.990625 0.009375 0.0125
