0 0.36328125 0.53203125 0.0515625 0.0546875
0 0.26328125 0.5078125 0.0296875 0.034375
0 0.0359375 0.4953125 0.034375 0.034375
0 0.40078125 0.46171875 0.0328125 0.0359375
0 0.64296875 0.49375 0.0234375 0.034375
0 0.69140625 0.4890625 0.0421875 0.059375
0 0.7515625 0.4671875 0.034375 0.0375
0 0.88203125 0.4953125 0.0265625 0.0375
0 1.00703125 0.48125 0.0390625 0.05625
0 1.240625 0.50625 0.021875 0.028125
0 1.278125 0.48125 0.01875 0.025
0 1.33515625 0.48515625 0.0453125 0.0546875
0 1.5421875 0.5078125 0.01875 0.025
0 1.5640625 0.509375 0.009375 0.0125
