0 0.18671875 1.07734375 0.3390625 0.2453125
0 0.896875 0.5421875 0.309375 0.34375
0 1.56015625 0.903125 0.0796875 0.321875
0 0.5765625 0.56015625 0.078125 0.0921875
0 0.334375 0.5296875 0.1 0.121875
0 0.690625 0.5265625 0.0875 0.10625
0 0.2140625 0.38046875 0.03125 0.0328125
0 0.375 0.34140625 0.025 0.0359375
0 0.5125 0.48046875 0.03125 0.0453125
0 0.4109375 0.48828125 0.046875 0.0515625
0 0.3640625 0.57265625 0.065625 0.0765625
0 0.11953125 0.4625 0.0671875 0.071875
0 1.25625 0.52421875 0.0875 0.0921875
0 1.07890625 0.56484375 0.0671875 0.0703125
0 1.14453125 0.509375 0.0328125 0.040625
0 0.20234375 0.4921875 0.0515625 0.046875
