0 1.10234375 0.6796875 0.0140625 0.015625
0 0.97421875 0.6015625 0.0109375 0.0125
0 1.0265625 0.56640625 0.009375 0.0109375
0 0.97890625 0.68984375 0.0109375 0.0171875
0 0.9296875 0.66875 0.0125 0.015625
0 0.896875 0.68359375 0.0125 0.0140625
0 1.0796875 0.65546875 0.0125 0.0140625
0 0.84296875 0.69921875 0.0140625 0.0171875
0 0.89453125 0.603125 0.0109375 0.0125
0 0.84921875 0.65859375 0.0140625 0.0171875
0 0.828125 0.6359375 0.0125 0.015625
0 0.8203125 0.60234375 0.009375 0.0109375
0 0.78359375 0.63671875 0.0109375 0.0140625
0 0.5671875 0.76953125 0.015625 0.0203125
0 0.625 0.7359375 0.015625 0.01875
0 0.525 0.7578125 0.0125 0.015625
0 0.33984375 0.75234375 0.0203125 0.0203125
0 0.39765625 0.778125 0.0171875 0.01875
0 0.34375 0.78671875 0.0125 0.0203125
0 0.3125 0.84140625 0.021875 0.0234375
0 0.46328125 0.69140625 0.0140625 0.0171875
0 0.46953125 0.62265625 0.0109375 0.0140625
0 0.38671875 0.63671875 0.0109375 0.0140625
0 0.33515625 0.65 0.0140625 0.015625
0 0.3375 0.60546875 0.009375 0.0109375
0 0.275 0.6875 0.015625 0.01875
0 0.2171875 0.65390625 0.0125 0.0140625
0 0.16640625 0.615625 0.0140625 0.0125
0 0.1421875 0.67421875 0.0125 0.0140625
0 0.0703125 0.61953125 0.009375 0.0109375
0 0.12265625 0.690625 0.0140625 0.015625
0 0.71875 0.6015625 0.009375 0.0125
0 0.67890625 0.71484375 0.0171875 0.0171875
0 0.73828125 0.68984375 0.0140625 0.0171875
0 0.6515625 0.6328125 0.0125 0.015625
0 0.6625 0.60859375 0.009375 0.0140625
0 0.6421875 0.62265625 0.0125 0.0109375
0 0.63828125 0.56875 0.0078125 0.009375
0 0.6171875 0.59765625 0.009375 0.0109375
0 0.60546875 0.5734375 0.0078125 0.009375
0 0.57578125 0.58671875 0.0109375 0.0140625
0 0.68125 0.675 0.0125 0.015625
0 0.52265625 0.675 0.0140625 0.015625
0 0.59375 0.63828125 0.009375 0.0140625
0 0.51640625 0.6328125 0.0140625 0.0125
0 0.14296875 0.86015625 0.0140625 0.0203125
0 1.321875 0.71953125 0.015625 0.0171875
0 1.265625 0.68203125 0.009375 0.0140625
0 1.1859375 0.675 0.015625 0.01875
0 1.2390625 0.61875 0.0125 0.0125
0 1.18359375 0.65 0.0140625 0.015625
0 1.1875 0.61953125 0.0125 0.0140625
0 1.13671875 0.6140625 0.0140625 0.015625
0 1.48359375 1.01953125 0.0265625 0.0515625
0 1.56640625 1.00546875 0.0421875 0.0453125
0 1.27734375 1.00625 0.0171875 0.040625
0 1.20078125 1.01640625 0.0171875 0.0390625
0 1.53125 0.67421875 0.01875 0.0171875
0 1.4890625 0.6953125 0.0125 0.01875
0 1.42109375 0.75859375 0.0234375 0.0265625
0 1.37265625 0.65859375 0.0109375 0.0140625
0 1.50859375 0.6609375 0.0171875 0.01875
0 1.4984375 0.6359375 0.0125 0.0125
0 1.41875 0.65625 0.0125 0.015625
0 1.4015625 0.62578125 0.0125 0.0140625
0 1.2203125 0.80546875 0.021875 0.0265625
0 1.15 0.82890625 0.0125 0.0265625
0 1.121875 0.80703125 0.021875 0.0265625
0 0.91640625 0.86328125 0.0265625 0.0296875
0 0.90703125 0.78515625 0.0171875 0.0265625
0 0.978125 0.8421875 0.0125 0.025
0 1.4140625 0.58671875 0.009375 0.0140625
0 1.3296875 0.53203125 0.00625 0.0109375
0 1.28984375 0.56171875 0.0078125 0.0109375
0 1.29609375 0.559375 0.0078125 0.009375
0 1.35234375 0.5109375 0.0078125 0.009375
0 1.290625 0.53125 0.00625 0.009375
0 1.33984375 0.5375 0.0078125 0.009375
0 0.575 0.95546875 0.028125 0.0234375
0 0.2734375 0.525 0.009375 0.009375
0 0.30859375 0.49296875 0.0078125 0.0078125
0 0.2484375 0.49375 0.00625 0.00625
0 1.46953125 0.52578125 0.0078125 0.0109375
0 1.46953125 0.5109375 0.0078125 0.009375
0 1.528125 0.47421875 0.00625 0.0078125
0 1.51953125 0.8734375 0.0296875 0.021875
0 0.9109375 0.81875 0.015625 0.021875
0 0.85078125 0.84375 0.0109375 0.021875
0 0.6625 0.5125 0.00625 0.009375
0 0.72734375 0.51484375 0.0078125 0.0078125
0 0.7203125 0.49609375 0.00625 0.0078125
0 0.6875 0.49296875 0.00625 0.0078125
0 0.61875 0.50625 0.00625 0.00625
0 0.6375 0.50703125 0.00625 0.0078125
0 0.5953125 0.50546875 0.00625 0.0078125
0 0.715625 0.54296875 0.00625 0.0078125
0 0.984375 0.55234375 0.00625 0.0109375
0 0.90703125 0.54921875 0.0078125 0.0109375
0 0.86953125 0.571875 0.0109375 0.0125
0 0.921875 0.50546875 0.00625 0.0078125
0 0.9359375 0.55 0.00625 0.009375
0 0.9546875 0.8453125 0.021875 0.025
0 0.1 0.5234375 0.009375 0.009375
0 0.15703125 0.53203125 0.0078125 0.0078125
0 0.06640625 0.528125 0.0078125 0.009375
0 1.52421875 0.4640625 0.0078125 0.009375
0 0.39609375 0.81171875 0.0171875 0.0234375
0 1.075 0.57578125 0.009375 0.0140625
0 0.5234375 0.65546875 0.009375 0.0109375
0 0.8 0.5734375 0.00625 0.009375
