0 0.21171875 0.2875 0.1015625 0.115625
0 0.328125 0.26953125 0.090625 0.1140625
0 1.18359375 0.43671875 0.0546875 0.0609375
0 1.1171875 0.20078125 0.0375 0.0421875
0 1.271875 0.14765625 0.025 0.0359375
0 1.43828125 0.1703125 0.0296875 0.03125
0 1.48125 0.134375 0.0375 0.04375
0 1.4234375 0.1328125 0.021875 0.034375
0 1.59296875 0.13515625 0.0140625 0.0171875
0 1.30859375 0.15859375 0.0109375 0.0171875
0 1.22578125 0.1515625 0.0140625 0.03125
0 0.92265625 0.18515625 0.0140625 0.0265625
0 1.0046875 0.18671875 0.01875 0.0203125
0 0.7875 0.2203125 0.01875 0.021875
0 0.51953125 0.2453125 0.0140625 0.01875
0 0.53203125 0.2640625 0.0140625 0.01875
