0 1.30078125 0.8390625 0.0078125 0.00625
0 1.31484375 0.90234375 0.0171875 0.0296875
0 1.409375 0.92734375 0.025 0.0296875
0 1.2359375 0.9671875 0.025 0.028125
0 1.29375 0.9984375 0.025 0.028125
0 1.371875 0.953125 0.021875 0.03125
0 1.396875 0.9640625 0.021875 0.021875
0 0.18984375 0.66875 0.0078125 0.009375
0 0.0375 0.2015625 0.0125 0.015625
0 0.09453125 0.1578125 0.0078125 0.009375
0 0.30546875 0.171875 0.0078125 0.00625
0 1.053125 1.04921875 0.025 0.0328125
0 0.73359375 1.04140625 0.0359375 0.0328125
0 0.759375 1.0328125 0.021875 0.03125
0 0.77421875 1.01640625 0.0296875 0.0328125
0 0.82890625 1.00546875 0.0296875 0.0359375
0 0.8625 1.01875 0.025 0.025
0 0.88984375 1.01640625 0.0265625 0.0296875
0 0.84453125 1.05078125 0.0296875 0.0296875
0 0.92109375 1.0109375 0.0296875 0.040625
0 0.9640625 0.93359375 0.021875 0.0078125
0 0.95859375 0.95859375 0.0265625 0.0328125
0 0.97265625 0.990625 0.0265625 0.046875
0 1.246875 1.0546875 0.028125 0.021875
0 1.31953125 1.046875 0.0234375 0.034375
0 1.45859375 1.05078125 0.0265625 0.0265625
0 0.4859375 0.984375 0.021875 0.028125
0 0.66015625 0.7203125 0.0203125 0.0375
0 0.6234375 0.7 0.015625 0.028125
0 0.91171875 0.634375 0.0109375 0.009375
0 1.5640625 0.4203125 0.0375 0.059375
0 1.39375 0.4859375 0.0125 0.015625
0 1.3734375 0.56171875 0.015625 0.0171875
0 1.42578125 0.51796875 0.0078125 0.0140625
0 1.42265625 0.496875 0.0109375 0.015625
0 1.34296875 0.43828125 0.0078125 0.0109375
0 1.36328125 0.4421875 0.0140625 0.01875
0 1.46328125 0.44453125 0.0109375 0.0171875
0 1.325 0.48828125 0.00625 0.0109375
0 1.31875 0.51640625 0.00625 0.0078125
0 1.23125 0.5546875 0.01875 0.01875
0 1.2484375 0.58203125 0.0125 0.0140625
0 1.25078125 0.5515625 0.0109375 0.009375
0 1.4296875 0.28828125 0.009375 0.0078125
0 0.1421875 0.55859375 0.0125 0.0203125
0 0.01015625 0.53984375 0.0140625 0.0203125
0 0.03515625 0.465625 0.0109375 0.015625
0 0.028125 0.4125 0.0125 0.0125
0 0.0953125 0.52421875 0.0125 0.0140625
0 0.090625 0.40078125 0.0125 0.0078125
0 0.25546875 0.52578125 0.0109375 0.0109375
0 0.30390625 0.60234375 0.0109375 0.0140625
0 0.0421875 0.63515625 0.015625 0.0140625
0 0.128125 0.55078125 0.0125 0.0140625
0 0.0484375 0.49375 0.009375 0.0125
0 0.00390625 0.56484375 0.0078125 0.0109375
0 0.31640625 0.16484375 0.0046875 0.0046875
0 0.259375 0.17734375 0.00625 0.0078125
0 0.28046875 0.16328125 0.0078125 0.0078125
0 0.0984375 0.26953125 0.00625 0.0109375
0 0.0875 0.275 0.009375 0.009375
0 0.028125 0.27265625 0.009375 0.0078125
0 0.06328125 0.29140625 0.0109375 0.0078125
0 0.1921875 0.18984375 0.009375 0.0078125
0 0.18984375 0.203125 0.0140625 0.0125
0 0.25859375 0.128125 0.0046875 0.00625
0 0.13125 0.25859375 0.009375 0.0109375
0 0.1484375 0.26953125 0.009375 0.0078125
0 0.121875 0.27578125 0.009375 0.0140625
0 0.3984375 0.1734375 0.00625 0.009375
0 0.265625 0.98125 0.03125 0.04375
0 0.0265625 0.9671875 0.0125 0.021875
0 0.48515625 1.0484375 0.0296875 0.028125
0 0.59296875 1.0359375 0.0328125 0.0375
0 0.5953125 0.9046875 0.021875 0.01875
0 0.5921875 0.98046875 0.028125 0.0296875
0 0.5390625 1.0453125 0.01875 0.025
0 0.99921875 0.93203125 0.0171875 0.0265625
0 1.0265625 0.96796875 0.025 0.0296875
0 1.046875 0.96640625 0.015625 0.0203125
0 1.0625 0.9625 0.01875 0.028125
0 1.05 1.01171875 0.028125 0.0265625
0 1.0921875 1.009375 0.025 0.025
0 1.1140625 1.05546875 0.025 0.0203125
0 1.1625 1.0203125 0.015625 0.01875
0 0.96796875 0.9046875 0.0140625 0.01875
0 0.1484375 0.2828125 0.009375 0.009375
0 0.04921875 0.31015625 0.0078125 0.0078125
0 0.10390625 0.5546875 0.0078125 0.009375
0 0.04609375 0.4453125 0.0078125 0.009375
0 0.378125 0.54453125 0.009375 0.0109375
0 0.28203125 0.55390625 0.0140625 0.0140625
0 0.27109375 0.525 0.0140625 0.015625
0 0.27265625 0.503125 0.0171875 0.0125
0 0.16875 0.490625 0.003125 0.00625
0 0.29296875 0.4984375 0.0046875 0.00625
0 0.303125 0.4984375 0.009375 0.00625
0 1.290625 0.8375 0.009375 0.009375
0 0.59296875 0.94296875 0.0265625 0.0203125
0 0.95390625 0.99921875 0.0078125 0.0078125
0 1.5734375 0.87890625 0.021875 0.0171875
0 1.34296875 1.05234375 0.0234375 0.0203125
0 1.203125 0.87109375 0.025 0.0234375
0 1.18125 0.86015625 0.015625 0.0171875
0 1.26328125 0.965625 0.0234375 0.028125
0 1.528125 0.57734375 0.015625 0.0171875
0 1.33046875 0.5875 0.0171875 0.015625
0 1.19140625 0.57578125 0.0140625 0.0140625
0 1.14375 0.578125 0.0125 0.015625
0 1.2703125 0.5515625 0.009375 0.0125
0 1.40859375 0.51640625 0.0109375 0.0109375
0 0.87734375 0.6015625 0.0140625 0.015625
0 0.90546875 0.60078125 0.0171875 0.0234375
0 0.7859375 0.62109375 0.0125 0.0171875
0 0.77421875 0.6046875 0.0109375 0.015625
0 0.81640625 0.59921875 0.0109375 0.0140625
0 0.11640625 0.34296875 0.0109375 0.0140625
0 0.0484375 0.36015625 0.009375 0.0109375
0 0.1171875 0.21328125 0.00625 0.0078125
0 0.10625 0.21640625 0.00625 0.0078125
0 0.13203125 0.46875 0.0140625 0.015625
0 0.12109375 0.46484375 0.0078125 0.0140625
0 0.128125 0.4515625 0.009375 0.0125
0 0.44921875 0.21875 0.0109375 0.009375
0 0.265625 0.1953125 0.00625 0.009375
0 0.0984375 0.15390625 0.0125 0.0109375
0 0.07734375 0.2046875 0.0078125 0.009375
0 0.446875 0.18984375 0.009375 0.0078125
0 0.2953125 0.11015625 0.00625 0.0078125
0 0.103125 0.22421875 0.009375 0.0109375
0 0.0984375 0.20859375 0.00625 0.0078125
0 0.11796875 0.159375 0.0078125 0.009375
0 1.58125 0.1375 0.009375 0.0125
0 1.565625 0.1765625 0.009375 0.015625
0 1.52734375 0.246875 0.0078125 0.015625
0 0.63125 0.99375 0.025 0.028125
0 0.409375 0.40546875 0.0125 0.0171875
0 1.034375 0.51171875 0.0125 0.0140625
0 1.02421875 0.58125 0.0171875 0.01875
0 1.01953125 0.63515625 0.0171875 0.0171875
0 1.02421875 0.60546875 0.0140625 0.0203125
0 1.31328125 0.86328125 0.0140625 0.0265625
0 1.2109375 0.8078125 0.015625 0.01875
0 1.51953125 0.8015625 0.0203125 0.025
0 1.52734375 0.834375 0.0171875 0.025
0 1.4953125 0.790625 0.01875 0.021875
0 1.47890625 0.80625 0.0171875 0.025
0 1.4703125 0.99296875 0.021875 0.0296875
0 1.4421875 0.97421875 0.025 0.0328125
0 1.55859375 0.8875 0.0140625 0.01875
0 1.328125 1.02265625 0.009375 0.0171875
0 1.38828125 0.98984375 0.0265625 0.0296875
0 1.33125 0.975 0.01875 0.015625
0 1.31953125 0.99296875 0.0109375 0.0140625
0 1.22265625 0.82109375 0.0109375 0.0171875
0 1.14609375 0.98203125 0.0234375 0.0203125
0 1.08359375 0.9734375 0.0078125 0.0125
0 1.121875 0.97890625 0.009375 0.0109375
0 0.93125 0.975 0.0125 0.015625
0 1.0640625 0.8609375 0.015625 0.0125
0 1.23828125 0.81796875 0.0109375 0.0140625
0 0.24609375 1.028125 0.0171875 0.028125
0 0.19453125 0.98515625 0.0109375 0.0140625
0 0.21796875 0.98046875 0.0109375 0.0140625
0 0.225 1.0140625 0.015625 0.021875
0 0.39140625 1.0078125 0.0140625 0.015625
0 0.409375 1.01796875 0.0125 0.0171875
0 0.159375 1.040625 0.015625 0.0375
0 0.18359375 0.99140625 0.0140625 0.0171875
0 0.00859375 0.9796875 0.0140625 0.015625
0 0.08125 0.95625 0.0125 0.0125
0 0.01484375 0.96796875 0.0109375 0.0171875
0 0.1265625 0.9921875 0.015625 0.015625
0 0.07265625 0.50078125 0.0109375 0.0171875
0 0.0796875 0.47421875 0.0125 0.0109375
0 0.1390625 0.42734375 0.00625 0.0078125
0 0.24609375 0.3734375 0.0140625 0.015625
0 0.259375 0.3796875 0.009375 0.009375
0 0.39609375 0.41796875 0.0140625 0.0140625
0 0.37734375 0.39140625 0.0078125 0.0140625
0 0.3921875 0.3734375 0.0125 0.0125
0 0.3921875 0.39375 0.009375 0.009375
0 0.19296875 0.421875 0.0078125 0.0125
0 0.0828125 0.4953125 0.015625 0.015625
0 0.1078125 0.49140625 0.009375 0.0109375
0 0.0984375 0.5 0.009375 0.0125
0 0.12265625 0.53515625 0.0078125 0.0109375
0 1.3078125 0.3390625 0.025 0.021875
0 1.28046875 0.29453125 0.0140625 0.0171875
0 1.35703125 0.33359375 0.0078125 0.0078125
0 1.36171875 0.3453125 0.0078125 0.00625
0 1.37578125 0.30859375 0.0171875 0.0171875
0 1.40546875 0.32578125 0.0296875 0.0203125
0 1.4671875 0.31328125 0.01875 0.0234375
0 1.49921875 0.165625 0.0109375 0.01875
0 1.5390625 0.16171875 0.0125 0.0234375
0 0.51171875 0.33046875 0.0140625 0.0140625
0 0.51484375 0.30625 0.0109375 0.0125
0 0.5015625 0.32421875 0.009375 0.0140625
0 0.60703125 0.3234375 0.0109375 0.0125
0 0.67890625 0.3390625 0.0140625 0.0125
0 0.30234375 0.32734375 0.0109375 0.0140625
0 0.2828125 0.3125 0.009375 0.009375
0 0.37578125 0.1765625 0.0046875 0.00625
0 0.3125 0.13359375 0.00625 0.0078125
0 0.05625 0.26875 0.015625 0.015625
0 0.51875 0.0796875 0.009375 0.0125
0 0.69140625 0.6296875 0.0078125 0.009375
0 0.728125 0.675 0.0125 0.0125
0 0.3296875 0.43125 0.009375 0.0125
0 1.32578125 0.275 0.0203125 0.01875
0 1.23046875 0.26875 0.0171875 0.015625
0 1.25 0.23671875 0.01875 0.0203125
0 1.14921875 0.20625 0.0203125 0.015625
0 0.83515625 0.46484375 0.0171875 0.0171875
0 0.6640625 0.42265625 0.015625 0.0140625
0 0.61640625 0.39921875 0.0171875 0.0140625
0 0.63984375 0.65 0.0140625 0.015625
0 0.51015625 0.1578125 0.0140625 0.01875
0 0.6 0.4515625 0.0125 0.0125
