0 0.4734375 0.73046875 0.071875 0.0765625
0 0.2453125 0.790625 0.0625 0.09375
0 0.20859375 0.6328125 0.0296875 0.03125
0 0.2640625 0.6296875 0.03125 0.040625
0 0.440625 0.60078125 0.028125 0.0359375
0 0.09609375 0.66328125 0.0546875 0.0703125
0 1.3640625 0.76328125 0.0625 0.0765625
0 1.51171875 0.7765625 0.0578125 0.090625
0 1.5515625 0.61328125 0.028125 0.0328125
0 1.578125 0.6015625 0.01875 0.025
0 1.5734375 0.58984375 0.025 0.0265625
0 1.45078125 0.6265625 0.0359375 0.034375
0 1.40625 0.5625 0.015625 0.015625
0 1.1859375 0.70078125 0.04375 0.0484375
0 1.109375 0.7375 0.071875 0.08125
0 1.2703125 0.59140625 0.021875 0.0265625
0 1.0984375 0.59765625 0.021875 0.0265625
0 1.3515625 0.5796875 0.01875 0.025
0 0.9046875 0.7625 0.0625 0.071875
0 0.8953125 0.59609375 0.025 0.0328125
0 0.7796875 0.70234375 0.046875 0.0515625
0 0.68359375 0.7734375 0.0640625 0.090625
0 0.59296875 0.6984375 0.0421875 0.059375
0 0.58828125 0.55703125 0.0140625 0.0203125
0 0.7859375 0.559375 0.0125 0.015625
0 0.7046875 0.57890625 0.025 0.0265625
0 0.34609375 0.56484375 0.0109375 0.0140625
0 0.275 0.52890625 0.0125 0.0171875
0 0.41953125 0.6765625 0.0453125 0.05625
0 0.21328125 0.57265625 0.0203125 0.0296875
0 0.09296875 0.57421875 0.0234375 0.0328125
0 0.05703125 0.5578125 0.0171875 0.01875
0 1.11015625 0.5640625 0.0109375 0.015625
0 1.44765625 0.7046875 0.0328125 0.05
0 1.06015625 0.5671875 0.0140625 0.015625
0 0.09140625 0.53671875 0.0171875 0.0203125
0 0.03203125 0.5359375 0.0203125 0.025
