0 0.75625 0.53125 0.10625 0.1375
0 0.909375 0.4890625 0.08125 0.06875
0 1.26328125 0.4109375 0.1046875 0.128125
0 1.221875 0.38359375 0.084375 0.1140625
0 1.3828125 0.25078125 0.08125 0.0890625
0 1.096875 0.35234375 0.078125 0.0828125
0 1.0578125 0.36328125 0.05625 0.0640625
0 1.0046875 0.371875 0.05 0.065625
0 0.50703125 0.40859375 0.0890625 0.1078125
0 0.34453125 0.44296875 0.0703125 0.0859375
0 0.17109375 0.4609375 0.0796875 0.096875
0 0.04609375 0.40625 0.0390625 0.04375
0 0.34453125 0.37890625 0.0515625 0.0609375
0 0.7046875 0.32109375 0.046875 0.0546875
0 1.2953125 0.23359375 0.04375 0.0515625
0 1.56953125 0.30625 0.0609375 0.1125
0 1.5109375 0.2 0.05625 0.075
0 1.46171875 0.225 0.0359375 0.04375
0 1.1984375 0.19765625 0.0375 0.0484375
0 1.06953125 0.21953125 0.0328125 0.0421875
0 1.24453125 0.17578125 0.0265625 0.0421875
0 1.51796875 0.13515625 0.0390625 0.0453125
0 1.3453125 0.21640625 0.05625 0.0765625
0 0.83671875 0.2125 0.0296875 0.040625
0 0.51484375 0.2984375 0.0484375 0.05625
0 0.2796875 0.4421875 0.040625 0.053125
0 0.76796875 0.34453125 0.0640625 0.0828125
0 0.91953125 0.6359375 0.0609375 0.071875
0 1.384375 0.1015625 0.03125 0.0375
0 1.18125 0.0984375 0.025 0.03125
0 0.24765625 0.303125 0.0265625 0.03125
