0 0.50078125 0.53984375 0.0734375 0.1109375
0 0.475 0.4625 0.08125 0.075
0 0.40546875 0.51171875 0.0515625 0.0796875
0 0.32421875 0.54921875 0.0296875 0.0359375
0 0.16953125 0.69296875 0.0734375 0.0921875
0 0.08671875 0.85390625 0.1734375 0.1859375
0 0.13828125 0.6109375 0.0390625 0.046875
0 0.18515625 0.61171875 0.0140625 0.0140625
0 0.23046875 0.56875 0.0171875 0.015625
0 0.33515625 0.5359375 0.0265625 0.028125
0 0.19375 0.578125 0.021875 0.021875
0 0.16328125 0.59921875 0.0203125 0.0203125
0 0.1046875 0.61953125 0.021875 0.0359375
0 0.0828125 0.62890625 0.015625 0.0171875
0 0.05078125 0.63515625 0.0140625 0.0203125
0 0.02109375 0.6546875 0.0171875 0.015625
0 0.321875 0.49453125 0.015625 0.0171875
0 0.30859375 0.496875 0.0140625 0.021875
0 0.296875 0.48671875 0.015625 0.0171875
0 0.24765625 0.55625 0.0203125 0.025
0 0.2375 0.3796875 0.084375 0.096875
0 0.36328125 0.46953125 0.0265625 0.0234375
0 0.3921875 0.4546875 0.015625 0.0125
0 0.290625 0.51484375 0.01875 0.0171875
0 0.5953125 0.32578125 0.0125 0.0109375
0 0.596875 0.3890625 0.015625 0.021875
0 0.59375 0.4171875 0.025 0.025
0 0.62734375 0.3078125 0.0109375 0.015625
0 0.55625 0.321875 0.0125 0.0125
0 0.63203125 0.33359375 0.0140625 0.0171875
0 0.63984375 0.3109375 0.0109375 0.0125
0 0.5453125 0.4671875 0.015625 0.015625
0 0.57890625 0.4625 0.0140625 0.015625
0 0.61015625 0.4578125 0.0140625 0.01875
0 0.49453125 0.409375 0.0109375 0.009375
0 0.55546875 0.39296875 0.0109375 0.0140625
0 0.57109375 0.3953125 0.0140625 0.01875
0 0.615625 0.36015625 0.009375 0.0109375
0 0.59453125 0.37265625 0.0078125 0.0078125
0 0.58046875 0.36640625 0.0078125 0.0078125
0 1.2703125 0.26796875 0.084375 0.1109375
0 1.34375 0.22109375 0.08125 0.0921875
0 1.11796875 0.2109375 0.0234375 0.0375
0 1.0625 0.23125 0.01875 0.028125
0 1.05234375 0.24609375 0.0171875 0.0234375
0 1.07265625 0.19296875 0.0234375 0.0328125
0 1.10546875 0.23984375 0.0203125 0.0234375
0 1.203125 0.1734375 0.034375 0.034375
0 1.2953125 0.1515625 0.028125 0.03125
0 1.1421875 0.19453125 0.028125 0.0359375
0 1.17421875 0.19296875 0.0140625 0.0234375
0 1.19296875 0.18828125 0.0171875 0.0203125
0 1.13046875 0.1640625 0.0140625 0.01875
0 1.1421875 0.2765625 0.053125 0.05625
0 0.553125 0.29140625 0.00625 0.0078125
0 0.5828125 0.29375 0.00625 0.00625
0 1.30703125 0.09375 0.0296875 0.046875
0 1.40390625 0.0828125 0.0328125 0.0375
0 1.51953125 0.18125 0.1234375 0.165625
0 1.57109375 0.25625 0.0578125 0.109375
0 1.02890625 0.4703125 0.4015625 0.48125
0 0.62734375 0.64609375 0.1359375 0.1703125
