0 0.2171875 0.11875 0.025 0.040625
0 0.353125 0.22890625 0.03125 0.0390625
0 0.4546875 0.19453125 0.0375 0.0484375
0 0.534375 0.17421875 0.034375 0.0421875
0 0.66875 0.14765625 0.05 0.0578125
0 0.8328125 0.10703125 0.05 0.0609375
0 0.1265625 0.296875 0.0375 0.053125
0 0.334375 0.1265625 0.025 0.040625
0 0.25546875 0.1359375 0.0265625 0.04375
0 0.46328125 0.1234375 0.0296875 0.0375
0 0.3046875 0.090625 0.025 0.03125
0 0.359375 0.11171875 0.021875 0.0296875
0 0.5109375 0.1140625 0.025 0.025
0 0.55234375 0.1125 0.0265625 0.028125
0 0.5984375 0.1203125 0.021875 0.03125
0 0.92890625 0.15 0.0234375 0.03125
0 1.071875 0.13984375 0.059375 0.0640625
0 1.28984375 0.11953125 0.0515625 0.0578125
0 1.4203125 0.178125 0.04375 0.04375
0 1.5109375 0.2109375 0.034375 0.034375
0 1.2359375 0.1734375 0.04375 0.040625
0 0.1984375 0.078125 0.025 0.028125
0 0.48515625 0.1265625 0.0140625 0.015625
0 0.49296875 0.1453125 0.0140625 0.01875
0 0.56328125 0.1375 0.0234375 0.025
0 0.7046875 0.13828125 0.01875 0.0265625
0 1.17265625 0.17578125 0.0171875 0.0203125
0 1.03984375 0.17265625 0.0203125 0.0265625
0 0.984375 0.17265625 0.015625 0.0203125
0 0.77265625 0.12265625 0.0171875 0.0296875
0 0.38359375 0.16015625 0.0265625 0.0328125
0 0.1109375 0.13203125 0.0375 0.0453125
0 0.09296875 0.09375 0.0328125 0.0375
0 0.94375 0.2 0.03125 0.040625
