0 0.16015625 0.49453125 0.0390625 0.0609375
0 0.3125 0.48984375 0.040625 0.0578125
0 0.46328125 0.50625 0.0234375 0.040625
0 0.51875 0.503125 0.03125 0.046875
0 0.578125 0.55390625 0.03125 0.0578125
0 0.81875 0.5171875 0.034375 0.05
0 0.88125 0.53203125 0.025 0.0453125
0 0.89765625 0.5375 0.0359375 0.06875
0 0.92734375 0.49453125 0.0328125 0.0796875
0 1.11328125 0.51875 0.0859375 0.125
0 1.22109375 0.50546875 0.0328125 0.0484375
0 1.3140625 0.33984375 0.18125 0.2109375
0 1.5515625 0.46796875 0.04375 0.0859375
0 1.078125 0.49453125 0.025 0.0265625
