0 0.28125 0.59140625 0.1 0.1296875
0 0.209375 0.5390625 0.034375 0.0375
0 0.603125 0.62421875 0.059375 0.0640625
0 0.7578125 0.5359375 0.159375 0.215625
0 0.96015625 0.55390625 0.0484375 0.0671875
0 1.04453125 0.49609375 0.0171875 0.0265625
0 1.06640625 0.490625 0.0171875 0.01875
0 1.3390625 0.51875 0.025 0.025
0 1.3609375 0.47890625 0.025 0.0265625
0 1.43984375 0.490625 0.0171875 0.01875
0 1.51953125 0.4859375 0.0203125 0.025
0 1.56328125 0.4640625 0.0203125 0.021875
0 1.078125 0.5765625 0.03125 0.040625
0 1.11640625 0.54140625 0.0296875 0.0296875
