0 1.42421875 0.8203125 0.0328125 0.040625
0 1.48828125 0.6484375 0.0265625 0.040625
0 1.4359375 0.62109375 0.021875 0.0296875
0 1.34453125 0.665625 0.0171875 0.03125
0 1.31796875 0.63828125 0.0328125 0.0390625
0 1.540625 0.3875 0.025 0.034375
0 1.48828125 0.47890625 0.0171875 0.0359375
0 1.259375 0.6828125 0.021875 0.040625
0 1.1453125 0.6796875 0.028125 0.0375
0 1.21328125 0.6421875 0.0234375 0.03125
0 1.12109375 0.63359375 0.0265625 0.0328125
0 1.03203125 0.659375 0.0296875 0.0375
0 1.01640625 0.63984375 0.0328125 0.0359375
0 0.86015625 0.5875 0.0265625 0.034375
0 0.821875 0.6640625 0.03125 0.034375
0 0.7 0.63515625 0.034375 0.0453125
0 0.703125 0.5703125 0.0125 0.028125
0 0.6390625 0.67265625 0.028125 0.0328125
0 0.5453125 0.63125 0.028125 0.034375
0 0.4875 0.63125 0.028125 0.0375
0 0.5421875 0.59453125 0.028125 0.0328125
0 0.41796875 0.69375 0.0359375 0.03125
0 0.35 0.71796875 0.028125 0.0328125
0 0.2890625 0.65390625 0.028125 0.0359375
0 0.27734375 0.678125 0.0234375 0.0375
0 0.1609375 0.6671875 0.03125 0.040625
0 0.1203125 0.6203125 0.03125 0.034375
0 0.1046875 0.55546875 0.028125 0.0359375
0 0.0109375 0.59375 0.015625 0.0375
0 0.0734375 0.50625 0.025 0.03125
0 0.4390625 0.51796875 0.028125 0.0328125
0 0.315625 0.5125 0.025 0.034375
0 0.25546875 0.54453125 0.0265625 0.0390625
0 0.21796875 0.43671875 0.0234375 0.0296875
0 0.17734375 0.46015625 0.0234375 0.0296875
0 0.3015625 0.45 0.021875 0.025
0 0.396875 0.4359375 0.01875 0.028125
0 0.50390625 0.45390625 0.0234375 0.0296875
0 0.45390625 0.47578125 0.0203125 0.0265625
0 0.56171875 0.42890625 0.0234375 0.0203125
0 0.471875 0.39921875 0.028125 0.0328125
0 0.43046875 0.3984375 0.0265625 0.0375
0 0.475 0.3703125 0.025 0.03125
0 0.30703125 0.38125 0.0234375 0.034375
0 0.2015625 0.38984375 0.021875 0.0296875
0 0.02734375 0.20234375 0.0265625 0.0296875
0 0.0234375 0.23828125 0.021875 0.0265625
0 0.1765625 0.15234375 0.01875 0.0234375
0 0.6953125 0.45234375 0.025 0.0328125
0 0.64609375 0.3765625 0.0234375 0.028125
0 0.68359375 0.5015625 0.0234375 0.01875
0 0.60546875 0.3421875 0.0171875 0.03125
0 0.1015625 0.0640625 0.01875 0.025
0 0.1546875 0.0390625 0.01875 0.028125
0 0.4359375 0.06328125 0.021875 0.0296875
0 0.41953125 0.0421875 0.0140625 0.021875
0 0.32265625 0.05 0.0203125 0.028125
0 0.2125 0.0421875 0.01875 0.025
0 0.47109375 0.0296875 0.0203125 0.025
0 0.62734375 0.1140625 0.0203125 0.03125
0 0.809375 0.26953125 0.021875 0.0328125
0 0.78515625 0.3109375 0.0265625 0.03125
0 0.8140625 0.3140625 0.025 0.03125
0 0.8421875 0.2875 0.01875 0.025
0 0.90703125 0.303125 0.0203125 0.025
0 0.9609375 0.26875 0.025 0.03125
0 0.78359375 0.221875 0.0265625 0.040625
0 0.79453125 0.2046875 0.0203125 0.03125
0 0.83828125 0.19140625 0.0171875 0.0171875
0 0.81875 0.203125 0.015625 0.01875
0 0.95390625 0.15625 0.0203125 0.025
0 0.9125 0.14609375 0.015625 0.0234375
0 0.8953125 0.1171875 0.021875 0.025
0 0.8265625 0.0703125 0.021875 0.025
0 0.7875 0.07734375 0.01875 0.0234375
0 0.81796875 0.0453125 0.0203125 0.025
0 0.83125 0.021875 0.01875 0.025
0 0.884375 0.01171875 0.01875 0.0234375
0 0.83671875 0.11953125 0.0203125 0.0234375
0 0.9609375 0.20546875 0.01875 0.0265625
0 0.84921875 0.16484375 0.0203125 0.0265625
0 1.16875 0.0515625 0.01875 0.028125
0 1.14609375 0.0640625 0.0171875 0.021875
0 1.31796875 0.0546875 0.0203125 0.025
0 1.36015625 0.0375 0.0234375 0.025
0 1.3890625 0.05625 0.015625 0.025
0 1.496875 0.1484375 0.021875 0.021875
0 1.52421875 0.11796875 0.0203125 0.0265625
0 1.47890625 0.0984375 0.0234375 0.028125
0 1.4609375 0.090625 0.01875 0.025
0 1.52109375 0.18671875 0.0203125 0.0296875
0 1.4296875 0.1015625 0.01875 0.03125
0 1.3453125 0.18203125 0.021875 0.0296875
0 1.31640625 0.23671875 0.0234375 0.0328125
0 1.29453125 0.25390625 0.0265625 0.0328125
0 1.3265625 0.290625 0.025 0.034375
0 1.25 0.284375 0.025 0.034375
0 1.22109375 0.2203125 0.0171875 0.028125
0 1.1125 0.28046875 0.025 0.0296875
0 1.06328125 0.346875 0.0234375 0.03125
0 1.0875 0.31953125 0.025 0.0296875
0 1.2078125 0.35859375 0.025 0.0328125
0 0.72734375 0.2125 0.0171875 0.021875
0 1.3 0.42421875 0.025 0.0328125
0 1.1984375 0.4375 0.028125 0.0375
0 1.18046875 0.40078125 0.0265625 0.0328125
0 1.26328125 0.48984375 0.0234375 0.0390625
0 1.2515625 0.453125 0.01875 0.028125
0 1.15625 0.496875 0.025 0.034375
0 1.32421875 0.37265625 0.0265625 0.0296875
0 1.39765625 0.3046875 0.0265625 0.0375
0 1.36875 0.44375 0.021875 0.03125
0 1.04765625 0.49140625 0.0265625 0.0359375
0 1.13984375 0.41953125 0.0171875 0.0296875
0 0.9203125 0.19609375 0.025 0.0328125
0 1.4296875 0.01640625 0.01875 0.0203125
0 0.0296875 0.42578125 0.021875 0.0296875
0 0.00703125 0.5125 0.0140625 0.03125
0 1.50625 0.565625 0.0125 0.015625
0 1.52421875 0.55078125 0.0140625 0.0171875
0 1.58359375 0.5171875 0.0296875 0.03125
