0 0.01953125 0.92109375 0.0265625 0.0578125
0 0.06171875 0.9140625 0.0421875 0.05
0 0.1671875 0.9265625 0.034375 0.0375
0 0.25625 0.62421875 0.015625 0.0234375
0 0.28359375 0.634375 0.0203125 0.01875
0 0.3 0.7109375 0.021875 0.025
0 0.4359375 0.753125 0.021875 0.03125
0 0.3609375 0.78984375 0.021875 0.0390625
0 0.51875 0.74765625 0.01875 0.0328125
0 0.27109375 0.80625 0.0203125 0.034375
0 0.30859375 0.825 0.0265625 0.034375
0 0.3046875 0.875 0.040625 0.04375
0 0.41328125 0.97578125 0.0484375 0.0484375
0 0.390625 0.86484375 0.028125 0.0390625
0 0.4828125 0.8484375 0.040625 0.053125
0 0.51171875 0.8328125 0.0203125 0.034375
0 0.603125 0.65 0.028125 0.015625
0 0.5625 0.6796875 0.028125 0.028125
0 0.5578125 0.75 0.028125 0.0375
0 0.609375 0.72890625 0.028125 0.0328125
0 0.615625 0.68828125 0.015625 0.0234375
0 0.65234375 0.73046875 0.0203125 0.0296875
0 0.64609375 0.70546875 0.0171875 0.0203125
0 0.640625 0.81953125 0.034375 0.0421875
0 0.68828125 0.80546875 0.0265625 0.0328125
0 0.62421875 0.921875 0.0390625 0.05625
0 0.7203125 0.878125 0.0375 0.046875
0 0.778125 0.790625 0.025 0.034375
0 0.83515625 0.9 0.0265625 0.03125
0 0.7328125 0.6234375 0.0125 0.01875
0 0.709375 0.6515625 0.0125 0.015625
0 0.7828125 0.58046875 0.0125 0.0171875
0 0.70546875 0.7390625 0.0203125 0.03125
0 0.7390625 0.7328125 0.01875 0.03125
0 0.8984375 0.6609375 0.0125 0.021875
0 0.92734375 0.70625 0.0234375 0.028125
0 0.7328125 0.6984375 0.015625 0.00625
0 0.91015625 0.86171875 0.0265625 0.0359375
0 0.9734375 0.8171875 0.025 0.028125
0 1.08515625 0.79609375 0.0203125 0.0328125
0 0.92109375 0.76015625 0.0171875 0.0265625
0 0.94921875 0.69453125 0.0171875 0.0234375
0 1.00234375 0.70625 0.0265625 0.028125
0 1.09921875 0.646875 0.0109375 0.01875
0 1.16171875 0.65 0.0140625 0.021875
0 1.19609375 0.65703125 0.0171875 0.0203125
0 1.25859375 0.653125 0.0171875 0.021875
0 1.21640625 0.6328125 0.0140625 0.015625
0 1.20625 0.778125 0.025 0.03125
0 1.2625 0.7140625 0.025 0.025
0 1.3390625 0.72734375 0.01875 0.0265625
0 1.303125 0.63671875 0.0125 0.0140625
0 1.23828125 0.896875 0.0296875 0.040625
0 1.27734375 0.878125 0.0234375 0.040625
0 1.1625 0.721875 0.01875 0.03125
0 1.28203125 0.61484375 0.0140625 0.0171875
0 1.36171875 0.5953125 0.0140625 0.015625
0 1.43828125 0.59921875 0.0078125 0.0140625
0 1.47265625 0.590625 0.0140625 0.01875
0 1.5625 0.57109375 0.009375 0.0140625
0 1.39375 0.68203125 0.021875 0.0234375
0 1.5046875 0.74921875 0.028125 0.0359375
0 1.4765625 0.84140625 0.025 0.0359375
0 1.3484375 0.79140625 0.03125 0.0453125
