0 1.22734375 0.19375 0.0390625 0.04375
0 1.3484375 0.15546875 0.040625 0.0421875
0 1.559375 0.415625 0.040625 0.05
0 0.634375 0.26328125 0.05 0.0546875
0 0.5765625 0.16796875 0.05 0.0640625
0 0.62578125 0.14609375 0.0390625 0.0359375
0 0.62109375 0.1875 0.0265625 0.028125
0 0.71484375 0.16875 0.0359375 0.04375
0 0.87421875 0.18984375 0.0390625 0.0578125
0 0.2953125 0.16953125 0.05 0.0546875
0 0.04296875 0.16015625 0.0203125 0.0515625
0 1.09765625 0.15390625 0.0234375 0.0390625
0 1.2546875 0.10234375 0.028125 0.0328125
0 0.540625 0.190625 0.040625 0.040625
0 0.546875 0.15078125 0.0375 0.0390625
