0 0.015625 0.4359375 0.03125 0.075
0 0.04609375 0.42421875 0.0265625 0.0359375
0 0.13515625 0.4140625 0.0359375 0.059375
0 0.20234375 0.45625 0.0671875 0.08125
0 0.265625 0.4390625 0.025 0.046875
0 0.3140625 0.42578125 0.0375 0.0484375
0 0.4484375 0.49765625 0.084375 0.0765625
0 0.51640625 0.41328125 0.0234375 0.0265625
0 0.79296875 0.42890625 0.0265625 0.0359375
0 1.0453125 0.4375 0.028125 0.046875
0 1.115625 0.47734375 0.034375 0.0734375
0 1.24921875 0.4484375 0.0359375 0.046875
0 1.29140625 0.46875 0.0296875 0.05625
0 1.1375 0.41640625 0.01875 0.0234375
0 1.14609375 0.41484375 0.0171875 0.0234375
0 1.38671875 0.47578125 0.0296875 0.0328125
0 1.43828125 0.4640625 0.0171875 0.021875
0 1.4671875 0.48046875 0.03125 0.0296875
0 1.51640625 0.46640625 0.0265625 0.0296875
0 1.56484375 0.47265625 0.0234375 0.0203125
0 1.39140625 0.43671875 0.0265625 0.0265625
