0 0.4625 0.7390625 0.059375 0.090625
0 0.20703125 0.56328125 0.0421875 0.0515625
0 0.309375 0.56953125 0.034375 0.0421875
0 0.359375 0.58828125 0.034375 0.0421875
0 0.4171875 0.578125 0.04375 0.05
0 0.3765625 0.53359375 0.03125 0.0390625
0 0.4625 0.5125 0.03125 0.0375
0 0.53125 0.56640625 0.034375 0.0390625
0 0.29453125 0.51796875 0.0328125 0.0390625
0 0.56015625 0.48984375 0.0328125 0.0390625
0 0.71171875 0.50234375 0.0390625 0.0421875
0 0.69609375 0.66015625 0.0421875 0.0671875
0 0.87890625 0.496875 0.0359375 0.05
0 1.02265625 0.496875 0.0359375 0.046875
0 1.0921875 0.45234375 0.028125 0.0359375
0 1.18359375 0.446875 0.0359375 0.04375
0 1.328125 0.6 0.171875 0.25
0 1.25859375 0.41875 0.0171875 0.03125
0 0.93515625 0.671875 0.0421875 0.075
