0 0.09921875 0.20234375 0.0453125 0.0734375
0 0.26484375 0.2421875 0.0640625 0.06875
0 0.0640625 0.27109375 0.05625 0.0859375
0 0.1640625 0.37890625 0.075 0.1078125
0 0.23203125 0.41953125 0.0921875 0.1265625
0 0.31875 0.4796875 0.1125 0.13125
0 0.3015625 0.16328125 0.046875 0.0546875
0 0.22421875 0.15625 0.0390625 0.05625
0 0.6671875 0.42421875 0.09375 0.1109375
0 0.69296875 0.62890625 0.1203125 0.1359375
0 1.13828125 0.56484375 0.1078125 0.1421875
0 1.26015625 0.746875 0.1203125 0.153125
0 1.5140625 0.7703125 0.16875 0.203125
0 1.57578125 0.4328125 0.0453125 0.1
