0 0.06484375 0.5171875 0.0484375 0.06875
0 0.14453125 0.54375 0.0453125 0.05
0 0.22578125 0.5390625 0.0328125 0.046875
0 0.021875 0.39453125 0.028125 0.0296875
0 0.01015625 0.3625 0.0171875 0.025
0 0.2015625 0.37265625 0.025 0.0328125
0 0.18984375 0.40234375 0.0234375 0.0265625
0 0.30703125 0.41640625 0.0234375 0.0296875
0 0.34609375 0.43046875 0.0203125 0.0328125
0 0.38203125 0.54453125 0.0328125 0.0484375
0 0.36171875 0.3609375 0.0234375 0.028125
0 0.36953125 0.390625 0.0296875 0.021875
0 0.40625 0.36484375 0.025 0.0265625
0 0.4453125 0.41640625 0.025 0.0265625
0 0.4296875 0.54609375 0.05 0.0609375
0 0.4765625 0.5578125 0.05 0.05625
0 0.47890625 0.3953125 0.0203125 0.021875
0 0.33984375 0.328125 0.0203125 0.01875
0 0.37734375 0.32734375 0.0203125 0.0171875
0 0.5046875 0.39296875 0.021875 0.0234375
0 0.5015625 0.36796875 0.021875 0.0140625
0 0.5671875 0.41015625 0.021875 0.0265625
0 0.60625 0.434375 0.034375 0.028125
0 0.62734375 0.42734375 0.0203125 0.0328125
0 0.56015625 0.51328125 0.0390625 0.0453125
0 0.69921875 0.43203125 0.0328125 0.0390625
0 0.6921875 0.38046875 0.028125 0.0171875
0 0.7171875 0.37109375 0.01875 0.0296875
0 0.58671875 0.35234375 0.0265625 0.0296875
0 0.70390625 0.34140625 0.0171875 0.0234375
0 0.7515625 0.32734375 0.021875 0.0171875
0 0.7546875 0.36171875 0.021875 0.0296875
0 0.778125 0.340625 0.009375 0.009375
0 0.85 0.3421875 0.01875 0.021875
0 0.671875 0.5234375 0.03125 0.05
0 0.8 0.48828125 0.021875 0.0265625
0 0.8875 0.35546875 0.028125 0.0359375
0 0.925 0.365625 0.021875 0.025
0 0.96171875 0.3734375 0.0234375 0.025
0 0.97734375 0.4234375 0.0203125 0.028125
0 0.96328125 0.45234375 0.0203125 0.0328125
0 0.9671875 0.34765625 0.0125 0.0171875
0 0.97421875 0.3265625 0.0171875 0.021875
0 1.19609375 0.45859375 0.0359375 0.0328125
0 1.2546875 0.39453125 0.009375 0.0265625
0 1.309375 0.3984375 0.015625 0.028125
0 1.33359375 0.39609375 0.0234375 0.0203125
0 1.3765625 0.39765625 0.021875 0.0234375
0 1.35546875 0.36875 0.0140625 0.015625
0 1.4921875 0.40546875 0.03125 0.0390625
0 1.5859375 0.440625 0.028125 0.034375
0 0.91640625 0.2296875 0.0140625 0.015625
0 1.38046875 0.33671875 0.0140625 0.0171875
0 1.21328125 0.42265625 0.0203125 0.0203125
0 1.50078125 0.5609375 0.0296875 0.040625
0 0.86640625 0.31640625 0.0140625 0.0140625
0 0.7375 0.5171875 0.0375 0.040625
0 0.0109375 0.346875 0.015625 0.021875
0 0.1625 0.44765625 0.025 0.0296875
0 0.21328125 0.334375 0.0109375 0.01875
0 0.63671875 0.3625 0.0171875 0.021875
0 0.659375 0.31484375 0.015625 0.0234375
0 1.265625 0.38046875 0.01875 0.0328125
0 1.3390625 0.3734375 0.015625 0.021875
0 1.47265625 0.45546875 0.0203125 0.0265625
0 1.4765625 0.52890625 0.021875 0.0328125
0 0.378125 0.3828125 0.01875 0.028125
