0 0.42578125 0.3984375 0.0546875 0.053125
0 0.6515625 0.33671875 0.053125 0.0609375
0 0.81484375 0.35546875 0.0546875 0.0640625
0 0.9828125 0.41484375 0.06875 0.0703125
0 0.9703125 0.328125 0.0625 0.071875
0 0.00625 0.38984375 0.009375 0.0171875
0 0.24921875 0.35078125 0.0265625 0.0296875
0 0.2875 0.4 0.015625 0.015625
0 0.50390625 0.38515625 0.0109375 0.0109375
0 0.46328125 0.3859375 0.0109375 0.015625
0 0.390625 0.365625 0.0125 0.0125
0 0.7921875 0.37890625 0.00625 0.0078125
0 0.8078125 0.5171875 0.03125 0.05
