0 0.01953125 0.47734375 0.0296875 0.0359375
0 0.05234375 0.51953125 0.0328125 0.0328125
0 0.1546875 0.48828125 0.028125 0.0328125
0 0.07109375 0.66796875 0.0921875 0.0953125
0 0.3125 0.60625 0.06875 0.0875
0 0.346875 0.57421875 0.040625 0.0609375
0 0.32265625 0.51796875 0.0296875 0.0453125
0 0.33828125 0.47265625 0.0203125 0.0234375
0 0.51796875 0.48203125 0.0296875 0.0328125
0 0.47421875 0.55625 0.0484375 0.059375
0 0.55625 0.57578125 0.053125 0.0734375
0 0.6265625 0.52421875 0.0375 0.0546875
0 0.58046875 0.4421875 0.0140625 0.015625
0 0.6453125 0.4734375 0.028125 0.034375
0 0.68203125 0.49296875 0.0234375 0.0296875
0 0.7046875 0.546875 0.046875 0.0625
0 0.74453125 0.53984375 0.0359375 0.0484375
0 0.7484375 0.44921875 0.01875 0.0171875
0 0.8671875 0.60234375 0.034375 0.0390625
0 0.921875 0.6265625 0.059375 0.08125
0 0.72734375 0.6796875 0.0578125 0.084375
0 0.75546875 0.7703125 0.0921875 0.14375
0 0.95625 0.4921875 0.025 0.0375
0 1.1 0.4921875 0.034375 0.040625
0 1.084375 0.540625 0.034375 0.04375
0 1.13515625 0.53671875 0.0453125 0.0578125
0 1.11640625 0.4578125 0.0171875 0.021875
0 1.14296875 0.4625 0.0203125 0.028125
0 1.18671875 0.4796875 0.0234375 0.0375
0 0.90859375 0.49140625 0.0359375 0.0390625
0 1.0203125 0.54453125 0.05 0.0734375
0 1.26484375 0.55859375 0.0734375 0.0828125
0 1.3078125 0.46171875 0.025 0.0296875
0 1.3703125 0.55859375 0.053125 0.0671875
0 1.33828125 0.43203125 0.0171875 0.0203125
0 1.4390625 0.4390625 0.01875 0.021875
0 1.4671875 0.4875 0.046875 0.046875
0 1.52578125 0.47265625 0.0359375 0.0421875
0 1.5140625 0.603125 0.06875 0.078125
0 1.57578125 0.5546875 0.0421875 0.065625
0 1.13515625 0.43515625 0.0140625 0.0203125
