0 0.40703125 0.1921875 0.0234375 0.028125
0 0.4359375 0.1734375 0.015625 0.01875
0 0.4453125 0.171875 0.021875 0.025
0 0.521875 0.2078125 0.021875 0.021875
0 0.56484375 0.18203125 0.0171875 0.0296875
0 0.6109375 0.134375 0.01875 0.01875
0 0.6265625 0.184375 0.021875 0.028125
0 0.54453125 0.12109375 0.0203125 0.0234375
0 0.5609375 0.15859375 0.021875 0.0234375
0 0.15546875 0.43671875 0.0328125 0.0390625
0 0.175 0.46171875 0.04375 0.0453125
0 0.21484375 0.42890625 0.0359375 0.0390625
0 0.0953125 0.4734375 0.05 0.053125
0 0.13359375 0.5375 0.0578125 0.053125
0 0.3859375 0.50390625 0.05 0.0609375
0 0.425 0.40546875 0.040625 0.0578125
0 0.5203125 0.38515625 0.0375 0.0390625
0 0.5265625 0.45390625 0.04375 0.0515625
0 0.5859375 0.40546875 0.040625 0.0546875
0 0.596875 0.50859375 0.046875 0.0703125
0 0.65546875 0.42734375 0.0421875 0.0640625
0 0.7828125 0.31484375 0.0375 0.0453125
0 0.81484375 0.4015625 0.0359375 0.05
0 0.77890625 0.4515625 0.0421875 0.040625
0 0.865625 0.4734375 0.046875 0.05625
0 0.7625 0.49375 0.0375 0.05625
0 0.8265625 0.2546875 0.028125 0.03125
0 0.89609375 0.28046875 0.0328125 0.0390625
0 0.73203125 0.28828125 0.0171875 0.0328125
0 0.78203125 0.278125 0.0234375 0.03125
0 1.00625 0.40234375 0.040625 0.0546875
0 1.0671875 0.25078125 0.034375 0.0421875
0 1.09921875 0.284375 0.0296875 0.040625
0 1.01015625 0.5078125 0.0546875 0.071875
0 1.103125 0.434375 0.05 0.05625
0 1.10234375 0.47578125 0.0546875 0.0703125
0 1.1375 0.33984375 0.03125 0.0390625
0 1.12421875 0.37890625 0.0484375 0.0484375
0 1.190625 0.41328125 0.05625 0.0484375
0 1.20078125 0.309375 0.0390625 0.04375
0 1.3515625 0.35546875 0.03125 0.0421875
0 1.40234375 0.309375 0.0484375 0.040625
0 1.40625 0.371875 0.04375 0.053125
0 1.4765625 0.315625 0.03125 0.0375
0 1.5578125 0.30703125 0.040625 0.0515625
0 1.5875 0.2765625 0.025 0.04375
0 1.50078125 0.3703125 0.0421875 0.05625
0 1.446875 0.41015625 0.046875 0.0640625
0 1.37109375 0.47734375 0.0609375 0.0828125
0 1.58671875 0.4265625 0.0265625 0.053125
0 0.765625 0.5578125 0.05 0.0375
0 0.771875 0.7421875 0.078125 0.0875
0 1.1828125 0.88046875 0.084375 0.1015625
0 0.4625 0.93515625 0.090625 0.1109375
0 0.80859375 0.9328125 0.1015625 0.115625
0 0.1375 1.05859375 0.115625 0.1703125
0 1.08125 0.19453125 0.025 0.0328125
0 1.05703125 0.11171875 0.0203125 0.0203125
0 0.925 0.06796875 0.025 0.0203125
0 0.92890625 0.14140625 0.0265625 0.0328125
0 0.95625 0.21875 0.01875 0.025
0 1.021875 0.2046875 0.01875 0.025
