0 0.07578125 0.4125 0.0328125 0.046875
0 0.10390625 0.41796875 0.0234375 0.0484375
0 0.1078125 0.50859375 0.053125 0.0609375
0 0.25625 0.5625 0.065625 0.084375
0 0.15234375 0.5984375 0.0578125 0.05
0 0.21875 0.67109375 0.04375 0.0828125
0 0.27421875 0.79765625 0.0421875 0.0703125
0 0.61875 0.7390625 0.059375 0.04375
0 0.73984375 0.7125 0.0703125 0.090625
0 0.84140625 0.58515625 0.0515625 0.0609375
0 0.803125 0.46171875 0.05 0.0546875
0 0.9171875 0.490625 0.059375 0.075
0 1.05703125 0.48359375 0.0359375 0.0421875
0 0.9875 0.390625 0.040625 0.046875
0 1.028125 0.346875 0.021875 0.021875
0 0.95625 0.334375 0.028125 0.034375
0 1.134375 0.3359375 0.028125 0.03125
0 1.16640625 0.3328125 0.0234375 0.028125
0 1.19765625 0.35390625 0.0234375 0.0421875
0 1.16875 0.4328125 0.040625 0.046875
0 0.715625 0.4234375 0.040625 0.053125
0 0.69921875 0.51875 0.0515625 0.053125
0 0.59921875 0.4875 0.0421875 0.04375
0 0.359375 0.428125 0.0375 0.0375
0 0.7671875 0.32265625 0.021875 0.0328125
0 1.26875 0.446875 0.0375 0.040625
0 1.45703125 0.453125 0.0390625 0.04375
0 1.4296875 0.534375 0.0375 0.053125
0 1.35390625 0.67734375 0.0609375 0.0765625
0 1.37265625 0.82578125 0.0640625 0.0890625
0 1.06484375 0.7375 0.0734375 0.078125
0 1.025 0.61640625 0.065625 0.0953125
0 1.259375 0.325 0.01875 0.028125
0 1.23125 0.31171875 0.025 0.0234375
0 1.28671875 0.33203125 0.0234375 0.0296875
0 1.37734375 0.34140625 0.0234375 0.0328125
0 1.434375 0.3609375 0.028125 0.034375
0 1.49765625 0.35234375 0.0234375 0.0328125
0 1.57421875 0.3671875 0.0296875 0.04375
0 1.5453125 0.33203125 0.01875 0.0265625
0 1.52421875 0.3234375 0.0140625 0.01875
0 1.51328125 0.31015625 0.0203125 0.0234375
0 1.4609375 0.31953125 0.01875 0.0234375
0 1.41171875 0.303125 0.0203125 0.028125
0 1.4015625 0.32890625 0.021875 0.0265625
0 1.58828125 0.30703125 0.0171875 0.0328125
0 1.45390625 0.2828125 0.0296875 0.03125
0 1.46171875 0.3625 0.0203125 0.025
0 0.20546875 0.4484375 0.0171875 0.01875
