0 0.2875 0.69765625 0.028125 0.0359375
0 0.23671875 0.68359375 0.0265625 0.0328125
0 0.09140625 0.75859375 0.0359375 0.0390625
0 0.228125 0.77421875 0.0375 0.0453125
0 0.5203125 0.7234375 0.0375 0.046875
0 0.57890625 0.73125 0.0359375 0.04375
0 0.6359375 0.7484375 0.034375 0.040625
0 0.63359375 0.8609375 0.0453125 0.05
0 0.46171875 0.6875 0.0265625 0.03125
0 0.4921875 0.66171875 0.021875 0.0328125
0 0.440625 0.659375 0.028125 0.03125
0 0.5640625 0.62734375 0.025 0.0328125
0 0.61484375 0.62890625 0.0234375 0.0328125
0 0.54453125 0.678125 0.0203125 0.03125
0 0.63515625 0.68515625 0.0234375 0.0359375
0 0.66796875 0.6984375 0.0265625 0.040625
0 0.6765625 0.63359375 0.021875 0.0328125
0 0.41640625 0.703125 0.0265625 0.034375
0 0.37578125 0.69453125 0.0234375 0.0328125
0 0.3265625 0.6875 0.025 0.03125
0 0.32734375 0.73046875 0.0234375 0.0328125
0 0.03203125 0.70390625 0.0265625 0.0328125
0 0.07109375 0.61015625 0.0203125 0.0265625
0 0.0203125 0.57890625 0.015625 0.0203125
0 0.12578125 0.5796875 0.0171875 0.01875
0 0.303125 0.653125 0.025 0.028125
0 0.3765625 0.6234375 0.021875 0.021875
0 0.34609375 0.6171875 0.0171875 0.021875
0 0.4046875 0.63671875 0.021875 0.0296875
0 0.42890625 0.60703125 0.0203125 0.0265625
0 0.45 0.60390625 0.01875 0.0234375
0 0.49296875 0.6015625 0.0171875 0.021875
0 0.52109375 0.63046875 0.0234375 0.0265625
0 0.5546875 0.5890625 0.015625 0.021875
0 0.39609375 0.59609375 0.0203125 0.0265625
0 0.421875 0.58359375 0.015625 0.0171875
0 0.46953125 0.6 0.0140625 0.021875
0 0.21484375 0.6328125 0.0203125 0.03125
0 0.30625 0.5796875 0.015625 0.021875
0 0.2828125 0.55859375 0.0125 0.0171875
0 0.26015625 0.55 0.0140625 0.015625
0 0.31328125 0.56484375 0.0140625 0.0140625
0 0.27734375 0.62109375 0.0171875 0.0234375
0 0.375 0.56328125 0.0125 0.0171875
0 0.41875 0.5734375 0.0125 0.015625
0 0.4453125 0.58671875 0.0125 0.0171875
0 0.4546875 0.5765625 0.0125 0.015625
0 0.23046875 0.56484375 0.0109375 0.0140625
0 0.33359375 0.565625 0.0109375 0.0125
0 1.01328125 0.87421875 0.0390625 0.0484375
0 0.9546875 0.790625 0.040625 0.05
0 1.0171875 0.7796875 0.0375 0.046875
0 1.08515625 0.775 0.0390625 0.046875
0 0.81640625 0.80546875 0.0390625 0.0453125
0 0.86640625 0.759375 0.0296875 0.0375
0 0.90390625 0.79140625 0.0328125 0.0421875
0 0.825 0.7515625 0.0375 0.04375
0 0.76171875 0.7484375 0.0390625 0.040625
0 0.7140625 0.76015625 0.0375 0.0421875
0 0.77265625 0.67890625 0.0265625 0.0328125
0 0.821875 0.66953125 0.028125 0.0359375
0 0.853125 0.684375 0.03125 0.034375
0 0.88359375 0.70859375 0.0328125 0.0328125
0 0.92421875 0.6671875 0.0296875 0.034375
0 0.9640625 0.64921875 0.021875 0.0265625
0 1.009375 0.64296875 0.025 0.0328125
0 1.06484375 0.64765625 0.0359375 0.0359375
0 1.0484375 0.759375 0.028125 0.03125
0 1.175 0.71171875 0.025 0.0359375
0 1.20234375 0.825 0.0453125 0.053125
0 0.7953125 0.6484375 0.021875 0.028125
0 0.8921875 0.66171875 0.025 0.0296875
0 0.86796875 0.66328125 0.0203125 0.0265625
0 0.6546875 0.60390625 0.015625 0.0203125
0 0.7421875 0.61796875 0.015625 0.0203125
0 0.7640625 0.6234375 0.01875 0.025
0 0.8203125 0.6125 0.015625 0.021875
0 0.771875 0.59375 0.015625 0.01875
0 0.78203125 0.5828125 0.0140625 0.01875
0 0.7671875 0.57109375 0.0125 0.0140625
0 0.703125 0.57265625 0.0125 0.0171875
0 0.70703125 0.54765625 0.0109375 0.0140625
0 0.74765625 0.55234375 0.0109375 0.0140625
0 0.625 0.6109375 0.01875 0.025
0 0.60703125 0.5671875 0.0140625 0.01875
0 0.65078125 0.575 0.0140625 0.01875
0 0.63515625 0.55625 0.0109375 0.015625
0 0.55859375 0.56796875 0.0140625 0.0171875
0 0.53828125 0.55546875 0.0109375 0.0140625
0 0.459375 0.5515625 0.0125 0.015625
0 0.55703125 0.5390625 0.0078125 0.009375
0 0.509375 0.53515625 0.009375 0.0109375
0 0.93359375 0.62109375 0.0234375 0.0265625
0 0.8921875 0.621875 0.01875 0.021875
0 0.9140625 0.584375 0.01875 0.021875
0 0.9484375 0.58203125 0.0125 0.0171875
0 0.99921875 0.59453125 0.0140625 0.0171875
0 1.021875 0.596875 0.01875 0.021875
0 0.9671875 0.59375 0.0125 0.01875
0 1.07890625 0.6109375 0.0140625 0.01875
0 1.084375 0.634375 0.0125 0.01875
0 1.10546875 0.63359375 0.0140625 0.0203125
0 1.06640625 0.57109375 0.0140625 0.0171875
0 1.103125 0.56875 0.0125 0.015625
0 1.06796875 0.54921875 0.0109375 0.0140625
0 1.0921875 0.5546875 0.009375 0.0125
0 1.175 0.5890625 0.015625 0.021875
0 1.15 0.5859375 0.0125 0.01875
0 0.92734375 0.5625 0.0140625 0.01875
0 0.93671875 0.5515625 0.0109375 0.015625
0 0.91171875 0.54296875 0.0109375 0.0140625
0 0.8953125 0.53515625 0.009375 0.0109375
0 0.8890625 0.58515625 0.015625 0.0171875
0 0.8125 0.5640625 0.0125 0.015625
0 0.78984375 0.55 0.0078125 0.0125
0 0.72578125 0.69296875 0.0203125 0.0265625
0 0.94921875 0.7484375 0.0359375 0.04375
0 0.97265625 0.70234375 0.0296875 0.0421875
0 0.9921875 0.684375 0.025 0.034375
0 1.3578125 0.86328125 0.04375 0.0484375
0 1.5125 0.84140625 0.04375 0.0421875
0 1.271875 0.7890625 0.034375 0.04375
0 1.40859375 0.7828125 0.0296875 0.040625
0 1.5328125 0.72578125 0.03125 0.0390625
0 1.321875 0.64765625 0.025 0.0265625
0 1.353125 0.64375 0.021875 0.028125
0 1.41015625 0.6484375 0.0203125 0.028125
0 1.44140625 0.6421875 0.0203125 0.025
0 1.4921875 0.63984375 0.01875 0.0234375
0 1.49140625 0.6234375 0.0171875 0.021875
0 1.33046875 0.7421875 0.0390625 0.04375
0 1.35390625 0.725 0.0359375 0.034375
0 1.559375 0.5921875 0.015625 0.01875
0 1.5921875 0.6015625 0.015625 0.01875
0 1.58203125 0.6734375 0.0265625 0.028125
0 1.56015625 0.709375 0.0234375 0.0375
0 1.5890625 0.7109375 0.021875 0.034375
0 1.53671875 0.58984375 0.0140625 0.0171875
0 1.5234375 0.60390625 0.0125 0.0203125
0 1.4640625 0.60625 0.0125 0.015625
0 1.29140625 0.6015625 0.0140625 0.01875
0 1.2578125 0.63515625 0.01875 0.0234375
0 1.2828125 0.66640625 0.01875 0.0265625
0 1.2390625 0.58671875 0.01875 0.0203125
0 1.33515625 0.59140625 0.0140625 0.0203125
0 1.4828125 0.5625 0.009375 0.0125
0 1.5046875 0.5703125 0.009375 0.009375
0 1.52890625 0.57421875 0.0109375 0.0140625
0 1.54609375 0.55078125 0.0109375 0.0171875
0 1.34453125 0.5765625 0.0109375 0.0125
0 1.328125 0.5578125 0.0125 0.0125
0 1.2765625 0.559375 0.009375 0.0125
0 1.26328125 0.553125 0.0109375 0.0125
0 1.359375 0.58203125 0.0125 0.0171875
0 1.38203125 0.5828125 0.0109375 0.0125
0 1.35703125 0.6234375 0.0203125 0.03125
0 1.45078125 0.690625 0.0203125 0.03125
0 1.5796875 0.55 0.0125 0.015625
0 1.00234375 0.5703125 0.0109375 0.0125
0 1.03125 0.5578125 0.009375 0.0125
0 0.98125 0.56171875 0.0125 0.0171875
0 1.221875 0.58359375 0.0125 0.0140625
0 1.13125 0.54375 0.009375 0.009375
0 1.1421875 0.565625 0.0125 0.0125
0 1.13515625 0.59609375 0.0140625 0.0140625
0 0.66953125 0.54609375 0.0078125 0.0109375
0 0.5234375 0.58671875 0.0125 0.0140625
0 0.6984375 0.53359375 0.009375 0.0109375
0 0.765625 0.54140625 0.009375 0.0109375
0 0.72109375 0.55 0.0078125 0.0125
0 0.0546875 0.55234375 0.009375 0.0109375
0 0.08203125 0.5515625 0.0078125 0.009375
0 0.29765625 0.565625 0.0140625 0.01875
0 0.0328125 0.6203125 0.01875 0.01875
0 0.325 0.6484375 0.01875 0.025
0 0.421875 0.6390625 0.01875 0.021875
0 1.38125 0.7140625 0.025 0.03125
0 1.4828125 0.6921875 0.025 0.03125
0 0.325 0.58515625 0.0125 0.0171875
0 0.34453125 0.55703125 0.0109375 0.0140625
0 0.3625 0.5421875 0.0125 0.0125
0 0.246875 0.60234375 0.015625 0.0140625
0 0.70234375 0.596875 0.0140625 0.0125
0 0.59375 0.53515625 0.0125 0.0140625
0 0.86640625 0.6359375 0.0171875 0.01875
0 1.109375 0.54375 0.015625 0.01875
0 1.02421875 0.540625 0.0109375 0.015625
0 1.36328125 0.54296875 0.0078125 0.0109375
0 1.365625 0.60703125 0.015625 0.0171875
0 1.553125 0.76640625 0.040625 0.0421875
0 1.46875 0.66171875 0.015625 0.0140625
0 1.30078125 0.74140625 0.0359375 0.0328125
