0 0.22109375 0.63125 0.0484375 0.065625
0 0.37265625 0.6578125 0.0453125 0.059375
0 0.47421875 0.5921875 0.0296875 0.040625
0 0.53125 0.64375 0.040625 0.05
0 0.6125 0.5953125 0.03125 0.04375
0 0.70078125 0.62890625 0.0359375 0.0453125
0 0.715625 0.6125 0.03125 0.03125
0 0.80546875 0.56484375 0.0328125 0.0421875
0 0.8578125 0.64375 0.04375 0.05625
0 0.9796875 0.62578125 0.040625 0.0578125
0 1.08828125 0.628125 0.0421875 0.05625
0 1.21484375 0.62421875 0.0453125 0.0578125
0 1.37890625 0.60234375 0.0515625 0.0640625
