0 0.5 0.7921875 0.015625 0.025
0 0.56875 0.79765625 0.0125 0.0203125
0 0.61484375 0.7734375 0.0171875 0.021875
0 0.6546875 0.78046875 0.015625 0.0203125
0 0.70234375 0.80703125 0.0171875 0.0203125
0 0.7140625 0.784375 0.015625 0.01875
0 0.73671875 0.81640625 0.0140625 0.0171875
0 0.78515625 0.80546875 0.0140625 0.0203125
0 0.84140625 0.7890625 0.0171875 0.021875
0 0.83046875 0.7625 0.0140625 0.01875
0 0.98359375 0.78515625 0.0171875 0.0171875
0 1.04453125 0.7671875 0.0171875 0.021875
0 1.028125 0.74375 0.01875 0.021875
0 1.075 0.7421875 0.015625 0.01875
0 1.19765625 0.73984375 0.0171875 0.0296875
0 1.0921875 0.75859375 0.015625 0.0203125
