0 1.46796875 0.490625 0.0515625 0.0625
0 1.38515625 0.459375 0.0484375 0.0625
0 1.32265625 0.47578125 0.0609375 0.0671875
0 1.1609375 0.471875 0.0625 0.075
0 1.01953125 0.4640625 0.0578125 0.06875
0 0.8359375 0.43125 0.05625 0.065625
0 0.7140625 0.42890625 0.046875 0.0703125
0 0.6453125 0.45625 0.059375 0.06875
0 0.534375 0.446875 0.053125 0.071875
0 0.56015625 0.434375 0.0296875 0.046875
0 0.45234375 0.434375 0.0609375 0.075
0 0.34453125 0.40859375 0.0546875 0.0703125
0 0.2671875 0.37265625 0.0625 0.0703125
0 0.05078125 0.4453125 0.0640625 0.078125
0 0.18046875 0.40859375 0.0484375 0.0578125
0 0.81171875 0.35625 0.0359375 0.028125
0 1.12265625 0.46640625 0.0328125 0.0484375
0 1.26015625 0.48125 0.0515625 0.05625
0 1.059375 0.46875 0.028125 0.040625
0 1.5828125 0.4921875 0.034375 0.071875
