0 0.35 0.00703125 0.009375 0.0140625
0 0.37890625 0.0046875 0.0109375 0.009375
0 0.4078125 0.00546875 0.0125 0.0109375
0 0.459375 0.00859375 0.0125 0.0171875
0 0.49609375 0.04140625 0.0078125 0.0171875
0 0.33828125 0.0921875 0.0109375 0.0125
0 0.284375 0.2375 0.015625 0.01875
0 0.2625 0.24765625 0.0125 0.0234375
0 0.22421875 0.22734375 0.0078125 0.0203125
0 0.1546875 0.22734375 0.0125 0.0234375
0 0.20078125 0.22890625 0.0109375 0.0109375
0 0.35546875 0.2640625 0.0140625 0.021875
0 0.40859375 0.24765625 0.0140625 0.0203125
0 0.1375 0.2421875 0.015625 0.021875
0 0.15390625 0.2671875 0.0078125 0.015625
0 0.2140625 0.26640625 0.0125 0.0171875
0 0.2375 0.26875 0.0125 0.015625
0 0.19921875 0.3109375 0.0140625 0.025
0 0.196875 0.29140625 0.0125 0.0171875
0 0.1203125 0.2921875 0.0125 0.021875
0 0.1515625 0.33515625 0.0125 0.0171875
0 0.18359375 0.32421875 0.0140625 0.0203125
0 0.1921875 0.34296875 0.0125 0.0234375
0 0.23046875 0.33359375 0.0171875 0.0265625
0 0.22109375 0.3109375 0.0140625 0.021875
0 0.2234375 0.35625 0.0125 0.025
0 0.0796875 0.27421875 0.0125 0.0203125
0 0.29609375 0.284375 0.0140625 0.028125
0 0.31015625 0.31015625 0.0109375 0.0171875
0 0.34921875 0.29765625 0.0140625 0.0234375
0 0.37890625 0.28671875 0.0140625 0.0234375
0 0.4109375 0.3125 0.0125 0.025
0 0.25390625 0.334375 0.0109375 0.021875
0 0.30390625 0.3421875 0.0140625 0.021875
0 0.296875 0.35703125 0.0125 0.0234375
0 0.2890625 0.375 0.0125 0.01875
0 0.446875 0.434375 0.015625 0.028125
0 0.4109375 0.425 0.015625 0.028125
0 0.3515625 0.42109375 0.015625 0.0234375
0 0.26328125 0.3953125 0.0109375 0.028125
0 0.1796875 0.26796875 0.0125 0.0203125
0 0.2453125 0.31171875 0.0125 0.0265625
0 0.209375 0.290625 0.015625 0.025
0 0.05234375 0.6453125 0.0203125 0.034375
0 0.1578125 0.6046875 0.021875 0.03125
0 0.0421875 0.76171875 0.025 0.0359375
0 0.396875 0.634375 0.015625 0.025
0 0.29765625 0.6125 0.0109375 0.015625
0 0.32421875 0.6171875 0.0140625 0.01875
0 0.359375 0.471875 0.015625 0.025
0 0.3796875 0.44921875 0.0125 0.0203125
0 0.38125 0.47734375 0.0125 0.0203125
0 0.40625 0.4921875 0.015625 0.025
0 0.44609375 0.459375 0.0140625 0.021875
0 0.49921875 0.47109375 0.0171875 0.0265625
0 0.49609375 0.490625 0.0140625 0.021875
0 0.4578125 0.50078125 0.015625 0.0234375
0 0.4375 0.49140625 0.015625 0.0296875
0 0.5 0.2578125 0.015625 0.025
0 0.51015625 0.28125 0.0140625 0.025
0 0.57421875 0.25625 0.0171875 0.021875
0 0.6734375 0.17890625 0.00625 0.0171875
0 0.80078125 0.18515625 0.0109375 0.0203125
0 0.7734375 0.2171875 0.0125 0.021875
0 0.77109375 0.234375 0.0140625 0.021875
0 0.7390625 0.253125 0.015625 0.021875
0 0.68515625 0.23828125 0.0140625 0.0203125
0 0.67265625 0.25859375 0.0109375 0.0171875
0 0.7765625 0.27578125 0.0125 0.0234375
0 0.81328125 0.24609375 0.0140625 0.0265625
0 0.84140625 0.2515625 0.0140625 0.025
0 0.83125 0.1421875 0.0125 0.025
0 0.846875 0.16796875 0.009375 0.0171875
0 0.84375 0.190625 0.009375 0.01875
0 0.8234375 0.203125 0.00625 0.01875
0 0.83359375 0.18359375 0.0109375 0.0203125
0 0.53515625 0.43125 0.0140625 0.025
0 0.46796875 0.4265625 0.0171875 0.03125
0 0.565625 0.45859375 0.015625 0.0296875
0 0.615625 0.44921875 0.01875 0.0296875
0 0.6828125 0.41484375 0.015625 0.0234375
0 0.6125 0.49375 0.01875 0.03125
0 0.66015625 0.4921875 0.0140625 0.025
0 0.659375 0.4546875 0.015625 0.025
0 0.7453125 0.44140625 0.015625 0.0234375
0 0.76640625 0.409375 0.0140625 0.025
0 0.6890625 0.4921875 0.015625 0.028125
0 0.68203125 0.5328125 0.0140625 0.025
0 0.57109375 0.52265625 0.0171875 0.0265625
0 0.54296875 0.53828125 0.0171875 0.0265625
0 0.75390625 0.47578125 0.0171875 0.0234375
0 0.73203125 0.5265625 0.0171875 0.025
0 0.62265625 0.00546875 0.0109375 0.0109375
0 0.66484375 0.0125 0.0109375 0.0125
0 0.6828125 0.01640625 0.009375 0.0140625
0 0.6265625 0.0390625 0.009375 0.01875
0 0.63203125 0.059375 0.0109375 0.015625
0 0.74609375 0.0390625 0.0078125 0.015625
0 0.72734375 0.0421875 0.0078125 0.0125
0 0.7703125 0.01875 0.009375 0.015625
0 0.79609375 0.02421875 0.0078125 0.0203125
0 0.86640625 0.04765625 0.0109375 0.0171875
0 0.88671875 0.02734375 0.0078125 0.0171875
0 0.91484375 0.04375 0.0109375 0.015625
0 0.8515625 0.08515625 0.0125 0.0203125
0 0.82578125 0.10078125 0.0140625 0.0203125
0 0.86171875 0.10546875 0.0109375 0.0171875
0 0.88515625 0.10703125 0.0140625 0.0203125
0 0.84765625 0.14765625 0.0140625 0.0203125
0 0.878125 0.1390625 0.0125 0.015625
0 0.90078125 0.1390625 0.0109375 0.015625
0 0.8828125 0.153125 0.0 0.003125
0 0.878125 0.17734375 0.009375 0.0171875
0 0.87734375 0.1921875 0.0140625 0.01875
0 0.89765625 0.2046875 0.0140625 0.01875
0 0.921875 0.165625 0.0125 0.01875
0 0.93046875 0.21796875 0.0140625 0.0171875
0 0.8734375 0.2265625 0.015625 0.021875
0 0.90078125 0.23046875 0.0140625 0.0203125
0 0.9125 0.253125 0.0125 0.025
0 0.81015625 0.03359375 0.0109375 0.0203125
0 0.94140625 0.05234375 0.0109375 0.0171875
0 0.97734375 0.05546875 0.0078125 0.0171875
0 0.996875 0.0796875 0.0125 0.015625
0 0.9484375 0.1140625 0.0125 0.01875
0 0.95078125 0.1421875 0.0140625 0.01875
0 0.97109375 0.1421875 0.0140625 0.01875
0 0.978125 0.15859375 0.0125 0.0171875
0 0.98359375 0.153125 0.0109375 0.021875
0 0.94453125 0.18828125 0.0140625 0.0203125
0 0.97421875 0.19296875 0.0140625 0.0171875
0 1.028125 0.146875 0.0125 0.021875
0 1.0296875 0.11484375 0.0125 0.0171875
0 1.0609375 0.12109375 0.0125 0.0203125
0 1.028125 0.07734375 0.009375 0.0109375
0 1.01953125 0.05703125 0.0109375 0.0171875
0 1.0484375 0.0359375 0.009375 0.0125
0 1.065625 0.03671875 0.009375 0.0171875
0 1.08046875 0.0328125 0.0109375 0.025
0 1.09453125 0.03515625 0.0140625 0.0203125
0 1.1046875 0.0453125 0.0125 0.01875
0 1.12578125 0.01796875 0.0109375 0.0203125
0 1.1125 0.09609375 0.0125 0.0203125
0 1.06171875 0.1 0.0078125 0.009375
0 1.05625 0.09453125 0.009375 0.0109375
0 1.0734375 0.08203125 0.009375 0.0171875
0 1.0921875 0.1359375 0.0125 0.01875
0 1.1453125 0.13828125 0.009375 0.0171875
0 1.0640625 0.18828125 0.0125 0.0171875
0 1.05078125 0.14453125 0.0109375 0.0171875
0 1.1890625 0.02265625 0.0125 0.0265625
0 1.209375 0.02421875 0.0125 0.0203125
0 1.2328125 0.028125 0.009375 0.015625
0 1.24296875 0.034375 0.0109375 0.01875
0 1.2625 0.0203125 0.0125 0.01875
0 1.22578125 0.01171875 0.0078125 0.0140625
0 1.175 0.00703125 0.00625 0.0078125
0 1.16328125 0.0296875 0.0109375 0.01875
0 1.17265625 0.0453125 0.0078125 0.009375
0 1.18828125 0.0453125 0.0140625 0.021875
0 1.29375 0.0140625 0.0125 0.015625
0 1.2828125 0.02734375 0.009375 0.0171875
0 1.28828125 0.03125 0.0109375 0.01875
0 1.34765625 0.0421875 0.0109375 0.01875
0 1.3890625 0.0515625 0.0125 0.021875
0 1.28515625 0.09375 0.0109375 0.01875
0 1.29921875 0.06015625 0.0109375 0.0140625
0 1.3296875 0.1015625 0.009375 0.015625
0 1.14765625 0.10859375 0.0109375 0.0171875
0 1.17890625 0.13125 0.0140625 0.021875
0 1.203125 0.15078125 0.015625 0.0203125
0 1.18984375 0.1875 0.0140625 0.015625
0 1.165625 0.2046875 0.015625 0.021875
0 1.109375 0.08359375 0.0125 0.0234375
0 1.184375 0.0984375 0.0125 0.01875
0 1.15234375 0.18125 0.0078125 0.015625
0 1.10859375 0.20546875 0.0109375 0.0203125
0 1.11796875 0.2109375 0.0109375 0.01875
0 1.18046875 0.22265625 0.0109375 0.0203125
0 1.2296875 0.22421875 0.0125 0.0203125
0 1.2125 0.2140625 0.0125 0.021875
0 1.2140625 0.196875 0.0125 0.021875
0 1.15546875 0.259375 0.0109375 0.021875
0 1.03515625 0.23046875 0.0109375 0.0234375
0 1.07265625 0.22265625 0.0109375 0.0265625
0 1.21015625 0.08125 0.0078125 0.01875
0 1.1875 0.0625 0.009375 0.0125
0 1.19921875 0.075 0.0078125 0.01875
0 1.1546875 0.07890625 0.009375 0.0171875
0 1.1796875 0.08515625 0.0125 0.0203125
0 1.1296875 0.0390625 0.0125 0.01875
0 1.3234375 0.04609375 0.015625 0.0203125
0 1.3125 0.05703125 0.009375 0.0140625
0 1.23359375 0.18046875 0.0140625 0.0171875
0 1.265625 0.21171875 0.00625 0.0203125
0 1.29140625 0.240625 0.0109375 0.028125
0 1.42265625 0.02578125 0.0109375 0.0171875
0 1.45703125 0.04140625 0.0109375 0.0140625
0 1.48671875 0.02265625 0.0109375 0.0140625
0 1.48125 0.0375 0.009375 0.015625
0 1.4453125 0.10703125 0.0125 0.0203125
0 1.440625 0.15234375 0.009375 0.0171875
0 1.45234375 0.14140625 0.0109375 0.0171875
0 1.4390625 0.128125 0.009375 0.009375
0 1.40859375 0.11328125 0.0109375 0.0171875
0 1.434375 0.08359375 0.009375 0.0171875
0 1.56171875 0.1125 0.0140625 0.021875
0 1.53984375 0.17109375 0.0171875 0.0265625
0 1.5875 0.159375 0.0125 0.01875
0 1.57890625 0.18125 0.0140625 0.01875
0 1.35625 0.103125 0.0125 0.0125
0 1.475 0.14296875 0.0125 0.0140625
0 1.4875 0.109375 0.009375 0.015625
0 1.51171875 0.30625 0.0140625 0.021875
0 1.515625 0.3859375 0.01875 0.028125
0 1.54140625 0.3953125 0.0109375 0.021875
0 1.51796875 0.4546875 0.0171875 0.028125
0 1.39453125 0.4171875 0.0171875 0.025
0 1.42890625 0.43671875 0.0171875 0.0234375
0 1.4140625 0.471875 0.01875 0.028125
0 1.3703125 0.4421875 0.01875 0.025
0 1.00625 0.23828125 0.0125 0.0171875
0 0.98515625 0.20625 0.0140625 0.01875
0 0.99765625 0.175 0.0140625 0.021875
0 0.95859375 0.21953125 0.0109375 0.0171875
0 0.97421875 0.221875 0.0140625 0.015625
0 0.9453125 0.21875 0.015625 0.028125
0 0.98515625 0.26953125 0.0140625 0.0203125
0 1.00859375 0.2734375 0.0078125 0.01875
0 1.04765625 0.2484375 0.0140625 0.015625
0 1.0453125 0.28125 0.0125 0.01875
0 1.09296875 0.16796875 0.0078125 0.0203125
0 1.11171875 0.27265625 0.0140625 0.0203125
0 1.08828125 0.26875 0.0140625 0.021875
0 1.07109375 0.2578125 0.0109375 0.0125
0 1.01484375 0.28359375 0.0078125 0.0234375
0 1.00078125 0.3171875 0.0109375 0.021875
0 1.04453125 0.31875 0.0109375 0.021875
0 1.0671875 0.3 0.0125 0.01875
0 1.07421875 0.33515625 0.0140625 0.0234375
0 1.05390625 0.346875 0.0140625 0.025
0 0.99609375 0.37265625 0.0140625 0.0203125
0 1.065625 0.3640625 0.0125 0.021875
0 1.1296875 0.3328125 0.015625 0.021875
0 1.165625 0.29453125 0.015625 0.0234375
0 1.21484375 0.27890625 0.0140625 0.0265625
0 1.20234375 0.3140625 0.0171875 0.028125
0 1.1875 0.36484375 0.015625 0.0203125
0 1.16328125 0.3890625 0.0140625 0.025
0 1.1421875 0.38515625 0.015625 0.0203125
0 1.2453125 0.29453125 0.015625 0.0234375
0 1.22421875 0.37421875 0.0109375 0.0203125
0 1.23828125 0.37578125 0.0109375 0.0234375
0 1.26015625 0.39609375 0.0140625 0.0203125
0 1.30859375 0.36171875 0.0140625 0.0203125
0 1.0796875 0.37734375 0.0125 0.0203125
0 1.0875 0.1828125 0.009375 0.01875
0 1.2796875 0.43671875 0.015625 0.0234375
0 1.26875 0.35625 0.009375 0.015625
0 1.2484375 0.36171875 0.0125 0.0203125
0 1.24453125 0.415625 0.0171875 0.028125
0 1.52265625 0.56015625 0.0171875 0.0234375
0 1.5671875 0.5625 0.015625 0.021875
0 1.590625 0.55546875 0.015625 0.0296875
0 1.5875 0.50625 0.015625 0.025
0 1.471875 0.49140625 0.01875 0.0234375
0 1.43359375 0.521875 0.0203125 0.028125
0 1.41953125 0.5 0.0140625 0.01875
0 1.41171875 0.5328125 0.0234375 0.03125
0 1.34453125 0.62734375 0.0203125 0.0328125
0 1.36015625 0.62109375 0.0109375 0.0296875
0 1.36796875 0.61015625 0.0109375 0.0234375
0 1.42578125 0.60390625 0.0171875 0.0234375
0 1.45625 0.5859375 0.01875 0.025
0 1.44453125 0.553125 0.0203125 0.028125
0 1.48515625 0.5359375 0.0171875 0.025
0 1.49453125 0.5921875 0.0203125 0.03125
0 1.5140625 0.65390625 0.01875 0.0328125
0 1.578125 0.62109375 0.009375 0.0265625
0 1.5609375 0.58203125 0.01875 0.0265625
0 1.09609375 0.40546875 0.0109375 0.0265625
0 1.00859375 0.4078125 0.0140625 0.025
0 1.04453125 0.4390625 0.0171875 0.021875
0 1.021875 0.48828125 0.015625 0.0234375
0 0.9640625 0.46640625 0.015625 0.0234375
0 0.9734375 0.44609375 0.0125 0.0234375
0 0.9671875 0.49453125 0.01875 0.0296875
0 0.9515625 0.496875 0.009375 0.025
0 1.10234375 0.5171875 0.0171875 0.025
0 1.15546875 0.5125 0.0171875 0.028125
0 1.190625 0.515625 0.015625 0.028125
0 1.134375 0.39921875 0.015625 0.0265625
0 1.1890625 0.40390625 0.0125 0.0234375
0 1.125 0.5390625 0.015625 0.025
0 0.88125 0.42734375 0.015625 0.0265625
0 0.8953125 0.42421875 0.015625 0.0265625
0 0.93046875 0.40859375 0.0140625 0.0234375
0 0.8859375 0.47734375 0.015625 0.0296875
0 0.8703125 0.5046875 0.01875 0.028125
0 0.84609375 0.46171875 0.0171875 0.0328125
0 0.81953125 0.50078125 0.0140625 0.0265625
0 0.78671875 0.4375 0.0140625 0.021875
0 0.79296875 0.50859375 0.0140625 0.0234375
0 1.03203125 0.49453125 0.0109375 0.0265625
0 1.065625 0.57109375 0.015625 0.0265625
0 0.859375 0.40546875 0.015625 0.0203125
0 0.83984375 0.41171875 0.0109375 0.0203125
0 0.8515625 0.42421875 0.01875 0.0265625
0 0.9453125 0.42734375 0.009375 0.0203125
0 0.971875 0.40546875 0.015625 0.0171875
0 1.31640625 0.496875 0.0140625 0.025
0 1.2828125 0.50625 0.015625 0.028125
0 1.21953125 0.55703125 0.0171875 0.0296875
0 1.2390625 0.56640625 0.015625 0.0265625
0 1.2875 0.55625 0.015625 0.025
0 1.321875 0.5109375 0.009375 0.021875
0 0.58359375 0.66484375 0.0171875 0.0296875
0 0.59921875 0.66328125 0.0140625 0.0234375
0 0.615625 0.61875 0.015625 0.025
0 0.6421875 0.640625 0.01875 0.03125
0 0.64140625 0.5859375 0.0171875 0.03125
0 0.70234375 0.58125 0.0203125 0.034375
0 0.62265625 0.678125 0.0171875 0.028125
0 0.52265625 0.70859375 0.0109375 0.0234375
0 0.66953125 0.71796875 0.0234375 0.0328125
0 0.678125 0.7453125 0.021875 0.034375
0 0.70390625 0.696875 0.0140625 0.01875
0 0.7234375 0.7578125 0.025 0.034375
0 0.70078125 0.8484375 0.0234375 0.03125
0 0.775 0.78515625 0.028125 0.0265625
0 0.440625 0.584375 0.01875 0.025
0 0.52578125 0.59296875 0.0171875 0.0328125
0 1.17578125 0.5484375 0.0203125 0.028125
0 1.2703125 0.49375 0.01875 0.01875
0 1.49921875 0.75234375 0.0203125 0.0328125
0 1.4890625 0.85703125 0.025 0.0328125
0 1.5640625 0.8765625 0.025 0.021875
0 1.5859375 0.7765625 0.009375 0.01875
0 1.3046875 0.78828125 0.021875 0.0296875
0 1.30078125 0.8359375 0.0203125 0.028125
0 1.2578125 0.875 0.01875 0.025
0 1.43203125 0.74921875 0.0171875 0.0359375
0 1.2171875 0.8046875 0.021875 0.040625
0 1.08828125 0.840625 0.0203125 0.03125
0 1.12109375 0.8703125 0.0203125 0.028125
0 0.9265625 0.85390625 0.021875 0.0359375
0 0.796875 0.85859375 0.025 0.0328125
0 0.8828125 0.8046875 0.015625 0.03125
0 1.08984375 0.19453125 0.0109375 0.0171875
0 1.13671875 0.32734375 0.0140625 0.0203125
0 1.41640625 0.33671875 0.0140625 0.0140625
