0 1.5953125 0.37421875 0.009375 0.0171875
0 1.47734375 0.39609375 0.0203125 0.0234375
0 1.43984375 0.49921875 0.0234375 0.0421875
0 1.38671875 0.484375 0.0296875 0.0375
0 1.31640625 0.5453125 0.0328125 0.065625
0 1.2734375 0.47265625 0.028125 0.0390625
0 1.37421875 0.42734375 0.0171875 0.0328125
0 1.44921875 0.41796875 0.0234375 0.0265625
0 1.2875 0.41328125 0.01875 0.0203125
0 1.2203125 0.43125 0.034375 0.034375
0 1.0671875 0.56875 0.053125 0.0625
0 0.9328125 0.5453125 0.071875 0.090625
0 0.88203125 0.43046875 0.0203125 0.0328125
0 0.48125 0.41875 0.025 0.034375
0 0.37734375 0.4828125 0.0234375 0.0375
0 0.07265625 0.384375 0.0203125 0.021875
0 0.0796875 0.44140625 0.021875 0.0328125
0 0.03515625 0.4171875 0.0171875 0.028125
0 0.3390625 0.3796875 0.01875 0.021875
0 1.17265625 0.3703125 0.0140625 0.015625
0 1.346875 0.4015625 0.015625 0.01875
0 1.334375 0.37890625 0.015625 0.0203125
0 1.5140625 0.39609375 0.01875 0.0203125
0 1.4109375 0.415625 0.0125 0.015625
0 1.22578125 0.3578125 0.0109375 0.01875
0 1.24296875 0.36015625 0.0109375 0.0171875
0 0.0125 0.36328125 0.01875 0.0203125
0 0.01015625 0.3859375 0.0171875 0.021875
0 0.03671875 0.36328125 0.0109375 0.0109375
0 0.26171875 0.38125 0.0171875 0.021875
0 1.0625 0.44765625 0.01875 0.0359375
