0 0.1921875 0.3390625 0.040625 0.05
0 0.29921875 0.309375 0.0296875 0.040625
0 0.3546875 0.3234375 0.034375 0.040625
0 0.475 0.3421875 0.034375 0.046875
0 0.50546875 0.32890625 0.0296875 0.0359375
0 0.53515625 0.33671875 0.0140625 0.0296875
0 0.60234375 0.35390625 0.0140625 0.0359375
0 0.65625 0.35078125 0.03125 0.0359375
0 0.7375 0.42265625 0.0375 0.0515625
0 0.71015625 0.33359375 0.0296875 0.0390625
0 0.73515625 0.3421875 0.0265625 0.03125
0 0.7734375 0.33125 0.028125 0.034375
0 0.7953125 0.36640625 0.034375 0.0390625
0 0.8625 0.35 0.03125 0.034375
0 0.95234375 0.38046875 0.0265625 0.0359375
0 0.97578125 0.37265625 0.0265625 0.0359375
0 0.9625 0.33046875 0.028125 0.0328125
0 1.0265625 0.40546875 0.021875 0.0171875
0 1.05234375 0.39375 0.0328125 0.03125
0 1.08828125 0.34609375 0.0203125 0.0265625
0 1.121875 0.3765625 0.021875 0.028125
0 1.13203125 0.3890625 0.0140625 0.025
0 1.134375 0.403125 0.025 0.04375
0 1.19453125 0.42578125 0.0296875 0.0328125
0 1.22734375 0.428125 0.0328125 0.034375
0 1.2390625 0.4171875 0.025 0.034375
0 1.27421875 0.43671875 0.0171875 0.0171875
0 1.16796875 0.353125 0.0203125 0.03125
0 1.25390625 0.3359375 0.0234375 0.028125
0 1.2828125 0.3578125 0.021875 0.025
0 1.23828125 0.3796875 0.0171875 0.025
0 1.2890625 0.390625 0.025 0.034375
0 1.34765625 0.41328125 0.0296875 0.0390625
0 1.3421875 0.378125 0.03125 0.025
0 1.38046875 0.409375 0.0265625 0.03125
0 1.32265625 0.3734375 0.0265625 0.03125
0 1.4046875 0.384375 0.025 0.03125
0 1.33828125 0.31875 0.0234375 0.025
0 1.38828125 0.3453125 0.0265625 0.025
0 1.5015625 0.378125 0.021875 0.025
0 1.4859375 0.32890625 0.025 0.0234375
0 1.52578125 0.33046875 0.0203125 0.0234375
0 1.5765625 0.2953125 0.015625 0.01875
0 1.57421875 0.27109375 0.0171875 0.0203125
0 1.49453125 0.27109375 0.0203125 0.0203125
0 1.41953125 0.29140625 0.0234375 0.0234375
0 1.35703125 0.2859375 0.0203125 0.025
0 1.38359375 0.2640625 0.0203125 0.025
0 1.4078125 0.25859375 0.021875 0.0265625
0 1.42265625 0.25078125 0.0171875 0.0234375
0 1.428125 0.24375 0.015625 0.028125
0 1.4546875 0.2734375 0.009375 0.0125
0 1.44453125 0.2453125 0.0140625 0.01875
0 1.4703125 0.20078125 0.0125 0.0171875
0 1.56640625 0.225 0.0171875 0.015625
0 1.5546875 0.2078125 0.0125 0.015625
0 1.565625 0.19765625 0.015625 0.0171875
0 1.540625 0.1890625 0.015625 0.015625
0 1.50390625 0.2140625 0.0171875 0.015625
0 1.5046875 0.196875 0.0125 0.0125
0 1.4359375 0.1953125 0.025 0.025
0 1.4234375 0.20546875 0.0125 0.0140625
0 1.49375 0.1625 0.015625 0.015625
0 1.4625 0.16171875 0.0125 0.0171875
0 1.59609375 0.11015625 0.0078125 0.0203125
0 1.46640625 0.125 0.0140625 0.021875
0 1.4515625 0.1234375 0.0125 0.015625
0 1.475 0.1125 0.0125 0.015625
0 1.5046875 0.12734375 0.009375 0.0140625
0 1.5203125 0.10859375 0.015625 0.0140625
0 1.5 0.12734375 0.00625 0.0109375
0 1.53984375 0.1703125 0.0140625 0.015625
0 1.49375 0.08671875 0.0125 0.0109375
0 1.55078125 0.065625 0.0140625 0.015625
0 1.590625 0.0609375 0.0125 0.0125
0 1.56015625 0.05234375 0.0109375 0.0109375
0 1.57421875 0.0546875 0.0078125 0.009375
0 1.55390625 0.034375 0.0109375 0.015625
0 1.53359375 0.0140625 0.0140625 0.009375
0 1.50625 0.028125 0.015625 0.01875
0 1.52890625 0.03984375 0.0109375 0.0140625
0 1.52109375 0.059375 0.0109375 0.0125
0 1.503125 0.06640625 0.009375 0.0109375
0 1.47578125 0.06171875 0.0109375 0.0109375
0 1.378125 0.096875 0.015625 0.015625
0 1.4125 0.0546875 0.009375 0.0125
0 1.4609375 0.02421875 0.009375 0.0109375
0 1.38046875 0.0296875 0.0140625 0.015625
0 1.35 0.03359375 0.009375 0.0109375
0 1.39765625 0.06171875 0.0140625 0.0140625
0 1.4171875 0.08359375 0.0125 0.0109375
