0 0.11015625 0.45078125 0.0421875 0.0734375
0 0.2890625 0.4234375 0.06875 0.078125
0 0.346875 0.45078125 0.034375 0.0546875
0 0.015625 0.4390625 0.03125 0.1625
0 0.16328125 0.38828125 0.0296875 0.0265625
0 0.47734375 0.40703125 0.0140625 0.0140625
0 0.659375 0.36953125 0.15625 0.1953125
0 0.8015625 0.4296875 0.03125 0.04375
0 0.84765625 0.41875 0.0453125 0.05625
0 0.9765625 0.3609375 0.05 0.053125
0 1.00859375 0.40078125 0.0734375 0.0828125
0 1.175 0.446875 0.10625 0.121875
0 1.27578125 0.43828125 0.0265625 0.0546875
