0 1.2890625 0.5453125 0.075 0.090625
0 1.0734375 0.48671875 0.153125 0.1671875
0 1.3703125 0.54375 0.046875 0.05
0 0.7703125 0.57734375 0.06875 0.0734375
0 0.59609375 0.934375 0.0328125 0.0375
0 0.5421875 0.8390625 0.0375 0.04375
0 0.43359375 0.80703125 0.0234375 0.0328125
0 0.4703125 0.7953125 0.01875 0.028125
0 0.36640625 0.81875 0.0265625 0.03125
0 0.29453125 0.784375 0.0171875 0.021875
0 0.2703125 0.790625 0.01875 0.021875
0 0.25 0.775 0.025 0.025
0 0.2453125 0.74453125 0.021875 0.0234375
0 0.58671875 0.78046875 0.0234375 0.0296875
0 0.540625 0.78671875 0.021875 0.0234375
0 0.49921875 0.7515625 0.0203125 0.025
0 0.4203125 0.71875 0.015625 0.021875
0 0.68359375 0.81484375 0.0265625 0.0359375
0 0.6484375 0.82578125 0.025 0.0265625
0 0.6875 0.7765625 0.01875 0.021875
0 0.684375 0.7234375 0.015625 0.015625
0 0.6828125 0.97109375 0.03125 0.0328125
0 0.51171875 0.58984375 0.0140625 0.0171875
0 0.6234375 0.584375 0.015625 0.01875
