0 0.1484375 0.453125 0.015625 0.015625
0 0.165625 0.4515625 0.009375 0.015625
0 0.17265625 0.45078125 0.0109375 0.0109375
0 0.21796875 0.446875 0.0078125 0.009375
0 0.1890625 0.43828125 0.0125 0.0109375
0 0.1859375 0.45390625 0.009375 0.0109375
0 0.740625 0.45078125 0.028125 0.0265625
0 0.7203125 0.43828125 0.025 0.0203125
0 0.68359375 0.46640625 0.0265625 0.0265625
0 0.6671875 0.43125 0.025 0.021875
0 0.60703125 0.440625 0.0203125 0.025
0 0.575 0.434375 0.021875 0.01875
0 0.52265625 0.44609375 0.0171875 0.0171875
0 0.50703125 0.45859375 0.0171875 0.0171875
0 0.55703125 0.4515625 0.0109375 0.0125
0 0.83828125 0.453125 0.0359375 0.034375
0 0.94609375 0.4359375 0.0421875 0.046875
0 1.01015625 0.43203125 0.0328125 0.0359375
0 1.046875 0.46171875 0.015625 0.0203125
0 1.0875 0.471875 0.0125 0.015625
0 1.1125 0.4703125 0.0125 0.015625
0 1.1609375 0.43828125 0.034375 0.0359375
0 1.20859375 0.4671875 0.0328125 0.03125
0 1.29140625 0.46171875 0.0234375 0.0265625
0 1.3328125 0.46875 0.025 0.025
0 1.2625 0.46640625 0.009375 0.0140625
0 1.31015625 0.459375 0.0109375 0.015625
0 1.13359375 0.46328125 0.0109375 0.0140625
0 1.52109375 0.4921875 0.0078125 0.009375
0 1.58828125 0.4859375 0.0140625 0.015625
0 1.55234375 0.471875 0.0078125 0.009375
0 1.5703125 0.475 0.00625 0.00625
