0 1.24765625 0.33515625 0.0390625 0.0546875
0 1.3328125 0.43359375 0.078125 0.0765625
0 1.41484375 0.396875 0.0453125 0.053125
0 1.51171875 0.4953125 0.0984375 0.1125
0 1.540625 0.35703125 0.071875 0.0609375
0 1.440625 0.3578125 0.028125 0.04375
0 1.36875 0.34921875 0.040625 0.0453125
0 1.4140625 0.28984375 0.028125 0.0359375
0 0.70078125 0.48984375 0.0890625 0.1265625
0 0.615625 0.48125 0.05 0.053125
0 0.425 0.384375 0.046875 0.040625
0 0.46484375 0.3078125 0.0359375 0.040625
0 0.48125 0.28125 0.021875 0.028125
0 0.4203125 0.28046875 0.01875 0.0203125
0 0.39609375 0.25390625 0.0109375 0.0171875
0 0.65625 0.26953125 0.01875 0.0234375
0 0.7 0.30234375 0.021875 0.0359375
0 0.7796875 0.31015625 0.025 0.0390625
0 0.73203125 0.38671875 0.0296875 0.0453125
0 0.8046875 0.278125 0.015625 0.028125
0 0.90390625 0.2890625 0.0203125 0.03125
0 0.9359375 0.29921875 0.03125 0.0421875
0 0.99296875 0.3046875 0.0296875 0.040625
0 1.071875 0.27265625 0.01875 0.0265625
0 0.21796875 0.34296875 0.0453125 0.0515625
0 0.03359375 0.35703125 0.0671875 0.0609375
0 0.1296875 0.3203125 0.03125 0.028125
0 0.21328125 0.2640625 0.0359375 0.040625
0 0.2875 0.33828125 0.053125 0.0515625
0 0.3046875 0.503125 0.115625 0.125
0 0.58359375 0.35703125 0.0390625 0.0421875
0 0.3390625 0.3203125 0.028125 0.034375
0 0.29921875 0.265625 0.0171875 0.01875
0 0.33984375 0.24921875 0.0171875 0.0171875
0 0.1734375 0.2609375 0.015625 0.015625
0 0.13515625 0.253125 0.0140625 0.015625
0 0.88046875 0.34921875 0.0703125 0.0921875
