0 0.190625 0.3921875 0.0375 0.040625
0 0.2578125 0.38125 0.01875 0.021875
0 0.334375 0.3859375 0.03125 0.0375
0 0.4328125 0.39296875 0.03125 0.0390625
0 0.45 0.390625 0.021875 0.034375
0 0.490625 0.39375 0.028125 0.034375
0 0.615625 0.37265625 0.034375 0.0421875
0 0.6859375 0.428125 0.034375 0.0375
0 0.75859375 0.3984375 0.0265625 0.0375
0 0.853125 0.38203125 0.01875 0.0421875
0 0.92421875 0.38984375 0.0296875 0.0328125
0 0.97421875 0.40078125 0.0359375 0.0453125
0 1.0703125 0.4 0.03125 0.034375
0 1.1515625 0.40078125 0.021875 0.0234375
0 1.28984375 0.415625 0.0421875 0.05
0 1.37265625 0.41328125 0.0140625 0.0171875
0 1.403125 0.409375 0.009375 0.0125
0 1.23046875 0.40390625 0.0171875 0.0265625
0 1.5109375 0.409375 0.0125 0.021875
0 1.48125 0.4125 0.0125 0.015625
0 1.59375 0.41484375 0.009375 0.0234375
0 1.5828125 0.42109375 0.015625 0.0171875
