0 1.50078125 0.3640625 0.0578125 0.0625
0 1.45546875 0.29765625 0.0265625 0.0296875
0 1.35703125 0.46875 0.0703125 0.075
0 1.46875 0.28046875 0.015625 0.0234375
0 1.3046875 0.7765625 0.10625 0.2875
0 1.59140625 0.2609375 0.0140625 0.03125
0 1.5359375 0.2796875 0.01875 0.01875
0 1.35 0.27890625 0.01875 0.0234375
0 1.40078125 0.26796875 0.0171875 0.0234375
0 1.3390625 0.28515625 0.015625 0.0203125
0 1.3234375 0.27265625 0.009375 0.0171875
0 1.4625 0.2515625 0.00625 0.00625
0 1.30546875 0.3546875 0.0390625 0.046875
0 1.30859375 0.30078125 0.0203125 0.0171875
0 1.3203125 0.2890625 0.015625 0.01875
0 1.19765625 0.459375 0.0421875 0.059375
0 1.06640625 0.3875 0.0515625 0.06875
0 1.0921875 0.375 0.01875 0.046875
0 0.9796875 0.36484375 0.028125 0.0484375
0 1.1171875 0.52265625 0.059375 0.0765625
0 0.94765625 0.49140625 0.0546875 0.0671875
0 0.8 0.5828125 0.115625 0.125
0 0.46171875 0.54296875 0.0640625 0.0734375
0 0.22421875 0.503125 0.0734375 0.084375
0 0.36015625 0.8109375 0.0921875 0.340625
0 0.084375 0.59609375 0.08125 0.0890625
0 1.2 0.2890625 0.015625 0.028125
0 1.1515625 0.27734375 0.0125 0.0140625
0 1.11953125 0.2453125 0.0109375 0.0125
0 1.10078125 0.25546875 0.0109375 0.0140625
0 1.1828125 0.2625 0.009375 0.0125
0 1.215625 0.25078125 0.00625 0.0078125
0 1.2203125 0.28828125 0.009375 0.0171875
0 1.18359375 0.2375 0.0109375 0.0125
0 1.02421875 0.28359375 0.0203125 0.0234375
0 1.0421875 0.28359375 0.015625 0.0203125
0 1.0484375 0.30234375 0.0125 0.0140625
0 1.0671875 0.25234375 0.009375 0.0109375
0 1.05625 0.275 0.0125 0.0125
0 1.01015625 0.2453125 0.0140625 0.015625
0 0.98359375 0.25078125 0.0109375 0.0140625
0 0.99375 0.28828125 0.0125 0.0140625
0 1.0453125 0.24453125 0.0125 0.0140625
0 0.971875 0.25703125 0.0125 0.0140625
0 0.95234375 0.2421875 0.0109375 0.0125
0 0.97265625 0.240625 0.0078125 0.009375
0 1.0046875 0.23125 0.009375 0.009375
0 0.92734375 0.2953125 0.0140625 0.021875
0 0.94375 0.259375 0.009375 0.0125
0 0.909375 0.246875 0.009375 0.0125
0 0.8703125 0.28203125 0.015625 0.0234375
0 0.86328125 0.24921875 0.0140625 0.0171875
0 0.89140625 0.2578125 0.0109375 0.0125
0 0.8703125 0.23359375 0.009375 0.0109375
0 0.88203125 0.240625 0.0078125 0.009375
0 0.91953125 0.24296875 0.0109375 0.0109375
0 0.79765625 0.26171875 0.0109375 0.0140625
0 0.77890625 0.296875 0.0203125 0.021875
0 0.75703125 0.296875 0.0140625 0.01875
0 0.76171875 0.2609375 0.0078125 0.015625
0 0.75859375 0.25078125 0.0109375 0.0140625
0 0.77734375 0.25 0.0078125 0.009375
0 0.790625 0.24375 0.009375 0.0125
0 0.79921875 0.24609375 0.0078125 0.0109375
0 0.7375 0.2421875 0.009375 0.0125
0 0.73515625 0.30703125 0.0171875 0.0234375
0 0.71875 0.2796875 0.015625 0.021875
0 0.728125 0.2546875 0.009375 0.0125
0 0.71328125 0.25703125 0.0078125 0.0109375
0 0.696875 0.253125 0.0125 0.015625
0 0.71640625 0.23984375 0.0109375 0.0140625
0 0.6453125 0.290625 0.01875 0.021875
0 0.6578125 0.24765625 0.009375 0.0109375
0 0.67578125 0.23984375 0.0078125 0.0109375
0 0.63984375 0.259375 0.0109375 0.0125
0 0.6171875 0.2421875 0.009375 0.0125
0 0.6109375 0.28203125 0.0125 0.0171875
0 0.60390625 0.28046875 0.0109375 0.0140625
0 0.58671875 0.30859375 0.0140625 0.0203125
0 0.59296875 0.25 0.0109375 0.0125
0 0.5328125 0.28984375 0.015625 0.0234375
0 0.50703125 0.26015625 0.0109375 0.0140625
0 0.534375 0.2671875 0.009375 0.0125
0 0.4765625 0.3171875 0.0125 0.01875
0 0.46796875 0.28984375 0.0109375 0.0171875
0 0.4734375 0.265625 0.009375 0.0125
0 0.48125 0.253125 0.0125 0.0125
0 0.5015625 0.2921875 0.0125 0.01875
0 0.41796875 0.25390625 0.0109375 0.0140625
0 0.44140625 0.26953125 0.0109375 0.0140625
0 0.4640625 0.26328125 0.009375 0.0140625
0 0.38125 0.290625 0.009375 0.015625
0 0.3703125 0.271875 0.0125 0.015625
0 0.3109375 0.271875 0.009375 0.0125
0 0.33984375 0.27421875 0.0140625 0.0140625
0 0.26328125 0.26640625 0.0109375 0.0140625
0 0.2453125 0.30859375 0.01875 0.0234375
0 0.33046875 0.31640625 0.0171875 0.0171875
0 0.28671875 0.29140625 0.0109375 0.0109375
0 0.21171875 0.2703125 0.0109375 0.0125
0 0.1796875 0.27265625 0.0125 0.0140625
0 0.15078125 0.2875 0.0140625 0.015625
0 0.14921875 0.2671875 0.0109375 0.0125
0 0.15859375 0.31796875 0.0171875 0.0203125
0 1.071875 0.2390625 0.00625 0.009375
0 1.08515625 0.2484375 0.0078125 0.009375
0 1.09375 0.24140625 0.009375 0.0078125
0 1.1 0.23828125 0.009375 0.0109375
0 1.134375 0.24375 0.009375 0.0125
0 1.1453125 0.24765625 0.009375 0.0140625
0 1.11796875 0.27734375 0.0109375 0.0203125
0 1.28984375 0.259375 0.0109375 0.0125
0 1.27265625 0.25703125 0.0109375 0.0109375
0 1.31015625 0.2421875 0.0046875 0.00625
0 1.2578125 0.24609375 0.009375 0.0109375
0 1.3796875 0.25 0.009375 0.009375
0 1.33828125 0.2390625 0.0078125 0.009375
0 1.3453125 0.23359375 0.00625 0.0078125
