0 0.578125 0.37890625 0.00625 0.0109375
0 0.6140625 0.378125 0.00625 0.009375
0 0.6359375 0.39765625 0.00625 0.0109375
0 0.578125 0.39453125 0.00625 0.0109375
0 0.59765625 0.43515625 0.0109375 0.0140625
0 0.6171875 0.40703125 0.00625 0.0078125
0 0.6125 0.42421875 0.0125 0.0140625
0 0.6359375 0.43203125 0.009375 0.0109375
0 0.66328125 0.425 0.0109375 0.01875
0 0.671875 0.45234375 0.0125 0.0140625
0 0.70546875 0.39453125 0.0078125 0.0109375
0 0.72109375 0.4125 0.0109375 0.009375
0 0.7 0.4734375 0.015625 0.01875
0 0.7203125 0.42890625 0.009375 0.0109375
0 0.684375 0.40703125 0.00625 0.0078125
0 0.7328125 0.4328125 0.009375 0.0125
0 0.75546875 0.38984375 0.0046875 0.0078125
0 0.7546875 0.44921875 0.009375 0.0109375
0 0.7828125 0.40859375 0.0125 0.0109375
0 0.79140625 0.43515625 0.0140625 0.0140625
0 0.79609375 0.42109375 0.0078125 0.0109375
0 0.809375 0.4359375 0.009375 0.015625
0 0.775 0.38515625 0.00625 0.0078125
0 0.80390625 0.38984375 0.0078125 0.0078125
0 0.61015625 0.50078125 0.0109375 0.0171875
0 0.6375 0.490625 0.0125 0.021875
0 0.73046875 0.49140625 0.0109375 0.0109375
0 0.7734375 0.496875 0.009375 0.015625
0 0.7609375 0.49140625 0.009375 0.0171875
0 0.7875 0.4515625 0.009375 0.015625
0 0.82890625 0.43671875 0.0109375 0.0140625
0 0.79453125 0.496875 0.0109375 0.01875
0 0.79921875 0.4734375 0.0109375 0.0125
0 0.821875 0.46875 0.0125 0.015625
0 0.83671875 0.42109375 0.0078125 0.0109375
0 0.86015625 0.44140625 0.0109375 0.0109375
0 0.8625 0.42890625 0.00625 0.0109375
0 0.85546875 0.46640625 0.0109375 0.0140625
0 0.884375 0.434375 0.00625 0.009375
0 0.81484375 0.50546875 0.0109375 0.0140625
0 0.85625 0.50390625 0.0125 0.0203125
0 0.88046875 0.45390625 0.0109375 0.0140625
0 0.88828125 0.48125 0.0171875 0.01875
0 0.88984375 0.5140625 0.0140625 0.015625
0 0.91484375 0.44765625 0.0078125 0.0109375
0 0.9421875 0.446875 0.0125 0.009375
0 0.971875 0.5140625 0.0125 0.01875
0 0.96015625 0.44453125 0.0109375 0.0171875
0 0.83203125 0.540625 0.0171875 0.01875
0 0.909375 0.51015625 0.009375 0.0171875
0 0.9796875 0.4265625 0.009375 0.015625
0 0.9796875 0.44609375 0.009375 0.0140625
0 1.00546875 0.46484375 0.0109375 0.0203125
0 1.04140625 0.46796875 0.0140625 0.0140625
0 1.05390625 0.43125 0.0078125 0.0125
0 1.00234375 0.4421875 0.0078125 0.0125
0 1.04609375 0.4140625 0.0078125 0.0125
0 1.07890625 0.446875 0.0109375 0.0125
0 1.10703125 0.4546875 0.0109375 0.0125
0 1.11953125 0.42734375 0.0078125 0.0109375
0 1.1359375 0.4375 0.0125 0.0125
0 1.14765625 0.4796875 0.0109375 0.0125
0 1.178125 0.5 0.0125 0.015625
0 1.13359375 0.45703125 0.0109375 0.0171875
0 1.1578125 0.465625 0.0125 0.01875
0 1.17265625 0.428125 0.0109375 0.0125
0 1.171875 0.4078125 0.009375 0.0125
0 1.30546875 0.4109375 0.0078125 0.0125
0 1.23359375 0.46640625 0.0109375 0.0140625
0 1.24375 0.44296875 0.009375 0.0109375
0 1.2171875 0.45859375 0.0125 0.0171875
0 1.25 0.490625 0.0125 0.015625
0 1.2609375 0.503125 0.0125 0.015625
0 1.271875 0.4921875 0.0125 0.0125
0 1.28359375 0.46875 0.0171875 0.021875
0 1.28671875 0.528125 0.0140625 0.01875
0 1.303125 0.50390625 0.015625 0.0140625
0 1.3171875 0.509375 0.0125 0.015625
0 1.35859375 0.53671875 0.0171875 0.0171875
0 1.325 0.48203125 0.009375 0.0140625
0 1.35390625 0.48515625 0.0140625 0.0171875
0 1.28828125 0.4140625 0.0078125 0.0125
0 1.31484375 0.46328125 0.0109375 0.0140625
0 1.3375 0.45 0.0125 0.0125
0 1.38671875 0.4328125 0.0078125 0.009375
0 1.428125 0.428125 0.009375 0.0125
0 1.421875 0.4671875 0.0125 0.01875
0 1.384375 0.475 0.0125 0.015625
0 1.43671875 0.45625 0.0109375 0.0125
0 1.42890625 0.509375 0.0140625 0.015625
0 1.4140625 0.54296875 0.015625 0.0171875
0 1.39453125 0.525 0.0140625 0.021875
0 1.46484375 0.49296875 0.0171875 0.0171875
0 1.48359375 0.4484375 0.0140625 0.015625
0 1.51328125 0.4703125 0.0140625 0.015625
0 1.5015625 0.51328125 0.0125 0.0171875
0 1.534375 0.5390625 0.01875 0.01875
0 1.49921875 0.55546875 0.0140625 0.0140625
0 1.46953125 0.5421875 0.0140625 0.0125
0 1.47109375 0.56796875 0.0171875 0.0171875
0 1.4140625 0.575 0.01875 0.021875
0 1.43203125 0.5578125 0.0171875 0.01875
0 0.81015625 0.56796875 0.0171875 0.0203125
0 0.85234375 0.603125 0.0171875 0.01875
0 0.86484375 0.56953125 0.0140625 0.0171875
0 0.89375 0.55234375 0.015625 0.0171875
0 0.884375 0.6546875 0.01875 0.025
0 0.9484375 0.59140625 0.015625 0.0140625
0 0.8828125 0.5921875 0.0125 0.015625
0 0.953125 0.5359375 0.009375 0.01875
0 0.975 0.55 0.015625 0.021875
0 1.025 0.53125 0.0125 0.015625
0 1.03203125 0.56328125 0.0140625 0.0140625
0 1.0328125 0.58515625 0.01875 0.0203125
0 1.06328125 0.57265625 0.0109375 0.0203125
0 1.07578125 0.584375 0.0171875 0.015625
0 1.1140625 0.59453125 0.015625 0.0203125
0 1.1203125 0.571875 0.015625 0.01875
0 1.13984375 0.575 0.0171875 0.01875
0 1.165625 0.5578125 0.015625 0.01875
0 1.12578125 0.65703125 0.0203125 0.0265625
0 1.16875 0.6078125 0.015625 0.021875
0 1.178125 0.65234375 0.01875 0.0203125
0 1.1484375 0.6765625 0.01875 0.01875
0 1.16953125 0.68359375 0.0234375 0.0265625
0 1.19609375 0.58046875 0.0140625 0.0203125
0 1.215625 0.58203125 0.015625 0.0171875
0 1.2015625 0.55703125 0.015625 0.0171875
0 1.19921875 0.66875 0.0171875 0.025
0 1.21796875 0.6765625 0.0140625 0.025
0 1.09140625 0.68671875 0.0171875 0.0265625
0 1.0109375 0.6578125 0.015625 0.021875
0 1.03046875 0.67421875 0.0171875 0.0203125
0 0.96796875 0.63984375 0.0140625 0.0203125
0 0.9859375 0.6546875 0.015625 0.01875
0 0.940625 0.68515625 0.021875 0.0234375
0 0.64375 0.65 0.015625 0.01875
0 0.64921875 0.7109375 0.0203125 0.025
0 0.64296875 0.775 0.0203125 0.028125
0 0.725 0.76875 0.021875 0.028125
0 0.72421875 0.7171875 0.0171875 0.028125
0 0.7453125 0.73984375 0.021875 0.0234375
0 0.76875 0.70859375 0.01875 0.0203125
0 0.76796875 0.7546875 0.0203125 0.01875
0 0.81484375 0.67734375 0.0171875 0.0234375
0 0.8578125 0.72734375 0.025 0.0234375
0 0.7953125 0.63984375 0.01875 0.0171875
0 0.7765625 0.66953125 0.015625 0.0234375
0 0.8796875 0.69140625 0.01875 0.0265625
0 0.7984375 0.8 0.021875 0.025
0 0.81640625 0.7734375 0.0171875 0.021875
0 0.89296875 0.7859375 0.0203125 0.025
0 0.89765625 0.71640625 0.0140625 0.0203125
0 0.84140625 0.7640625 0.0140625 0.021875
0 0.4875 0.815625 0.025 0.028125
0 0.434375 0.80234375 0.021875 0.0265625
0 0.47265625 0.7734375 0.0140625 0.021875
0 0.53359375 0.79609375 0.0234375 0.0234375
0 0.4265625 0.88046875 0.025 0.0296875
0 0.47578125 0.88515625 0.0234375 0.0328125
0 0.58515625 0.8765625 0.0265625 0.0375
0 0.61875 0.9046875 0.025 0.03125
0 0.6078125 0.80703125 0.021875 0.0328125
0 0.565625 0.7640625 0.01875 0.028125
0 0.54765625 0.75625 0.0171875 0.025
0 0.60625 0.72109375 0.0125 0.0203125
0 0.53125 0.9046875 0.015625 0.021875
0 0.365625 0.803125 0.01875 0.028125
0 0.321875 0.8546875 0.025 0.03125
0 0.33984375 0.7609375 0.0171875 0.025
0 0.0203125 0.8171875 0.025 0.03125
0 0.0328125 0.89453125 0.028125 0.0328125
0 0.065625 0.89453125 0.01875 0.0265625
0 0.08984375 0.93515625 0.0265625 0.0328125
0 0.0953125 0.79453125 0.015625 0.0203125
0 0.11953125 0.8265625 0.0234375 0.021875
0 0.11796875 0.8640625 0.0203125 0.021875
0 0.16171875 0.9328125 0.0265625 0.034375
0 0.140625 0.946875 0.01875 0.028125
0 0.24609375 0.83515625 0.0203125 0.0328125
0 0.2109375 0.915625 0.015625 0.021875
0 0.2734375 0.834375 0.021875 0.028125
0 0.2671875 0.8921875 0.021875 0.025
0 0.28671875 0.9859375 0.0234375 0.03125
0 0.315625 0.9203125 0.01875 0.021875
0 0.05390625 1.02109375 0.0265625 0.0390625
0 0.059375 0.98359375 0.025 0.0140625
0 0.15625 1.11796875 0.03125 0.0421875
0 0.14609375 1.078125 0.0296875 0.03125
0 0.1125 1.003125 0.025 0.034375
0 0.2171875 1.03046875 0.03125 0.0359375
0 0.35234375 1.0859375 0.0328125 0.0375
0 0.0109375 1.18203125 0.021875 0.0390625
0 0.05859375 1.190625 0.0328125 0.025
0 0.2609375 0.78046875 0.01875 0.0296875
0 0.3890625 0.94921875 0.03125 0.0328125
0 0.42265625 0.9421875 0.0234375 0.034375
0 0.4640625 0.98984375 0.028125 0.0328125
0 0.39609375 1.040625 0.0328125 0.0375
0 0.5125 1.04453125 0.03125 0.0390625
0 0.5375 0.9890625 0.03125 0.034375
0 0.53203125 0.95859375 0.0234375 0.0203125
0 0.5484375 1.05078125 0.03125 0.0390625
0 0.54140625 1.1875 0.0265625 0.034375
0 0.66796875 1.08984375 0.0265625 0.0359375
0 0.7171875 0.93515625 0.025 0.0328125
0 0.79609375 1.1140625 0.0296875 0.0375
0 0.634375 0.74921875 0.015625 0.0234375
0 0.69609375 0.86171875 0.0265625 0.0328125
0 0.72578125 0.8453125 0.0265625 0.03125
0 0.7234375 0.81171875 0.021875 0.0234375
0 0.75234375 0.8640625 0.0234375 0.03125
0 0.81328125 0.8953125 0.0265625 0.034375
0 0.8296875 0.81171875 0.021875 0.0265625
0 0.85546875 0.83671875 0.0234375 0.0296875
0 0.94609375 0.8328125 0.0234375 0.03125
0 0.81015625 1.0015625 0.0296875 0.034375
0 0.953125 0.92578125 0.025 0.0328125
0 0.98203125 0.8078125 0.0203125 0.028125
0 0.92890625 0.7265625 0.0171875 0.01875
0 0.92265625 0.64375 0.0140625 0.015625
0 0.91796875 0.67578125 0.0171875 0.0203125
0 0.9625 0.70234375 0.01875 0.0234375
0 0.99609375 0.73203125 0.0109375 0.0265625
0 1.04375 0.70625 0.01875 0.025
0 1.09609375 0.73984375 0.0203125 0.0265625
0 1.12109375 0.946875 0.0265625 0.034375
0 1.04140625 0.91015625 0.0265625 0.0296875
0 1.03515625 0.86015625 0.0203125 0.0265625
0 1.11796875 0.86640625 0.0265625 0.0328125
0 1.028125 0.809375 0.015625 0.021875
0 1.16875 0.8359375 0.01875 0.028125
0 1.31953125 0.95703125 0.0234375 0.0265625
0 1.275 0.81796875 0.021875 0.0296875
0 1.384375 0.81015625 0.025 0.0296875
0 1.0671875 0.82265625 0.01875 0.0328125
0 1.09375 0.80078125 0.01875 0.0296875
0 1.35 0.79296875 0.01875 0.0203125
0 1.41015625 0.78125 0.0203125 0.021875
0 1.07734375 0.640625 0.0140625 0.015625
0 1.075 0.6703125 0.015625 0.01875
0 1.1078125 0.77109375 0.025 0.0265625
0 1.17265625 0.74453125 0.0203125 0.0203125
0 1.19921875 0.72109375 0.0234375 0.0296875
0 1.2421875 0.703125 0.01875 0.025
0 1.290625 0.76875 0.01875 0.021875
0 1.20859375 0.76953125 0.0203125 0.0265625
0 1.371875 0.5625 0.015625 0.021875
0 1.259375 0.5921875 0.01875 0.01875
0 1.24921875 0.6265625 0.0109375 0.015625
0 1.2453125 0.56875 0.0125 0.015625
0 1.3046875 0.6328125 0.01875 0.01875
0 1.3203125 0.6234375 0.01875 0.025
0 1.353125 0.62578125 0.0125 0.0171875
0 1.37578125 0.63125 0.0171875 0.025
0 1.2671875 0.6609375 0.015625 0.0125
0 1.30546875 0.66328125 0.0203125 0.0265625
0 1.240625 0.78671875 0.0125 0.0203125
0 1.325 0.7015625 0.01875 0.025
0 1.32578125 0.76875 0.0234375 0.021875
0 1.36171875 0.70546875 0.0203125 0.0234375
0 1.38125 0.67265625 0.021875 0.0234375
0 1.39921875 0.7078125 0.0203125 0.025
0 1.45546875 0.759375 0.0234375 0.025
0 1.47578125 0.73359375 0.0203125 0.0234375
0 1.4734375 0.6828125 0.015625 0.021875
0 1.503125 0.7015625 0.01875 0.025
0 1.49921875 0.78984375 0.0203125 0.0296875
0 1.54140625 0.67890625 0.0203125 0.0234375
0 1.565625 0.70625 0.015625 0.01875
0 1.51171875 0.65703125 0.0203125 0.0203125
0 1.40703125 0.6421875 0.0171875 0.015625
0 1.4421875 0.63515625 0.01875 0.0265625
0 1.58125 0.734375 0.0125 0.021875
0 1.59140625 0.73984375 0.0109375 0.0171875
0 1.55 0.63046875 0.01875 0.0234375
0 1.571875 0.66328125 0.015625 0.0171875
0 1.475 0.61328125 0.015625 0.0203125
0 1.5609375 0.603125 0.021875 0.01875
0 1.56953125 0.6296875 0.0109375 0.01875
0 1.58125 0.46484375 0.0125 0.0140625
0 1.58671875 0.44453125 0.0109375 0.0140625
0 1.50703125 0.603125 0.0140625 0.021875
0 0.2140625 0.98828125 0.03125 0.0328125
0 0.85 0.6578125 0.01875 0.021875
0 1.0703125 0.86328125 0.025 0.0296875
0 1.0859375 0.60078125 0.015625 0.0140625
0 0.99609375 0.5953125 0.0203125 0.021875
0 1.0796875 0.5609375 0.0125 0.015625
0 0.69921875 0.43046875 0.0109375 0.0140625
0 0.8078125 0.54765625 0.015625 0.0203125
0 1.01328125 0.44296875 0.0109375 0.0171875
0 1.1984375 0.49765625 0.015625 0.0203125
0 1.18828125 0.4734375 0.0109375 0.0125
0 1.21171875 0.525 0.0140625 0.015625
0 1.2546875 0.534375 0.0125 0.015625
0 1.3375 0.55625 0.009375 0.021875
0 1.31015625 0.534375 0.0109375 0.015625
0 1.203125 0.61796875 0.01875 0.0203125
0 1.115625 0.61953125 0.015625 0.0171875
0 1.1375 0.6265625 0.0125 0.01875
0 1.1296875 0.73515625 0.015625 0.0171875
0 1.10234375 0.48671875 0.0109375 0.0109375
0 1.0875 0.47890625 0.015625 0.0140625
0 1.55859375 0.52265625 0.0171875 0.0203125
0 1.53984375 0.46328125 0.0140625 0.0140625
0 1.52734375 0.5109375 0.0109375 0.0125
0 0.53046875 0.50234375 0.0171875 0.0203125
