0 0.15 0.47109375 0.021875 0.0296875
0 0.2578125 0.44765625 0.021875 0.0234375
0 0.27578125 0.42578125 0.0171875 0.0171875
0 0.17890625 0.45 0.0171875 0.021875
0 0.434375 0.403125 0.01875 0.021875
0 0.40703125 0.4625 0.0765625 0.09375
0 0.4234375 0.38046875 0.009375 0.0109375
0 0.41484375 0.38046875 0.0078125 0.0109375
0 0.46171875 0.3765625 0.0109375 0.015625
0 0.509375 0.37109375 0.009375 0.0109375
0 0.65625 0.4109375 0.0625 0.09375
0 0.73828125 0.38828125 0.0390625 0.0609375
0 0.7828125 0.3609375 0.025 0.034375
0 0.80859375 0.39609375 0.0484375 0.0734375
0 0.88125 0.325 0.025 0.034375
0 0.909375 0.3046875 0.015625 0.021875
0 0.9234375 0.34765625 0.0375 0.0546875
0 0.9796875 0.2921875 0.015625 0.021875
0 0.99609375 0.29140625 0.0109375 0.0140625
0 1.190625 0.265625 0.025 0.05
0 1.16875 0.1265625 0.01875 0.025
0 0.546875 0.9296875 0.140625 0.153125
0 0.946875 0.690625 0.1125 0.15625
