0 0.64609375 0.5890625 0.0984375 0.109375
0 1.06171875 0.54140625 0.0984375 0.1328125
0 1.334375 0.7671875 0.1125 0.134375
0 1.5515625 0.59609375 0.06875 0.1078125
0 1.49921875 0.496875 0.0640625 0.09375
0 0.32265625 0.4828125 0.0828125 0.1
0 0.175 0.75546875 0.115625 0.1015625
0 0.23046875 0.5484375 0.0796875 0.109375
0 0.1234375 0.53203125 0.10625 0.1234375
0 0.45390625 0.41328125 0.0484375 0.0453125
0 0.871875 0.5828125 0.0875 0.115625
0 0.0453125 0.3734375 0.028125 0.0375
0 0.234375 0.4171875 0.025 0.040625
0 0.590625 0.415625 0.021875 0.028125
0 0.53828125 0.54375 0.0828125 0.1125
0 1.31796875 0.49609375 0.0640625 0.1140625
0 1.23671875 0.71953125 0.0640625 0.1328125
