0 0.825 0.7 0.175 0.246875
0 1.18828125 0.3734375 0.1015625 0.128125
0 1.428125 0.2984375 0.09375 0.115625
0 1.346875 0.28515625 0.053125 0.0640625
0 1.26484375 0.23125 0.0453125 0.065625
0 0.7921875 0.33515625 0.103125 0.1265625
0 0.565625 0.3921875 0.078125 0.10625
0 0.3515625 0.43046875 0.1125 0.1515625
0 1.50078125 0.3 0.0515625 0.084375
0 1.540625 0.2328125 0.05625 0.0625
0 0.875 0.22734375 0.040625 0.0515625
0 0.7828125 0.21796875 0.059375 0.0828125
0 0.68984375 0.1875 0.0296875 0.034375
0 0.83125 0.1796875 0.028125 0.0375
0 1.31953125 0.6109375 0.1546875 0.190625
0 0.03046875 0.4453125 0.0609375 0.140625
0 1.2984375 0.23515625 0.028125 0.0421875
