0 1.53515625 0.378125 0.0171875 0.015625
0 1.43828125 0.259375 0.0171875 0.021875
0 1.26953125 0.26015625 0.0171875 0.0234375
0 1.303125 0.34765625 0.05625 0.0640625
0 1.3953125 0.52890625 0.028125 0.0421875
0 1.2 0.2609375 0.090625 0.109375
0 1.08671875 0.26796875 0.0171875 0.0234375
0 1.03203125 0.24765625 0.0171875 0.0203125
0 0.86640625 0.25859375 0.0140625 0.0171875
0 0.72734375 0.2796875 0.0265625 0.03125
0 0.94765625 0.39609375 0.0171875 0.0265625
0 0.9046875 0.390625 0.015625 0.021875
0 0.79609375 0.384375 0.0203125 0.025
0 0.9953125 0.515625 0.03125 0.0375
0 0.94140625 0.50546875 0.0296875 0.0359375
0 0.86484375 0.52734375 0.0328125 0.0359375
0 0.66640625 0.3515625 0.0234375 0.03125
0 0.58671875 0.328125 0.0140625 0.021875
0 0.5265625 0.27890625 0.059375 0.0640625
0 0.33359375 0.2953125 0.0265625 0.034375
0 0.38515625 0.390625 0.0171875 0.021875
0 0.30859375 0.490625 0.0234375 0.034375
0 0.3296875 0.58515625 0.034375 0.0453125
0 0.06015625 0.38671875 0.1203125 0.1796875
0 0.13984375 0.68125 0.0171875 0.021875
0 0.171875 0.69921875 0.021875 0.0234375
0 0.1390625 0.75078125 0.009375 0.0109375
0 0.146875 0.7609375 0.009375 0.0125
0 0.11640625 0.74921875 0.0078125 0.0109375
0 0.7609375 0.8453125 0.08125 0.109375
0 1.025 0.96796875 0.0875 0.1203125
0 0.084375 0.6703125 0.00625 0.00625
