0 1.37109375 0.64765625 0.0203125 0.0265625
0 1.36640625 0.61015625 0.0203125 0.0234375
0 1.33671875 0.63984375 0.0234375 0.0328125
0 1.309375 0.6765625 0.025 0.034375
0 1.396875 0.70546875 0.025 0.0328125
0 1.45 0.70703125 0.021875 0.0296875
0 1.44765625 0.6359375 0.0234375 0.03125
0 1.47578125 0.6296875 0.0234375 0.03125
0 1.46796875 0.66953125 0.0234375 0.0296875
0 1.51640625 0.72109375 0.0203125 0.0265625
0 1.565625 0.65234375 0.021875 0.0328125
0 1.56484375 0.7375 0.0203125 0.025
0 1.59453125 0.64375 0.0109375 0.025
0 1.41796875 0.74453125 0.0234375 0.0328125
0 1.35390625 0.75625 0.0296875 0.034375
0 1.25859375 0.6109375 0.0203125 0.025
0 1.21875 0.646875 0.021875 0.021875
0 1.23203125 0.6875 0.0203125 0.028125
0 1.16015625 0.69375 0.0234375 0.028125
0 1.15078125 0.62421875 0.0234375 0.0296875
0 1.09921875 0.63125 0.0234375 0.028125
0 1.0953125 0.6734375 0.025 0.028125
0 1.0671875 0.6984375 0.021875 0.028125
0 1.1078125 0.73984375 0.021875 0.0265625
0 1.1859375 0.74609375 0.025 0.0265625
0 1.0203125 0.63671875 0.021875 0.0296875
0 0.9875 0.60625 0.021875 0.028125
0 0.953125 0.64375 0.025 0.03125
0 0.9953125 0.71015625 0.021875 0.0296875
0 0.8984375 0.625 0.025 0.03125
0 0.82421875 0.61953125 0.0234375 0.0328125
0 0.8109375 0.6828125 0.025 0.03125
0 0.803125 0.72734375 0.025 0.0296875
0 0.86953125 0.7296875 0.0234375 0.028125
0 0.8359375 0.72421875 0.025 0.0296875
0 0.9296875 0.7453125 0.025 0.03125
0 0.99453125 0.76171875 0.0203125 0.0265625
0 0.75625 0.6875 0.025 0.03125
0 0.74140625 0.61171875 0.0234375 0.0296875
0 0.67265625 0.615625 0.0234375 0.03125
0 0.6859375 0.65625 0.021875 0.03125
0 0.7015625 0.70078125 0.021875 0.0265625
0 0.64609375 0.7109375 0.0265625 0.03125
0 0.6078125 0.646875 0.021875 0.03125
0 0.74765625 0.74296875 0.0203125 0.0234375
0 0.603125 0.696875 0.028125 0.03125
0 0.49375 0.68984375 0.025 0.0265625
0 0.45703125 0.7265625 0.0265625 0.028125
0 0.4484375 0.66484375 0.025 0.0265625
0 0.4984375 0.60234375 0.01875 0.0234375
0 0.4390625 0.609375 0.021875 0.025
0 0.39921875 0.6078125 0.0265625 0.03125
0 0.34921875 0.67578125 0.0265625 0.0328125
0 0.31953125 0.62109375 0.0296875 0.0296875
0 0.409375 0.69765625 0.025 0.0328125
0 0.2328125 0.7046875 0.025 0.03125
0 0.48203125 0.77109375 0.0234375 0.0265625
0 0.33515625 0.75234375 0.0265625 0.0328125
0 0.24765625 0.76015625 0.0234375 0.0234375
0 0.17265625 0.7484375 0.0234375 0.025
0 0.0734375 0.7375 0.025 0.034375
0 0.2453125 0.83359375 0.021875 0.0265625
0 0.48984375 1.028125 0.0265625 0.034375
0 0.403125 0.97890625 0.021875 0.0265625
0 0.46875 1.0015625 0.025 0.028125
0 0.38671875 1.16953125 0.0515625 0.0578125
0 0.5296875 1.02421875 0.021875 0.0265625
0 0.70546875 1.01875 0.0265625 0.028125
0 0.64609375 1.059375 0.0234375 0.025
0 0.65625 1.02890625 0.01875 0.0265625
0 0.68515625 1.0515625 0.0234375 0.028125
0 0.7265625 1.0640625 0.025 0.028125
0 1.1359375 1.00546875 0.025 0.0296875
0 1.221875 0.99921875 0.025 0.0328125
0 1.4984375 1.0515625 0.01875 0.028125
0 0.5921875 1.18515625 0.021875 0.0296875
