0 0.034375 0.9671875 0.06875 0.109375
0 0.25390625 0.99609375 0.1703125 0.1390625
0 0.63671875 0.89453125 0.1359375 0.1421875
0 0.721875 0.9296875 0.090625 0.14375
0 1.01796875 0.9875 0.1203125 0.13125
0 0.89921875 1.0328125 0.0953125 0.065625
0 1.11875 0.8203125 0.096875 0.15
0 1.42109375 0.67734375 0.0796875 0.0984375
0 1.56015625 0.52109375 0.0796875 0.1859375
0 1.5078125 0.496875 0.096875 0.121875
0 1.46484375 0.44375 0.0796875 0.1
0 1.4203125 0.43359375 0.046875 0.0703125
0 1.4296875 0.2984375 0.059375 0.078125
0 1.56875 0.25859375 0.0625 0.0859375
0 1.58125 0.13671875 0.0375 0.0828125
0 1.46484375 0.1765625 0.0640625 0.071875
0 1.415625 0.2296875 0.071875 0.078125
0 1.3515625 0.3265625 0.05 0.034375
0 1.55546875 0.078125 0.0484375 0.071875
0 1.409375 0.11015625 0.065625 0.0765625
0 1.34296875 0.53515625 0.0984375 0.1234375
0 1.1984375 0.67109375 0.09375 0.1234375
0 1.24375 0.534375 0.078125 0.09375
0 1.25859375 0.43828125 0.0734375 0.0828125
0 1.11171875 0.5875 0.1078125 0.128125
0 1.053125 0.7171875 0.1 0.121875
0 1.07421875 0.484375 0.0796875 0.084375
0 1.02734375 0.43046875 0.0640625 0.0859375
0 1.24375 0.28671875 0.075 0.0796875
0 1.23203125 0.39296875 0.0734375 0.0921875
0 1.18984375 0.29609375 0.0546875 0.0765625
0 1.26640625 0.20546875 0.0609375 0.0734375
0 1.2328125 0.1890625 0.0625 0.071875
0 1.18828125 0.1609375 0.0578125 0.071875
0 1.14375 0.16875 0.05625 0.06875
0 0.878125 0.1390625 0.05625 0.065625
0 0.94296875 0.15390625 0.0265625 0.0515625
0 1.059375 0.19140625 0.053125 0.0515625
0 1.1359375 0.28984375 0.0625 0.0765625
0 0.9953125 0.19296875 0.065625 0.0703125
0 0.9859375 0.26640625 0.078125 0.0921875
0 0.85859375 0.2046875 0.0671875 0.065625
0 0.84296875 0.271875 0.0734375 0.0875
0 1.034375 0.30859375 0.06875 0.0609375
0 1.0453125 0.3671875 0.075 0.096875
0 0.89453125 0.4390625 0.0765625 0.1
0 0.8078125 0.45078125 0.078125 0.1109375
0 0.88046875 0.3546875 0.0765625 0.090625
0 0.74296875 0.315625 0.0828125 0.09375
0 0.79296875 0.28203125 0.0421875 0.0640625
0 0.75 0.215625 0.065625 0.078125
0 0.7953125 0.20625 0.05625 0.059375
0 0.79296875 0.0828125 0.0546875 0.06875
0 0.61484375 0.11171875 0.0609375 0.0609375
0 0.63046875 0.1890625 0.0671875 0.075
0 0.53515625 0.1703125 0.0671875 0.078125
0 0.42890625 0.16640625 0.0578125 0.0671875
0 0.62734375 0.371875 0.0703125 0.078125
0 0.6671875 0.44609375 0.0875 0.0890625
0 0.5546875 0.428125 0.059375 0.065625
0 0.39296875 0.10546875 0.0515625 0.0546875
0 0.2515625 0.1296875 0.05625 0.06875
0 0.40625 0.1578125 0.040625 0.04375
0 0.3375 0.1609375 0.05 0.065625
0 0.30078125 0.165625 0.0578125 0.05625
0 0.29765625 0.22578125 0.0703125 0.0859375
0 0.39609375 0.21484375 0.0671875 0.0890625
0 0.1703125 0.15 0.046875 0.046875
0 0.2171875 0.25390625 0.06875 0.0953125
0 0.0515625 0.15859375 0.0625 0.0640625
0 0.0546875 0.24296875 0.075 0.0859375
0 0.36640625 0.3328125 0.0609375 0.090625
0 0.32109375 0.28125 0.0671875 0.059375
0 0.2296875 0.35625 0.05625 0.059375
0 0.1953125 0.41640625 0.04375 0.0734375
0 0.1265625 0.3015625 0.0625 0.075
0 0.03515625 0.42421875 0.0703125 0.0984375
0 0.11171875 0.4796875 0.0765625 0.103125
0 0.30390625 0.49921875 0.0734375 0.1203125
0 0.36953125 0.434375 0.0828125 0.096875
0 0.40390625 0.50859375 0.0859375 0.0890625
0 0.4625 0.4828125 0.053125 0.075
0 0.49140625 0.571875 0.0703125 0.10625
0 0.37734375 0.69921875 0.1140625 0.1453125
0 0.08671875 0.72890625 0.1015625 0.1265625
0 0.25625 0.8265625 0.10625 0.115625
0 0.790625 0.78125 0.1125 0.134375
0 0.69375 0.728125 0.1 0.146875
0 0.62734375 0.67421875 0.0515625 0.0890625
0 0.71640625 0.61328125 0.1015625 0.1484375
0 0.60234375 0.4734375 0.0515625 0.0625
0 0.86640625 0.01953125 0.0171875 0.0234375
0 0.60546875 0.05390625 0.0171875 0.0140625
