0 0.1984375 0.58046875 0.1125 0.1296875
0 1.3078125 0.92265625 0.015625 0.0265625
0 1.31875 0.86796875 0.01875 0.0203125
0 1.2515625 0.86484375 0.0125 0.0171875
0 1.334375 0.84609375 0.015625 0.0171875
0 1.18515625 0.88203125 0.0203125 0.0234375
0 1.10390625 0.8671875 0.0171875 0.021875
0 1.07890625 0.8375 0.0140625 0.01875
0 1.09765625 0.8359375 0.0140625 0.015625
0 1.39453125 0.80078125 0.0109375 0.0140625
0 1.31328125 0.8265625 0.0140625 0.0125
0 1.5828125 0.89453125 0.021875 0.0234375
0 1.5640625 0.90546875 0.021875 0.0265625
0 1.51796875 0.8921875 0.0203125 0.021875
0 1.5328125 0.871875 0.01875 0.021875
0 1.5953125 0.86171875 0.009375 0.0203125
0 1.5796875 0.86875 0.01875 0.021875
0 1.58515625 0.81796875 0.0140625 0.0203125
0 1.4703125 0.82265625 0.0125 0.0171875
0 1.52578125 0.825 0.0140625 0.01875
0 1.06875 0.88203125 0.015625 0.0171875
0 1.0125 0.890625 0.0125 0.01875
0 0.88671875 0.79453125 0.0140625 0.0171875
0 1.03828125 0.79765625 0.0109375 0.0171875
0 1.225 0.80859375 0.015625 0.0203125
0 1.1203125 0.8921875 0.01875 0.025
0 1.36875 0.815625 0.0125 0.015625
0 1.1296875 0.81015625 0.0125 0.0140625
0 1.178125 0.7953125 0.0125 0.015625
0 1.50625 0.81875 0.0125 0.01875
0 1.1890625 0.90703125 0.0125 0.0203125
0 0.89296875 0.91875 0.0265625 0.028125
0 1.14765625 0.796875 0.0140625 0.015625
0 1.0671875 0.90859375 0.015625 0.0203125
0 1.5734375 0.79921875 0.01875 0.0234375
0 1.27265625 0.79140625 0.0109375 0.0140625
0 1.1296875 0.79375 0.0125 0.0125
0 0.8421875 0.86484375 0.0125 0.0140625
0 1.59296875 0.80078125 0.0109375 0.0203125
0 1.45546875 0.8125 0.0140625 0.015625
0 1.20234375 0.81171875 0.0109375 0.0140625
