0 0.0875 0.36015625 0.0375 0.0390625
0 0.1828125 0.3375 0.028125 0.0375
0 0.18046875 0.2453125 0.0265625 0.028125
0 0.21015625 0.278125 0.0265625 0.03125
0 0.26875 0.3625 0.028125 0.034375
0 0.265625 0.2515625 0.025 0.028125
0 0.3 0.284375 0.025 0.03125
0 0.3359375 0.24921875 0.025 0.0296875
0 0.34375 0.35 0.034375 0.0375
0 0.396875 0.29453125 0.025 0.0296875
0 0.409375 0.24609375 0.021875 0.0296875
0 0.43828125 0.3484375 0.0296875 0.034375
0 0.490625 0.28828125 0.025 0.0328125
0 0.534375 0.35703125 0.028125 0.0359375
0 0.528125 0.2453125 0.021875 0.03125
0 0.5859375 0.23984375 0.01875 0.0265625
0 0.58828125 0.2859375 0.0265625 0.034375
0 0.61796875 0.371875 0.0265625 0.034375
0 0.66875 0.2578125 0.021875 0.03125
0 0.675 0.290625 0.025 0.034375
0 0.7296875 0.3796875 0.025 0.0375
0 0.734375 0.259375 0.021875 0.028125
0 0.78125 0.2734375 0.025 0.03125
0 0.81640625 0.35234375 0.0296875 0.0359375
0 0.821875 0.2296875 0.021875 0.028125
0 0.853125 0.30625 0.021875 0.028125
0 0.91015625 0.36484375 0.0234375 0.0359375
0 0.9140625 0.2375 0.021875 0.03125
0 0.96328125 0.27890625 0.0234375 0.0328125
0 1.0015625 0.34921875 0.028125 0.0390625
0 0.99296875 0.225 0.0234375 0.03125
0 1.06796875 0.25390625 0.0203125 0.0265625
0 1.05703125 0.296875 0.0234375 0.034375
0 1.09765625 0.3328125 0.0265625 0.0375
0 1.12578125 0.2953125 0.0203125 0.03125
0 1.12265625 0.24375 0.0171875 0.028125
0 1.18828125 0.34375 0.0296875 0.0375
0 1.175 0.2484375 0.021875 0.03125
0 1.2125 0.27578125 0.025 0.0359375
0 1.23828125 0.25703125 0.0203125 0.0296875
0 1.2875 0.37109375 0.025 0.0359375
0 1.29375 0.30078125 0.025 0.0328125
0 1.2859375 0.2546875 0.025 0.03125
0 1.3828125 0.35234375 0.025 0.0328125
0 1.3484375 0.28984375 0.01875 0.0328125
0 1.328125 0.2609375 0.015625 0.025
0 1.37265625 0.23671875 0.0234375 0.0265625
0 1.4453125 0.32265625 0.028125 0.0359375
0 1.42578125 0.29765625 0.0234375 0.0296875
0 1.509375 0.2828125 0.025 0.03125
0 1.5609375 0.3609375 0.028125 0.034375
