0 0.76328125 0.309375 0.0265625 0.03125
0 0.85859375 0.40546875 0.0265625 0.0359375
0 0.64453125 0.396875 0.0296875 0.034375
0 0.04609375 0.4875 0.0203125 0.021875
0 0.00859375 0.46171875 0.0171875 0.0203125
0 0.053125 0.4453125 0.015625 0.01875
0 1.53359375 0.5171875 0.0234375 0.034375
0 1.32109375 0.4609375 0.0234375 0.028125
0 1.36171875 0.44921875 0.0234375 0.0234375
0 1.284375 0.4484375 0.021875 0.025
0 1.05390625 0.40234375 0.0109375 0.0109375
0 1.03046875 0.409375 0.0109375 0.009375
0 0.97578125 0.40234375 0.0109375 0.0140625
0 0.1234375 0.4328125 0.009375 0.0125
0 0.2109375 0.43984375 0.009375 0.0109375
0 1.1328125 0.40234375 0.0125 0.0140625
0 1.159375 0.3734375 0.015625 0.015625
0 1.21640625 0.36171875 0.0171875 0.0171875
0 1.19140625 0.36171875 0.0171875 0.0203125
