0 1.13828125 0.38515625 0.0984375 0.1578125
0 0.728125 0.50859375 0.11875 0.1390625
0 0.60859375 0.68828125 0.0890625 0.1328125
0 0.315625 0.73046875 0.078125 0.0921875
0 0.09140625 0.4796875 0.1328125 0.153125
0 0.25703125 0.83671875 0.0609375 0.0671875
0 1.04453125 1.04296875 0.0390625 0.0515625
0 0.95546875 1.06953125 0.0421875 0.0546875
0 0.8765625 1.07265625 0.040625 0.0515625
0 1.00546875 1.68671875 0.0546875 0.0796875
0 0.85625 1.6109375 0.025 0.03125
0 0.9015625 1.6046875 0.021875 0.028125
0 0.8140625 1.61328125 0.021875 0.0296875
0 0.99765625 0.90390625 0.0421875 0.0703125
