0 1.55 0.42734375 0.096875 0.1015625
0 1.37265625 0.515625 0.0890625 0.078125
0 1.50234375 0.2796875 0.0421875 0.046875
0 1.54375 0.278125 0.03125 0.04375
0 1.29375 0.4234375 0.040625 0.04375
0 1.3296875 0.36796875 0.01875 0.0203125
0 1.18359375 0.39453125 0.0171875 0.0203125
0 1.38203125 0.3609375 0.0171875 0.01875
0 1.08828125 0.5765625 0.0703125 0.078125
0 1.125 0.44609375 0.040625 0.0484375
0 1.03359375 0.5015625 0.0390625 0.053125
0 0.91796875 0.5015625 0.0390625 0.046875
0 0.81484375 0.553125 0.0328125 0.046875
0 1.0203125 0.415625 0.009375 0.0125
0 0.99765625 0.440625 0.0140625 0.015625
0 0.93671875 0.4515625 0.0140625 0.01875
0 0.91953125 0.48046875 0.0265625 0.0328125
0 1.0171875 0.4703125 0.021875 0.028125
0 1.0640625 0.4078125 0.0125 0.015625
0 0.79765625 0.50625 0.0234375 0.028125
0 0.828125 0.50234375 0.01875 0.0234375
0 0.8703125 0.45546875 0.015625 0.0203125
0 0.43984375 0.6484375 0.0453125 0.05
0 0.50078125 0.5875 0.0265625 0.03125
0 0.42890625 0.5921875 0.0265625 0.03125
0 0.47578125 0.5703125 0.0171875 0.021875
0 0.45078125 0.5640625 0.0140625 0.015625
0 0.346875 0.70234375 0.046875 0.0421875
0 0.190625 0.66796875 0.028125 0.0328125
0 0.1515625 0.721875 0.05625 0.053125
0 0.24453125 0.61953125 0.0203125 0.0234375
0 0.325 0.5828125 0.015625 0.015625
0 0.27890625 0.5921875 0.0078125 0.009375
0 0.19140625 0.60546875 0.0078125 0.0078125
0 0.53515625 0.54375 0.0171875 0.01875
0 0.7421875 0.5015625 0.021875 0.025
0 0.58984375 0.53671875 0.0109375 0.0109375
0 0.55390625 0.53046875 0.0109375 0.0140625
0 0.8375 0.46796875 0.009375 0.0109375
0 0.92421875 0.4375 0.0140625 0.0125
0 1.11328125 0.39375 0.0109375 0.0125
0 1.13203125 0.38984375 0.0109375 0.0109375
0 0.61953125 0.5125 0.0078125 0.009375
0 0.6421875 0.4953125 0.00625 0.00625
0 0.5953125 0.521875 0.009375 0.009375
0 1.446875 0.35546875 0.03125 0.0265625
0 1.20546875 0.38671875 0.0140625 0.0140625
0 1.33359375 0.34375 0.0109375 0.0125
0 1.096875 0.43671875 0.01875 0.0234375
0 1.22578125 0.5703125 0.0453125 0.05
0 0.15859375 0.79765625 0.0453125 0.0515625
0 0.5234375 0.6625 0.025 0.03125
0 0.5265625 0.7078125 0.028125 0.034375
0 1.24140625 0.6109375 0.0296875 0.0375
0 1.28203125 0.540625 0.0203125 0.03125
0 0.16640625 0.85 0.0359375 0.0375
0 0.14140625 0.6171875 0.0109375 0.0125
0 1.21484375 0.53828125 0.0328125 0.0328125
0 0.68359375 0.4796875 0.0046875 0.00625
0 0.653125 0.49375 0.00625 0.00625
0 0.67421875 0.4734375 0.0046875 0.00625
0 0.0328125 0.8296875 0.065625 0.1
