0 0.0875 0.55859375 0.059375 0.0765625
0 0.2171875 0.53046875 0.065625 0.0734375
0 0.35546875 0.540625 0.0671875 0.08125
0 0.55078125 0.490625 0.0578125 0.075
0 0.61171875 0.471875 0.0671875 0.09375
0 0.875 0.40546875 0.071875 0.0984375
0 1.146875 0.4421875 0.090625 0.096875
0 1.3796875 0.471875 0.0875 0.103125
0 1.27109375 0.42578125 0.0484375 0.0640625
0 1.27578125 0.503125 0.0421875 0.071875
0 1.08359375 0.453125 0.0609375 0.075
0 1.01171875 0.37421875 0.0421875 0.0421875
0 0.8125 0.440625 0.015625 0.01875
0 0.76171875 0.42578125 0.0546875 0.0515625
0 0.47734375 0.49453125 0.0359375 0.0453125
