0 1.58828125 0.56328125 0.0203125 0.0453125
0 1.521875 0.55859375 0.034375 0.0421875
0 1.484375 0.56875 0.021875 0.021875
0 1.43671875 0.553125 0.0296875 0.040625
0 1.409375 0.6046875 0.028125 0.034375
0 1.378125 0.59375 0.028125 0.03125
0 1.3640625 0.56171875 0.025 0.0328125
0 1.3421875 0.56953125 0.015625 0.0234375
0 1.3203125 0.57265625 0.009375 0.0171875
0 1.28203125 0.57890625 0.0234375 0.0296875
0 1.203125 0.53828125 0.021875 0.0328125
0 1.16796875 0.56640625 0.0140625 0.0203125
0 1.11875 0.5609375 0.01875 0.025
0 1.13984375 0.5609375 0.0203125 0.025
0 0.98359375 0.56484375 0.0109375 0.0171875
0 1.01796875 0.5640625 0.0140625 0.01875
0 0.97578125 0.571875 0.0078125 0.0125
0 0.96875 0.5703125 0.009375 0.0125
0 0.9546875 0.5625 0.009375 0.015625
0 0.88046875 0.57421875 0.0109375 0.0171875
0 0.91328125 0.559375 0.0078125 0.0125
0 0.9265625 0.5671875 0.009375 0.0125
0 0.8671875 0.56328125 0.009375 0.0140625
0 0.896875 0.5765625 0.009375 0.0125
0 0.90703125 0.57734375 0.0078125 0.0140625
0 0.234375 0.60390625 0.021875 0.0265625
0 0.22109375 0.5703125 0.0203125 0.028125
0 0.18203125 0.5765625 0.0203125 0.028125
0 0.14296875 0.57890625 0.0234375 0.0265625
0 0.11328125 0.5953125 0.0140625 0.025
0 0.0234375 0.565625 0.0125 0.021875
0 0.06875 0.5546875 0.009375 0.015625
0 0.06796875 0.57421875 0.0109375 0.0171875
0 0.19765625 0.565625 0.0109375 0.015625
0 0.23125 0.55546875 0.0125 0.0171875
0 0.28046875 0.58125 0.0140625 0.01875
0 0.24765625 0.56328125 0.0109375 0.0140625
0 0.26640625 0.609375 0.0109375 0.015625
0 0.32421875 0.578125 0.0109375 0.0125
0 0.33828125 0.578125 0.0109375 0.015625
0 0.2984375 0.57578125 0.0125 0.0171875
0 0.31171875 0.584375 0.0140625 0.015625
0 0.28828125 0.57734375 0.0109375 0.0171875
0 0.42109375 0.56640625 0.0109375 0.0109375
0 0.453125 0.57890625 0.009375 0.0140625
0 0.4328125 0.38203125 0.0125 0.0203125
0 0.7765625 0.56484375 0.00625 0.0109375
0 0.79609375 0.56484375 0.0046875 0.0109375
0 0.8421875 0.5578125 0.009375 0.0125
0 0.63984375 0.56484375 0.0078125 0.0140625
