0 0.16875 0.08046875 0.01875 0.0234375
0 0.0609375 0.0828125 0.0125 0.015625
0 0.296875 0.09453125 0.00625 0.0078125
0 0.328125 0.0921875 0.00625 0.009375
0 0.2171875 0.096875 0.00625 0.00625
0 0.003125 0.071875 0.00625 0.015625
0 0.02578125 0.0984375 0.0078125 0.009375
0 0.4203125 0.06640625 0.015625 0.0203125
0 0.4640625 0.0609375 0.015625 0.01875
0 0.5265625 0.0578125 0.009375 0.0125
0 0.6046875 0.071875 0.015625 0.01875
0 0.67890625 0.06875 0.0140625 0.015625
0 0.70078125 0.06875 0.0109375 0.015625
0 0.6296875 0.075 0.0125 0.015625
0 0.98125 0.0828125 0.009375 0.0125
0 1.0671875 0.08828125 0.009375 0.0109375
0 1.14375 0.08515625 0.00625 0.0109375
0 1.09375 0.08203125 0.009375 0.0109375
0 0.9046875 0.08515625 0.009375 0.0109375
0 0.84375 0.08125 0.00625 0.009375
0 0.8859375 0.07734375 0.00625 0.0078125
0 1.1984375 0.06953125 0.021875 0.0234375
0 1.24375 0.08125 0.00625 0.009375
0 1.34296875 0.0890625 0.0078125 0.009375
0 1.121875 0.08203125 0.00625 0.0078125
0 1.18359375 0.08125 0.0078125 0.009375
0 0.36953125 0.08828125 0.0078125 0.0078125
