0 0.8828125 0.53671875 0.134375 0.1546875
0 0.940625 0.528125 0.0875 0.10625
0 0.70859375 0.5390625 0.0734375 0.08125
0 1.075 0.5 0.05 0.06875
0 1.1921875 0.4875 0.046875 0.05625
0 0.57421875 0.621875 0.0796875 0.084375
0 0.84921875 0.7046875 0.0578125 0.153125
0 0.33515625 0.875 0.1453125 0.178125
0 0.4625 0.53515625 0.05625 0.0734375
0 0.390625 0.57734375 0.115625 0.1328125
0 0.203125 0.5375 0.071875 0.071875
0 1.36484375 0.578125 0.1390625 0.13125
0 0.6828125 0.98359375 0.11875 0.2265625
0 0.046875 1.00859375 0.09375 0.2109375
0 0.0875 0.53125 0.090625 0.1125
0 0.67265625 0.50078125 0.0328125 0.0421875
0 0.9921875 0.475 0.028125 0.0375
