0 1.5609375 0.80234375 0.05625 0.0609375
0 1.4484375 0.778125 0.078125 0.09375
0 1.50703125 0.70625 0.0484375 0.059375
0 1.571875 0.63984375 0.04375 0.0421875
0 1.540625 0.63046875 0.021875 0.0328125
0 1.52734375 0.60390625 0.0296875 0.0328125
0 1.52265625 0.5765625 0.0265625 0.028125
0 1.390625 0.6046875 0.028125 0.0375
0 1.371875 0.54296875 0.021875 0.0265625
0 1.3703125 0.6015625 0.01875 0.028125
0 1.32890625 0.76640625 0.0515625 0.0609375
0 1.05625 0.65234375 0.034375 0.0421875
0 1.028125 0.71484375 0.034375 0.0484375
0 1.0328125 0.7765625 0.034375 0.065625
0 0.9875 0.7875 0.05 0.06875
0 1.0046875 0.63359375 0.028125 0.0328125
0 0.92421875 0.58515625 0.0234375 0.0359375
0 0.9125 0.65546875 0.025 0.0390625
0 0.99921875 0.55546875 0.0203125 0.0296875
0 1.0296875 0.61640625 0.025 0.0359375
0 0.7015625 0.540625 0.015625 0.01875
0 0.65234375 0.49140625 0.0171875 0.0203125
0 0.678125 0.521875 0.015625 0.025
0 0.815625 0.3953125 0.078125 0.103125
0 1.2109375 0.33359375 0.08125 0.1140625
0 0.49609375 0.765625 0.0546875 0.071875
0 0.5984375 0.734375 0.05 0.071875
0 0.3296875 0.71328125 0.053125 0.0640625
0 0.4 0.7515625 0.0625 0.071875
0 0.3484375 0.89296875 0.084375 0.1078125
0 0.16171875 0.371875 0.0453125 0.0625
0 0.29375 0.33828125 0.053125 0.0671875
0 0.23984375 0.3578125 0.0421875 0.053125
0 0.04296875 0.4078125 0.0609375 0.06875
0 0.46796875 0.625 0.0234375 0.025
0 1.2984375 0.56484375 0.025 0.0296875
