0 1.58125 0.3984375 0.0375 0.09375
0 1.51953125 0.35234375 0.1171875 0.1078125
0 1.428125 0.43984375 0.171875 0.1984375
0 1.1953125 0.44140625 0.090625 0.1015625
0 1.11015625 0.415625 0.0609375 0.059375
0 1.02578125 0.40859375 0.0671875 0.0671875
0 0.93125 0.46328125 0.071875 0.0953125
0 0.97421875 0.39453125 0.0296875 0.0296875
0 0.834375 0.33515625 0.15625 0.1765625
0 0.640625 0.396875 0.103125 0.115625
0 0.55703125 0.39921875 0.0296875 0.0390625
0 0.521875 0.38671875 0.04375 0.0484375
0 0.51484375 0.34921875 0.0296875 0.0359375
0 0.4640625 0.4078125 0.053125 0.053125
0 0.40078125 0.35546875 0.0859375 0.0890625
0 0.284375 0.27265625 0.134375 0.1578125
0 0.2046875 0.33984375 0.09375 0.1078125
0 0.0234375 0.19453125 0.046875 0.2515625
0 0.075 0.3703125 0.090625 0.1
