0 0.33515625 0.4171875 0.0359375 0.040625
0 0.47734375 0.396875 0.0453125 0.053125
0 0.115625 0.43671875 0.03125 0.0265625
0 1.184375 0.42734375 0.015625 0.0203125
0 1.22734375 0.428125 0.0109375 0.0125
0 1.27578125 0.45 0.0140625 0.015625
0 1.275 0.4265625 0.0125 0.0125
0 1.26640625 0.421875 0.0109375 0.0125
0 1.30390625 0.4265625 0.0140625 0.015625
0 1.3546875 0.4640625 0.0125 0.0125
0 1.37734375 0.43203125 0.0140625 0.0140625
0 1.41015625 0.4265625 0.0109375 0.01875
0 1.4515625 0.48359375 0.0125 0.0140625
0 1.4515625 0.43359375 0.0125 0.0171875
0 1.48359375 0.44375 0.0109375 0.015625
0 1.58125 0.41015625 0.015625 0.0203125
0 1.53828125 0.4359375 0.0171875 0.021875
