0 1.48515625 0.41328125 0.1015625 0.1046875
0 1.5484375 0.45234375 0.025 0.0296875
0 1.56484375 0.4375 0.0171875 0.01875
0 1.396875 0.37734375 0.065625 0.0640625
0 1.30234375 0.42578125 0.0640625 0.0703125
0 1.23203125 0.43046875 0.0328125 0.0421875
0 1.1546875 0.38203125 0.09375 0.1140625
0 1.07109375 0.40859375 0.0546875 0.0765625
0 0.959375 0.38828125 0.059375 0.0765625
0 0.91796875 0.4171875 0.0296875 0.046875
0 0.76796875 0.28125 0.1046875 0.128125
0 0.4328125 0.3484375 0.09375 0.1125
0 0.1359375 0.38515625 0.1125 0.1203125
0 0.2546875 0.36953125 0.021875 0.0328125
0 0.303125 0.39140625 0.021875 0.0265625
0 0.34296875 0.39140625 0.0203125 0.0265625
0 0.3734375 0.39921875 0.015625 0.0203125
0 0.2203125 0.3640625 0.01875 0.03125
0 0.5671875 0.40703125 0.0125 0.0140625
0 0.53203125 0.40234375 0.0140625 0.0171875
