0 0.7796875 0.8171875 0.103125 0.13125
0 0.6734375 0.54375 0.084375 0.109375
0 0.3078125 0.50234375 0.0875 0.0796875
0 0.1109375 0.19453125 0.071875 0.0828125
0 1.25703125 0.140625 0.0609375 0.084375
0 0.7078125 0.1734375 0.053125 0.065625
0 1.03359375 0.075 0.0515625 0.0625
0 1.12109375 0.18203125 0.0515625 0.0734375
0 0.9875 0.38046875 0.1 0.0796875
0 1.15390625 0.4984375 0.0734375 0.10625
0 1.11328125 0.32578125 0.0546875 0.0640625
0 1.30859375 0.0828125 0.0265625 0.05
0 1.2828125 0.040625 0.04375 0.0625
0 1.38203125 0.11640625 0.0515625 0.0609375
0 1.4546875 0.10703125 0.04375 0.0578125
0 1.24453125 0.05703125 0.0328125 0.0484375
0 1.45078125 0.2140625 0.0453125 0.0625
0 1.4953125 0.47421875 0.053125 0.1078125
0 1.56171875 0.04375 0.0203125 0.0375
0 1.0421875 0.18125 0.021875 0.059375
0 1.25859375 0.84765625 0.0796875 0.1078125
0 1.5390625 0.7875 0.078125 0.1
0 1.06484375 0.58828125 0.0765625 0.1078125
0 1.50234375 0.6265625 0.0921875 0.1125
0 1.3390625 1.02109375 0.05625 0.0921875
0 0.484375 0.503125 0.075 0.1
0 0.45546875 0.34609375 0.0640625 0.0734375
0 1.59296875 0.21328125 0.0140625 0.0578125
0 1.153125 0.02734375 0.03125 0.0328125
