0 1.5015625 0.46953125 0.071875 0.0796875
0 1.428125 0.49140625 0.01875 0.0234375
0 1.3984375 0.51640625 0.03125 0.0328125
0 1.3796875 0.47421875 0.021875 0.0328125
0 1.27578125 0.52578125 0.0265625 0.0328125
0 1.32265625 0.49921875 0.0171875 0.0203125
0 1.3078125 0.5140625 0.0125 0.015625
0 1.34375 0.43515625 0.015625 0.0171875
0 1.425 0.446875 0.009375 0.0125
0 1.3015625 0.49609375 0.015625 0.0203125
0 1.28046875 0.48203125 0.0140625 0.0171875
0 1.28046875 0.45859375 0.0109375 0.0140625
0 1.24375 0.47890625 0.0125 0.0171875
0 1.21640625 0.51953125 0.0265625 0.0296875
0 1.1671875 0.48984375 0.028125 0.0265625
0 1.053125 0.4953125 0.028125 0.03125
0 1.090625 0.46953125 0.015625 0.0171875
0 1.19609375 0.509375 0.0140625 0.01875
0 1.20625 0.496875 0.0125 0.015625
0 1.1203125 0.5 0.0125 0.015625
0 1.09609375 0.52109375 0.0203125 0.0234375
0 1.0859375 0.51171875 0.01875 0.0234375
0 1.0671875 0.4828125 0.009375 0.0125
0 0.9484375 0.51796875 0.025 0.0234375
0 1.03203125 0.503125 0.0140625 0.01875
0 1.01484375 0.51640625 0.0171875 0.0203125
0 1.00078125 0.5046875 0.0171875 0.01875
0 1.0015625 0.4921875 0.015625 0.01875
0 0.94921875 0.49296875 0.0203125 0.0203125
0 0.93359375 0.4953125 0.0171875 0.021875
0 0.89921875 0.5234375 0.0265625 0.028125
0 0.91015625 0.50234375 0.0203125 0.0234375
0 0.87265625 0.5046875 0.0171875 0.01875
0 0.81796875 0.50234375 0.0234375 0.0203125
0 0.796875 0.51328125 0.015625 0.0171875
0 0.78203125 0.5203125 0.0234375 0.028125
0 0.70625 0.5203125 0.028125 0.03125
0 0.68828125 0.5140625 0.0171875 0.01875
0 0.6734375 0.50625 0.015625 0.01875
0 0.6265625 0.5125 0.015625 0.01875
0 0.61875 0.51796875 0.015625 0.0171875
0 0.59296875 0.525 0.0234375 0.028125
0 0.5484375 0.5296875 0.015625 0.015625
0 0.53828125 0.5171875 0.0171875 0.01875
0 0.55625 0.51796875 0.009375 0.0109375
0 0.44296875 0.55 0.0234375 0.03125
0 0.421875 0.52734375 0.021875 0.0234375
0 0.440625 0.5203125 0.015625 0.01875
0 0.3421875 0.54453125 0.021875 0.0234375
0 0.39921875 0.5328125 0.0171875 0.021875
0 0.35859375 0.53203125 0.0203125 0.0296875
0 0.21640625 0.66796875 0.0828125 0.0765625
0 0.290625 0.53359375 0.0375 0.0453125
0 0.23046875 0.515625 0.0109375 0.015625
0 0.25234375 0.49921875 0.0109375 0.0109375
0 0.24765625 0.57265625 0.0109375 0.0140625
0 0.14453125 0.553125 0.0171875 0.01875
0 0.2015625 0.54765625 0.015625 0.0234375
0 0.1734375 0.51015625 0.0125 0.0140625
0 0.21015625 0.50390625 0.0140625 0.0140625
0 0.246875 0.4828125 0.009375 0.0125
0 0.1765625 0.46015625 0.009375 0.0140625
0 0.146875 0.52734375 0.0125 0.0203125
0 0.11953125 0.53359375 0.0171875 0.0171875
0 0.0765625 0.55625 0.025 0.03125
0 0.03125 0.53828125 0.015625 0.0171875
0 0.08828125 0.528125 0.0140625 0.015625
0 0.03671875 0.57578125 0.0171875 0.0203125
