0 0.87734375 0.984375 0.0796875 0.0875
0 1.16171875 0.7890625 0.0859375 0.090625
0 0.31640625 0.62421875 0.1015625 0.1265625
0 0.02109375 0.77109375 0.0421875 0.0546875
0 0.040625 0.53671875 0.009375 0.0109375
0 0.0265625 0.53515625 0.009375 0.0109375
0 0.1109375 0.4046875 0.025 0.03125
0 0.14765625 0.38828125 0.0203125 0.0296875
0 0.21875 0.51796875 0.015625 0.0171875
0 0.4375 0.40625 0.025 0.025
0 0.35390625 0.39140625 0.0203125 0.0265625
0 0.29140625 0.39140625 0.0265625 0.0328125
0 0.31171875 0.39765625 0.0203125 0.0234375
0 0.2703125 0.4109375 0.01875 0.028125
0 0.2640625 0.4375 0.01875 0.025
0 0.58125 0.36484375 0.015625 0.0234375
0 0.8453125 0.3125 0.028125 0.028125
0 0.9578125 0.2609375 0.015625 0.0375
0 1.00703125 0.3484375 0.0171875 0.021875
0 1.0328125 0.32734375 0.01875 0.0203125
0 1.0625 0.25 0.03125 0.034375
0 1.13046875 0.30703125 0.0203125 0.0328125
0 1.4125 0.20078125 0.028125 0.0421875
0 1.31640625 0.20390625 0.0328125 0.0359375
0 1.1875 0.28359375 0.03125 0.0421875
