0 1.365625 0.6375 0.16875 0.209375
0 1.24375 0.54296875 0.040625 0.0578125
0 1.22734375 0.48671875 0.0453125 0.0484375
0 0.65625 0.55546875 0.0375 0.0359375
0 0.175 0.6578125 0.14375 0.190625
0 0.15078125 0.54453125 0.1109375 0.1171875
0 0.31640625 0.5203125 0.0546875 0.059375
0 0.68515625 0.50546875 0.0203125 0.0296875
0 0.59609375 0.540625 0.0234375 0.025
0 0.5734375 0.53125 0.025 0.034375
0 0.64375 0.52109375 0.034375 0.0328125
0 1.07578125 0.56796875 0.0734375 0.0859375
0 0.72265625 0.5015625 0.0203125 0.025
0 0.35234375 0.4234375 0.0109375 0.0125
0 0.59140625 0.42890625 0.0109375 0.0140625
