0 1.4859375 0.540625 0.040625 0.053125
0 1.57421875 0.68671875 0.0515625 0.0546875
0 1.34296875 0.51640625 0.0421875 0.0484375
0 1.08671875 0.5625 0.0421875 0.053125
0 0.90859375 0.55703125 0.0359375 0.0453125
0 1.24140625 0.39140625 0.0203125 0.0265625
0 1.26796875 0.3828125 0.0203125 0.028125
0 1.475 0.403125 0.021875 0.028125
0 1.5890625 0.42265625 0.021875 0.0328125
0 1.55625 0.35234375 0.01875 0.0203125
0 1.41171875 0.3484375 0.0234375 0.021875
0 1.3828125 0.40078125 0.015625 0.0203125
0 1.38359375 0.37578125 0.0171875 0.0234375
0 1.29453125 0.34375 0.0203125 0.025
0 1.4421875 0.3 0.015625 0.01875
0 1.04765625 0.1796875 0.0265625 0.03125
0 0.9609375 0.19296875 0.028125 0.0296875
0 0.87734375 0.18671875 0.0265625 0.0296875
0 0.79296875 0.37265625 0.0203125 0.0265625
0 0.71953125 0.3734375 0.0203125 0.021875
0 0.8359375 0.365625 0.021875 0.021875
0 0.75546875 0.57421875 0.0390625 0.0453125
0 0.63359375 0.46171875 0.0265625 0.0359375
0 0.5203125 0.5390625 0.0375 0.04375
0 0.54921875 0.43515625 0.0359375 0.0359375
0 0.48984375 0.43515625 0.0265625 0.0296875
0 0.5359375 0.40390625 0.025 0.0359375
0 0.484375 0.40546875 0.021875 0.0296875
0 0.3234375 0.55234375 0.0375 0.0390625
0 0.3046875 0.434375 0.025 0.03125
0 0.33203125 0.41484375 0.0234375 0.0265625
0 0.14453125 0.525 0.0359375 0.040625
0 0.14453125 0.4109375 0.0265625 0.03125
0 0.03828125 0.5109375 0.0328125 0.03125
0 0.3484375 0.3859375 0.015625 0.021875
0 0.359375 0.3734375 0.01875 0.025
0 0.46640625 0.3375 0.0140625 0.015625
0 0.54921875 0.3359375 0.0140625 0.01875
0 0.6703125 0.3578125 0.01875 0.021875
0 0.87578125 0.39765625 0.0296875 0.0328125
0 1.046875 0.40078125 0.025 0.0328125
0 0.2984375 0.2484375 0.0125 0.01875
0 0.35234375 0.25625 0.0140625 0.01875
0 0.3203125 0.24375 0.0125 0.015625
0 0.365625 0.2390625 0.0125 0.0125
0 1.50859375 0.3515625 0.0140625 0.015625
0 1.59453125 0.3234375 0.0109375 0.021875
0 1.18046875 0.47109375 0.0265625 0.0453125
0 1.3234375 0.4234375 0.01875 0.021875
