0 1.58984375 0.46484375 0.0171875 0.0234375
0 1.5859375 0.409375 0.01875 0.01875
0 1.51015625 0.43203125 0.0171875 0.0296875
0 1.35078125 0.6546875 0.0484375 0.0625
0 1.375 0.53984375 0.021875 0.0484375
0 1.37109375 0.50390625 0.0296875 0.0421875
0 1.29453125 0.4140625 0.0203125 0.021875
0 1.38828125 0.4078125 0.0171875 0.015625
0 1.29375 0.38671875 0.01875 0.0171875
0 1.240625 0.4125 0.01875 0.021875
0 1.159375 0.4078125 0.01875 0.021875
0 1.0984375 0.403125 0.01875 0.025
0 1.021875 0.40859375 0.01875 0.0171875
0 1.05 0.4359375 0.021875 0.021875
0 1.028125 0.48203125 0.0125 0.0265625
0 0.9625 0.4359375 0.0125 0.028125
0 0.94765625 0.39765625 0.0203125 0.0203125
0 0.88046875 0.39921875 0.0203125 0.0203125
0 0.9 0.40234375 0.0125 0.0171875
0 0.92109375 0.41015625 0.0140625 0.0171875
0 0.934375 0.40859375 0.0125 0.0171875
0 0.84921875 0.41328125 0.0171875 0.0171875
0 0.825 0.38359375 0.015625 0.0203125
0 0.7765625 0.396875 0.01875 0.025
0 0.7515625 0.39140625 0.015625 0.0234375
0 0.759375 0.38984375 0.0125 0.0171875
0 0.73125 0.39609375 0.01875 0.0203125
0 0.70546875 0.38828125 0.0171875 0.0203125
0 0.67421875 0.4046875 0.0171875 0.01875
0 0.665625 0.44609375 0.025 0.0421875
0 0.86875 0.4015625 0.0125 0.0125
0 0.6328125 0.4078125 0.021875 0.025
0 0.60703125 0.3875 0.0109375 0.0125
0 0.61640625 0.40625 0.0109375 0.015625
0 0.59140625 0.40390625 0.0140625 0.0171875
0 0.56484375 0.39921875 0.0171875 0.0234375
0 0.5390625 0.4 0.021875 0.01875
0 0.52421875 0.4015625 0.0140625 0.01875
0 0.43359375 0.38828125 0.0203125 0.0234375
0 0.4515625 0.3859375 0.015625 0.01875
0 0.40546875 0.390625 0.0140625 0.015625
0 0.3875 0.3828125 0.015625 0.01875
0 0.36484375 0.3890625 0.0203125 0.025
0 0.2953125 0.3859375 0.01875 0.021875
0 0.47890625 0.3921875 0.0109375 0.015625
0 0.35703125 0.3515625 0.0140625 0.015625
0 0.36484375 0.36015625 0.0109375 0.0140625
0 0.2734375 0.39140625 0.025 0.0265625
0 0.19609375 0.38203125 0.0203125 0.0234375
0 0.1828125 0.45859375 0.01875 0.0203125
0 0.14765625 0.38125 0.0140625 0.021875
0 0.2625 0.4828125 0.01875 0.0375
0 0.29140625 0.52109375 0.0390625 0.0453125
0 0.00859375 0.39765625 0.0171875 0.0265625
0 0.03203125 0.49921875 0.0171875 0.0234375
0 0.31875 0.3828125 0.009375 0.0125
0 0.34296875 0.3859375 0.0109375 0.015625
0 0.6875 0.38671875 0.015625 0.0234375
