0 0.10859375 0.16640625 0.0984375 0.1046875
0 0.16796875 0.11953125 0.0546875 0.0765625
0 0.19765625 0.1703125 0.0546875 0.078125
0 0.2484375 0.13359375 0.1125 0.1359375
0 0.4125 0.165625 0.109375 0.121875
0 0.640625 0.16875 0.109375 0.146875
0 0.715625 0.14296875 0.071875 0.1046875
0 0.8203125 0.203125 0.08125 0.10625
0 1.4109375 0.17421875 0.096875 0.1296875
0 1.2421875 0.1390625 0.05 0.05
0 1.29296875 0.14765625 0.0515625 0.0453125
0 1.2078125 0.39296875 0.096875 0.1203125
0 1.35234375 0.43046875 0.0890625 0.1484375
0 1.5609375 0.06484375 0.078125 0.1296875
0 1.18671875 0.15546875 0.0234375 0.0328125
0 0.03203125 0.23828125 0.0640625 0.1390625
