0 1.40625 0.91015625 0.03125 0.0421875
0 1.34921875 0.69140625 0.0234375 0.0328125
0 1.5046875 0.67578125 0.015625 0.0234375
0 1.0015625 0.73125 0.021875 0.028125
0 1.0640625 0.6609375 0.021875 0.025
0 0.83515625 0.646875 0.0171875 0.021875
0 0.16953125 0.7953125 0.0453125 0.053125
0 0.40234375 0.79375 0.0296875 0.0375
0 0.25 0.621875 0.015625 0.01875
0 0.2984375 0.6546875 0.01875 0.01875
0 0.12421875 0.6234375 0.0171875 0.015625
0 0.3390625 0.6140625 0.0125 0.0125
0 0.92890625 0.56171875 0.0140625 0.0140625
0 1.27890625 0.60859375 0.0109375 0.0109375
0 0.63671875 0.68828125 0.0203125 0.0265625
0 1.02109375 0.63671875 0.0171875 0.0203125
