0 1.22421875 0.29375 0.0234375 0.025
0 1.27421875 0.265625 0.0265625 0.034375
0 1.3140625 0.27265625 0.021875 0.0296875
0 1.309375 0.2421875 0.025 0.03125
0 1.3890625 0.27421875 0.025 0.0328125
0 1.4625 0.26484375 0.021875 0.0265625
0 1.5046875 0.2765625 0.025 0.03125
0 1.571875 0.2609375 0.021875 0.025
0 0.8734375 0.275 0.025 0.03125
0 0.9078125 0.275 0.025 0.028125
0 0.96640625 0.26015625 0.0234375 0.0328125
0 1.015625 0.2796875 0.021875 0.025
0 0.99375 0.284375 0.01875 0.01875
0 1.08515625 0.25859375 0.0234375 0.0265625
0 1.1734375 0.27265625 0.025 0.0328125
0 0.38828125 0.24765625 0.0265625 0.0328125
0 0.42109375 0.25078125 0.0234375 0.0234375
0 0.47109375 0.23359375 0.0265625 0.0265625
0 0.5484375 0.23046875 0.021875 0.0265625
0 0.57890625 0.26328125 0.0234375 0.0234375
0 0.6203125 0.2625 0.021875 0.028125
0 0.65546875 0.2640625 0.0234375 0.025
0 0.7046875 0.2640625 0.025 0.03125
0 0.7765625 0.25625 0.028125 0.034375
0 0.45078125 0.23984375 0.0234375 0.0328125
0 0.26484375 0.2515625 0.0265625 0.028125
0 0.16796875 0.21015625 0.0296875 0.0328125
0 0.05390625 0.25234375 0.0265625 0.0265625
0 1.575 0.7 0.025 0.03125
0 1.4359375 0.71171875 0.028125 0.0296875
0 1.3578125 0.68125 0.025 0.03125
0 1.18515625 0.66953125 0.0296875 0.0328125
0 0.015625 0.66953125 0.021875 0.0234375
0 0.071875 0.6953125 0.021875 0.025
0 0.13984375 0.67578125 0.0265625 0.0359375
0 0.1109375 0.659375 0.025 0.03125
