0 0.0734375 0.478125 0.0375 0.040625
0 0.2046875 0.53359375 0.021875 0.0296875
0 0.159375 0.5296875 0.009375 0.015625
0 0.31015625 0.4578125 0.0234375 0.034375
0 0.31875 0.51015625 0.025 0.0359375
0 0.4015625 0.503125 0.025 0.028125
0 0.0234375 0.54609375 0.009375 0.0140625
0 0.62578125 0.365625 0.0296875 0.04375
0 0.5515625 0.509375 0.01875 0.01875
0 1.57734375 0.51953125 0.0109375 0.0140625
0 1.56640625 0.49765625 0.0109375 0.0109375
0 1.5875 0.496875 0.009375 0.0125
0 0.60078125 0.471875 0.0203125 0.0375
