0 1.5875 0.5546875 0.025 0.04375
0 1.57890625 0.521875 0.0265625 0.028125
0 1.57109375 0.49375 0.0171875 0.021875
0 1.5203125 0.50859375 0.0125 0.0140625
0 1.51328125 0.55 0.0203125 0.03125
0 1.440625 0.56953125 0.0375 0.0390625
0 1.39921875 0.5046875 0.0171875 0.03125
0 1.4515625 0.49921875 0.021875 0.0234375
0 1.37109375 0.4890625 0.0171875 0.021875
0 1.32109375 0.54609375 0.0328125 0.0421875
0 1.3453125 0.53359375 0.01875 0.0234375
0 1.33359375 0.49765625 0.0140625 0.0234375
0 1.35546875 0.48046875 0.0140625 0.0140625
0 1.30390625 0.49140625 0.0203125 0.0234375
0 1.26640625 0.50859375 0.0203125 0.0234375
0 1.23125 0.58828125 0.0375 0.0390625
0 1.21953125 0.515625 0.0203125 0.025
0 1.290625 0.4796875 0.0125 0.01875
0 1.2078125 0.4859375 0.009375 0.01875
0 1.25078125 0.48984375 0.0109375 0.0140625
0 1.20625 0.4625 0.009375 0.0125
0 1.1984375 0.58984375 0.025 0.0484375
0 1.159375 0.53359375 0.025 0.0359375
0 1.17265625 0.4953125 0.0203125 0.025
0 1.1546875 0.4859375 0.0125 0.015625
0 1.18203125 0.46953125 0.0078125 0.0109375
0 1.109375 0.5203125 0.021875 0.028125
0 1.075 0.5484375 0.034375 0.04375
0 1.07578125 0.50234375 0.0171875 0.0203125
0 1.08515625 0.47578125 0.0078125 0.0109375
0 1.1078125 0.46328125 0.009375 0.0109375
0 1.06875 0.45859375 0.00625 0.0078125
0 1.025 0.665625 0.059375 0.06875
0 0.93359375 0.60546875 0.0328125 0.0421875
0 1.0203125 0.5234375 0.025 0.03125
0 0.940625 0.53515625 0.034375 0.0453125
0 1.04765625 0.4921875 0.0171875 0.021875
0 1.04296875 0.53671875 0.0171875 0.0234375
0 0.93671875 0.49453125 0.0171875 0.0171875
0 0.959375 0.49296875 0.015625 0.0203125
0 0.9171875 0.4828125 0.009375 0.015625
0 0.9578125 0.46875 0.009375 0.009375
0 0.91640625 0.45859375 0.0078125 0.0109375
0 0.9265625 0.45703125 0.00625 0.0078125
0 0.8453125 0.55 0.034375 0.040625
0 0.8765625 0.553125 0.021875 0.028125
0 0.9015625 0.49140625 0.009375 0.0171875
0 0.8578125 0.4890625 0.0125 0.015625
0 0.87265625 0.48046875 0.0109375 0.0140625
0 0.85625 0.46171875 0.009375 0.0109375
0 0.80703125 0.52734375 0.0265625 0.0390625
0 0.78203125 0.59375 0.0265625 0.040625
0 0.87734375 0.4671875 0.0046875 0.00625
0 0.90234375 0.46484375 0.0078125 0.0109375
0 0.80546875 0.4765625 0.0109375 0.0125
0 0.82578125 0.453125 0.0078125 0.009375
0 0.84140625 0.4515625 0.0078125 0.009375
0 0.7859375 0.45859375 0.00625 0.0078125
0 0.78515625 0.49765625 0.0234375 0.0296875
0 0.6890625 0.62734375 0.059375 0.0671875
0 0.696875 0.5234375 0.025 0.034375
0 0.753125 0.48828125 0.0125 0.0171875
0 0.72734375 0.4765625 0.0140625 0.015625
0 0.70625 0.4640625 0.009375 0.0125
0 0.69140625 0.45859375 0.0078125 0.0109375
0 0.671875 0.46953125 0.009375 0.0109375
0 0.65 0.4640625 0.009375 0.0125
0 0.61640625 0.47421875 0.0109375 0.0109375
0 0.6375 0.51015625 0.0125 0.0140625
0 0.628125 0.46015625 0.009375 0.0109375
0 0.66015625 0.46484375 0.0078125 0.0109375
0 0.6046875 0.4515625 0.00625 0.009375
0 0.61328125 0.44765625 0.0046875 0.0078125
0 0.73125 0.44921875 0.00625 0.0078125
0 0.71953125 0.44375 0.0046875 0.00625
0 0.72109375 0.51171875 0.0171875 0.0203125
0 0.6125 0.55 0.03125 0.034375
0 0.5796875 0.4953125 0.009375 0.01875
0 0.61171875 0.49609375 0.0078125 0.0171875
0 0.58828125 0.47265625 0.0140625 0.0171875
0 0.57578125 0.453125 0.0109375 0.0125
0 0.54765625 0.47265625 0.0140625 0.0171875
0 0.528125 0.503125 0.015625 0.01875
0 0.52265625 0.46875 0.0078125 0.0125
0 0.56484375 0.4421875 0.0140625 0.01875
0 0.478125 0.47734375 0.0125 0.0140625
0 0.45625 0.75703125 0.084375 0.1046875
0 0.38359375 0.61640625 0.0515625 0.0671875
0 0.446875 0.51171875 0.034375 0.0453125
0 0.38359375 0.49609375 0.0171875 0.0265625
0 0.26953125 0.5484375 0.0484375 0.059375
0 0.3296875 0.4625 0.015625 0.01875
0 0.409375 0.4765625 0.015625 0.015625
0 0.43828125 0.47578125 0.0109375 0.0140625
0 0.371875 0.48046875 0.0125 0.0234375
0 0.27265625 0.48828125 0.0203125 0.0234375
0 0.29609375 0.46328125 0.0078125 0.0109375
0 0.3296875 0.4421875 0.00625 0.009375
0 0.34765625 0.47421875 0.0140625 0.0171875
0 0.25546875 0.4671875 0.0078125 0.015625
0 0.27734375 0.46015625 0.0046875 0.0078125
0 0.07421875 0.528125 0.0421875 0.05625
0 0.1296875 0.51328125 0.025 0.0265625
0 0.2046875 0.53828125 0.028125 0.0265625
0 0.0125 0.5875 0.025 0.071875
0 0.0046875 0.4875 0.009375 0.0375
0 0.071875 0.4421875 0.00625 0.009375
0 0.01328125 0.440625 0.0078125 0.009375
0 0.040625 0.44921875 0.00625 0.0078125
0 0.02578125 0.44453125 0.0078125 0.0078125
0 0.140625 0.45859375 0.00625 0.0078125
0 0.221875 0.459375 0.00625 0.009375
0 0.1921875 0.45078125 0.00625 0.0078125
0 0.16171875 0.45 0.0046875 0.00625
0 0.209375 0.4421875 0.003125 0.00625
0 0.22890625 0.4390625 0.0046875 0.00625
0 0.08515625 0.43984375 0.0046875 0.0078125
0 0.1109375 0.44140625 0.00625 0.0078125
0 1.30234375 0.82421875 0.0921875 0.1015625
0 0.1515625 0.49609375 0.01875 0.0265625
