0 1.0078125 0.61875 0.24375 0.3
0 0.7109375 1.578125 0.090625 0.096875
0 0.578125 1.46484375 0.046875 0.0953125
0 0.3953125 1.4125 0.06875 0.065625
0 0.2375 1.32578125 0.03125 0.0453125
0 0.2015625 1.26875 0.01875 0.034375
0 0.0953125 1.29375 0.028125 0.05
0 0.071875 1.290625 0.0375 0.053125
0 0.04140625 1.24921875 0.0296875 0.0296875
0 0.0109375 1.24609375 0.021875 0.0359375
0 0.03046875 1.20625 0.0109375 0.015625
0 0.03203125 1.18515625 0.0140625 0.0140625
0 0.0578125 1.17265625 0.015625 0.0109375
0 0.0296875 1.15 0.00625 0.00625
0 0.04609375 1.140625 0.0046875 0.009375
0 0.05625 1.14375 0.00625 0.00625
0 0.06484375 1.134375 0.0046875 0.00625
0 0.23515625 1.10546875 0.0046875 0.0046875
0 0.18671875 1.1015625 0.0046875 0.00625
0 0.14609375 1.10390625 0.0046875 0.0046875
0 0.05625 1.1078125 0.00625 0.00625
0 0.0953125 1.10546875 0.00625 0.0046875
0 0.10234375 1.10390625 0.0046875 0.0046875
0 0.06328125 1.09609375 0.0046875 0.0078125
0 0.07109375 1.10546875 0.0046875 0.0046875
0 0.03359375 1.096875 0.0046875 0.00625
0 0.02734375 1.10234375 0.0046875 0.0046875
0 0.015625 1.10234375 0.00625 0.0078125
0 0.0015625 1.1015625 0.003125 0.00625
0 0.08671875 1.140625 0.0046875 0.00625
0 0.12109375 1.0984375 0.0046875 0.00625
0 0.03984375 1.11640625 0.0046875 0.0046875
0 0.03515625 1.109375 0.0046875 0.00625
0 0.00625 1.10234375 0.003125 0.0046875
0 1.446875 0.90546875 0.0125 0.0140625
0 1.46015625 0.90234375 0.0078125 0.0140625
0 1.4578125 0.9796875 0.009375 0.0125
0 1.45546875 0.92421875 0.0140625 0.0140625
0 1.37265625 0.86875 0.0109375 0.021875
0 0.4609375 1.06640625 0.00625 0.0078125
0 0.475 1.065625 0.00625 0.009375
0 0.490625 1.06953125 0.00625 0.0078125
0 0.48125 1.06171875 0.00625 0.0078125
0 0.48984375 1.05390625 0.0046875 0.0078125
0 0.49453125 1.04609375 0.0046875 0.0078125
0 0.4921875 1.03359375 0.00625 0.0078125
0 0.51015625 1.028125 0.0046875 0.009375
0 0.50703125 1.05 0.0046875 0.00625
0 0.5203125 1.05703125 0.00625 0.0078125
0 0.49609375 1.00859375 0.0078125 0.0078125
0 0.48515625 1.01484375 0.0078125 0.0078125
0 0.46015625 1.01875 0.0046875 0.00625
0 0.45703125 1.0359375 0.0078125 0.00625
0 0.465625 1.0390625 0.00625 0.00625
0 0.43828125 1.07421875 0.0046875 0.0046875
0 0.434375 1.0453125 0.00625 0.00625
0 0.45 1.02890625 0.00625 0.0046875
0 0.42890625 1.071875 0.0046875 0.00625
0 0.4296875 1.08125 0.00625 0.00625
0 0.4203125 1.08515625 0.00625 0.0078125
0 0.56953125 1.03203125 0.0078125 0.0078125
0 0.57734375 1.03671875 0.0046875 0.0078125
0 0.54296875 1.03125 0.0046875 0.00625
0 0.55859375 1.04140625 0.0078125 0.0078125
0 0.56640625 0.9796875 0.0078125 0.009375
0 0.6078125 0.97421875 0.00625 0.0078125
0 0.62421875 0.965625 0.0078125 0.009375
0 0.67265625 0.9578125 0.0078125 0.009375
0 0.69140625 0.95859375 0.0078125 0.0109375
0 0.6609375 1.00546875 0.00625 0.0109375
0 0.65234375 0.9953125 0.0078125 0.00625
0 0.75 0.95546875 0.009375 0.0109375
0 0.7984375 0.9703125 0.009375 0.0125
0 0.78828125 0.990625 0.0078125 0.009375
0 0.7484375 0.9921875 0.009375 0.009375
0 0.70078125 0.9796875 0.0078125 0.009375
0 0.68359375 0.9828125 0.0109375 0.0125
0 0.6359375 1.01171875 0.009375 0.0109375
0 0.70625 0.946875 0.009375 0.0125
0 0.71875 0.93671875 0.009375 0.0140625
