0 0.115625 0.30859375 0.140625 0.1328125
0 0.546875 0.2890625 0.1625 0.2
0 0.92109375 0.19140625 0.1359375 0.1765625
0 1.2 0.125 0.096875 0.1375
0 0.70546875 0.21328125 0.0859375 0.1046875
0 0.2796875 0.23828125 0.090625 0.1046875
0 0.209375 0.2953125 0.046875 0.0625
0 0.8234375 0.19453125 0.04375 0.0703125
0 0.7765625 0.20625 0.034375 0.0375
0 0.9953125 0.2046875 0.03125 0.0875
0 1.02109375 0.240625 0.0296875 0.059375
0 1.128125 0.1796875 0.05625 0.084375
0 1.06484375 0.13046875 0.0421875 0.0578125
0 1.5046875 0.02578125 0.05 0.0515625
0 1.5734375 0.10625 0.053125 0.14375
0 1.425 0.1328125 0.06875 0.08125
0 0.64296875 0.375 0.0734375 0.1
0 0.02421875 0.34765625 0.0484375 0.0828125
0 1.28125 0.1078125 0.0375 0.059375
