0 0.62421875 0.51640625 0.1515625 0.1859375
0 0.95859375 0.74609375 0.1359375 0.1765625
0 0.06953125 0.45546875 0.0171875 0.0203125
0 0.259375 0.49140625 0.015625 0.0234375
0 0.28515625 0.55703125 0.0171875 0.0203125
0 0.15546875 0.46953125 0.0203125 0.0265625
0 1.025 0.49921875 0.015625 0.0203125
0 0.98359375 0.49296875 0.0234375 0.0328125
0 1.3640625 0.58828125 0.05 0.0703125
0 1.09375 0.5203125 0.015625 0.021875
0 1.59296875 0.525 0.0140625 0.01875
0 1.51640625 0.53203125 0.0140625 0.0171875
0 0.025 0.47890625 0.015625 0.0203125
0 0.01171875 0.43828125 0.0140625 0.0171875
0 0.31875 0.47578125 0.009375 0.0109375
0 0.7640625 0.50078125 0.01875 0.0171875
0 0.76953125 0.49453125 0.0140625 0.0296875
