0 0.09609375 0.2578125 0.1265625 0.15625
0 0.13046875 0.346875 0.0546875 0.05625
0 0.35546875 0.25625 0.0609375 0.08125
0 0.43671875 0.29296875 0.0296875 0.0390625
0 0.40546875 0.3 0.0390625 0.05625
0 0.36171875 0.43828125 0.1609375 0.2015625
0 0.46171875 0.4703125 0.0703125 0.103125
0 0.50234375 0.271875 0.0546875 0.065625
0 0.56796875 0.340625 0.0609375 0.078125
0 0.721875 0.2984375 0.06875 0.084375
0 0.7765625 0.45390625 0.1 0.1171875
0 0.98125 0.3484375 0.065625 0.065625
0 1.3 0.27890625 0.03125 0.0390625
0 1.29296875 0.25 0.0265625 0.03125
0 1.35234375 0.28125 0.0265625 0.034375
0 1.38359375 0.2515625 0.0265625 0.03125
0 1.4828125 0.26484375 0.03125 0.0390625
0 1.51015625 0.2921875 0.0234375 0.046875
0 0.20703125 0.2984375 0.0421875 0.065625
0 0.825 0.259375 0.0125 0.015625
0 0.93828125 0.2671875 0.0140625 0.015625
0 0.92578125 0.26328125 0.0140625 0.0140625
