0 0.11328125 0.4390625 0.0484375 0.059375
0 0.23515625 0.48125 0.0390625 0.05
0 0.403125 0.44921875 0.021875 0.0390625
0 0.5125 0.43671875 0.028125 0.0328125
0 0.6140625 0.44375 0.009375 0.0125
0 0.63828125 0.446875 0.0078125 0.0125
0 0.68359375 0.4484375 0.0171875 0.03125
0 0.790625 0.45625 0.01875 0.028125
0 0.81171875 0.46328125 0.0171875 0.0234375
0 0.859375 0.46953125 0.01875 0.0234375
0 0.91953125 0.459375 0.0203125 0.028125
0 1.07890625 0.4578125 0.0421875 0.0625
0 1.25 0.45859375 0.015625 0.0203125
0 1.31640625 0.44296875 0.0265625 0.0265625
0 1.45 0.52734375 0.053125 0.0734375
0 1.509375 0.47109375 0.025 0.0359375
0 1.21484375 0.46328125 0.0109375 0.0171875
