0 0.4625 0.596875 0.034375 0.040625
0 0.503125 0.55859375 0.03125 0.0390625
0 0.6796875 0.5640625 0.04375 0.053125
0 0.5578125 0.65078125 0.021875 0.0359375
0 0.30703125 0.49453125 0.0296875 0.0328125
0 0.2875 0.509375 0.01875 0.025
0 0.77109375 0.51875 0.0171875 0.025
0 0.7171875 0.5203125 0.015625 0.021875
0 0.85859375 0.5609375 0.0109375 0.01875
0 0.90234375 0.5640625 0.0171875 0.021875
0 0.95390625 0.5015625 0.0171875 0.01875
0 0.9265625 0.625 0.015625 0.01875
0 0.98671875 0.46796875 0.0390625 0.0484375
0 1.19296875 0.49375 0.0140625 0.015625
0 1.171875 0.56640625 0.015625 0.0203125
0 1.1578125 0.521875 0.015625 0.021875
0 1.084375 0.5109375 0.0125 0.015625
0 1.07265625 0.47109375 0.0109375 0.0109375
0 1.37109375 0.4828125 0.0078125 0.0125
0 0.75234375 0.24296875 0.0140625 0.0171875
0 0.64375 0.2609375 0.0125 0.0125
