0 1.446875 0.40546875 0.075 0.1078125
0 1.35546875 0.38125 0.0359375 0.040625
0 1.26171875 0.409375 0.0453125 0.059375
0 1.16640625 0.37890625 0.0484375 0.0640625
0 1.13359375 0.3375 0.0234375 0.03125
0 1.01640625 0.35078125 0.0421875 0.0515625
0 0.9421875 0.38984375 0.034375 0.0421875
0 0.92265625 0.36171875 0.0265625 0.0296875
0 0.7203125 0.3609375 0.03125 0.046875
0 0.5796875 0.40234375 0.040625 0.0515625
0 0.534375 0.39921875 0.025 0.0296875
0 0.625 0.3890625 0.028125 0.0375
0 0.4375 0.38828125 0.01875 0.0296875
0 0.41640625 0.3953125 0.0203125 0.025
0 0.4015625 0.36875 0.0125 0.015625
0 0.4109375 0.35390625 0.009375 0.0171875
0 0.39296875 0.38515625 0.0171875 0.0234375
0 0.37890625 0.38359375 0.0203125 0.0265625
0 0.37265625 0.390625 0.0140625 0.01875
0 0.3515625 0.390625 0.0125 0.015625
0 0.31640625 0.4015625 0.0203125 0.028125
0 0.265625 0.4015625 0.01875 0.025
0 0.25546875 0.3953125 0.0171875 0.021875
0 0.2046875 0.40234375 0.01875 0.0234375
0 0.1859375 0.40703125 0.015625 0.0265625
0 0.2296875 0.384375 0.0125 0.0125
0 0.23125 0.3984375 0.009375 0.0125
0 0.2453125 0.40234375 0.009375 0.0140625
0 0.15859375 0.4078125 0.0171875 0.021875
0 0.14375 0.40625 0.015625 0.021875
0 0.11875 0.415625 0.015625 0.01875
0 0.26875 0.37890625 0.0125 0.0140625
0 0.03125 0.41328125 0.015625 0.0171875
0 1.4140625 0.3796875 0.025 0.0375
