0 1.2421875 0.4234375 0.284375 0.375
0 0.9640625 0.59765625 0.059375 0.0578125
0 0.803125 0.59375 0.0375 0.040625
0 0.6234375 0.5671875 0.0375 0.04375
0 0.653125 0.61953125 0.03125 0.0484375
0 0.7359375 0.56875 0.04375 0.05
0 0.77109375 0.54453125 0.0328125 0.0390625
0 0.48359375 0.59609375 0.0453125 0.0421875
0 0.42578125 0.57109375 0.0296875 0.0421875
0 0.38203125 0.55234375 0.0234375 0.0296875
0 0.32265625 0.57578125 0.0328125 0.0390625
0 0.31640625 0.54453125 0.0234375 0.0359375
0 0.23671875 0.57890625 0.0265625 0.0328125
0 0.56171875 0.5375 0.0296875 0.0375
0 0.575 0.59140625 0.025 0.0296875
0 1.1171875 0.64609375 0.065625 0.0671875
0 0.08984375 0.57265625 0.0328125 0.0359375
0 0.01484375 0.56796875 0.0234375 0.0328125
0 0.0484375 0.584375 0.025 0.025
0 0.12734375 0.56640625 0.0359375 0.0546875
