0 0.0265625 0.26953125 0.053125 0.1109375
0 0.19921875 0.45703125 0.0484375 0.0609375
0 0.21328125 0.43515625 0.0390625 0.0546875
0 0.346875 0.38203125 0.065625 0.0765625
0 0.453125 0.40234375 0.05625 0.0609375
0 0.50546875 0.40859375 0.0421875 0.0609375
0 0.659375 0.30703125 0.109375 0.1453125
0 0.79375 0.46328125 0.0375 0.0484375
0 0.88984375 0.4203125 0.0265625 0.040625
0 0.828125 0.46328125 0.015625 0.0234375
0 0.965625 0.45078125 0.103125 0.1484375
0 1.23046875 0.32890625 0.0921875 0.1359375
0 1.35390625 0.38046875 0.0828125 0.1078125
0 1.42734375 0.37265625 0.0640625 0.0921875
0 1.509375 0.41484375 0.06875 0.0953125
0 1.58671875 0.35390625 0.0203125 0.0796875
0 0.86171875 0.490625 0.0265625 0.025
