0 0.15 0.38203125 0.053125 0.0515625
0 0.34375 0.3734375 0.028125 0.034375
0 0.44375 0.3640625 0.04375 0.05625
0 0.496875 0.32109375 0.034375 0.0421875
0 0.021875 0.5046875 0.025 0.03125
0 0.628125 0.371875 0.025 0.03125
0 0.65234375 0.3015625 0.0234375 0.025
0 0.753125 0.38125 0.021875 0.028125
0 0.92578125 0.36328125 0.0609375 0.0671875
0 0.99765625 0.34296875 0.0421875 0.0578125
0 1.225 0.29765625 0.05 0.0609375
0 1.3 0.33359375 0.05625 0.0828125
0 1.18515625 0.30625 0.0265625 0.034375
0 1.403125 0.31328125 0.028125 0.0421875
0 1.45703125 0.29453125 0.0265625 0.0390625
0 1.5859375 0.3078125 0.025 0.03125
0 1.58515625 0.346875 0.0234375 0.03125
