0 0.2 0.778125 0.196875 0.225
0 0.784375 0.73515625 0.171875 0.2203125
0 0.80703125 0.50703125 0.0390625 0.0484375
0 0.8984375 0.34453125 0.053125 0.0828125
0 0.97265625 0.51875 0.0421875 0.046875
0 1.00546875 0.63671875 0.0484375 0.0921875
0 0.65546875 0.58203125 0.0328125 0.0515625
0 0.63359375 0.5953125 0.0390625 0.05625
0 1.11171875 0.51484375 0.0515625 0.0640625
0 1.178125 0.49375 0.04375 0.05625
0 1.28984375 0.47734375 0.0484375 0.0671875
0 1.38671875 0.465625 0.0421875 0.05625
0 1.19375 0.6640625 0.15625 0.2
0 1.30078125 0.61796875 0.0859375 0.1421875
0 1.52265625 0.465625 0.0453125 0.059375
0 1.58359375 0.45625 0.0328125 0.053125
0 1.57109375 0.528125 0.0578125 0.071875
0 1.5421875 0.71875 0.115625 0.134375
