0 0.07734375 0.48125 0.1046875 0.15
0 0.3734375 0.41484375 0.04375 0.0484375
0 0.52109375 0.48125 0.0578125 0.08125
0 0.60703125 0.39296875 0.0796875 0.0828125
0 0.69609375 0.39140625 0.0953125 0.1109375
0 0.8140625 0.3046875 0.1125 0.165625
0 1.3359375 0.51796875 0.10625 0.1453125
0 1.33125 0.36484375 0.084375 0.0859375
0 1.21953125 0.29609375 0.0734375 0.0984375
0 1.421875 0.38671875 0.075 0.0921875
0 1.571875 0.34375 0.05625 0.1375
0 1.31953125 0.296875 0.0796875 0.09375
0 1.40859375 0.815625 0.0578125 0.053125
0 0.02890625 0.38203125 0.0484375 0.0734375
