0 1.3078125 0.7421875 0.015625 0.021875
0 1.35546875 0.73984375 0.0140625 0.0265625
0 1.32109375 0.7203125 0.0171875 0.009375
0 1.396875 0.7296875 0.015625 0.015625
0 1.41953125 0.68515625 0.0109375 0.0171875
0 1.4375 0.6578125 0.0125 0.009375
0 1.44375 0.67109375 0.009375 0.0140625
0 1.45 0.6703125 0.003125 0.009375
0 1.38203125 0.5921875 0.0078125 0.009375
0 1.41328125 0.61640625 0.0078125 0.0109375
0 1.44375 0.6234375 0.00625 0.009375
0 1.46953125 0.61640625 0.0078125 0.0109375
0 1.40546875 0.70078125 0.0140625 0.0171875
0 1.39609375 0.69453125 0.0109375 0.0171875
0 1.1859375 0.64140625 0.00625 0.0078125
0 1.53203125 0.6578125 0.0140625 0.015625
0 1.35625 0.571875 0.009375 0.0125
0 1.55390625 0.63671875 0.0078125 0.0140625
0 1.4796875 0.62578125 0.009375 0.0109375
0 1.37578125 0.8625 0.0265625 0.03125
0 1.35625 0.909375 0.03125 0.040625
0 1.40703125 0.9109375 0.0265625 0.04375
0 1.45 0.9046875 0.021875 0.04375
0 1.55703125 0.76640625 0.0203125 0.0234375
0 1.41796875 1.15703125 0.0390625 0.0671875
0 1.58046875 1.02421875 0.0390625 0.0546875
0 0.0515625 0.71484375 0.0125 0.0234375
0 0.11484375 0.68359375 0.0203125 0.0265625
0 0.0890625 0.73671875 0.01875 0.0296875
0 0.24453125 0.72109375 0.0140625 0.0203125
0 0.29609375 0.6375 0.0171875 0.01875
0 0.13359375 0.79453125 0.0265625 0.0359375
0 0.1828125 0.86171875 0.01875 0.0328125
0 0.31875 0.828125 0.03125 0.034375
0 0.34921875 0.7921875 0.0265625 0.03125
0 0.0234375 0.8734375 0.03125 0.040625
0 0.14140625 0.903125 0.0296875 0.040625
0 0.34453125 0.9453125 0.0359375 0.0375
0 0.3140625 0.99765625 0.021875 0.0484375
0 0.13046875 1.0390625 0.0171875 0.05
0 0.271875 1.08984375 0.03125 0.0359375
0 0.27265625 1.1765625 0.0578125 0.04375
0 0.48671875 0.640625 0.0140625 0.01875
0 0.49921875 0.66953125 0.0171875 0.0234375
0 0.5109375 0.728125 0.025 0.021875
0 0.57734375 0.66171875 0.0140625 0.0171875
0 0.64296875 0.71484375 0.0171875 0.0234375
0 0.6390625 0.64140625 0.0125 0.0140625
0 0.81328125 1.0390625 0.0421875 0.05625
0 0.43359375 0.9828125 0.0390625 0.059375
0 0.540625 0.94375 0.0375 0.053125
0 0.61875 0.93203125 0.028125 0.0453125
0 0.515625 1.0640625 0.05625 0.075
0 0.65703125 1.028125 0.0109375 0.040625
0 0.70703125 1.13515625 0.0296875 0.0609375
0 0.9203125 0.83828125 0.028125 0.0390625
0 1.01484375 0.92109375 0.0140625 0.0265625
0 1.175 0.95078125 0.028125 0.0453125
0 0.98984375 0.971875 0.0390625 0.05
0 0.89609375 1.14609375 0.0484375 0.0640625
0 1.02734375 1.07890625 0.0265625 0.0609375
0 0.77734375 0.9015625 0.0265625 0.034375
0 0.78828125 0.928125 0.0265625 0.05
0 1.2328125 0.81796875 0.025 0.0265625
0 1.0 0.79765625 0.028125 0.0328125
0 0.79375 0.653125 0.015625 0.015625
0 0.97890625 0.6625 0.0171875 0.021875
0 0.83359375 0.7265625 0.0203125 0.025
0 0.83828125 0.74609375 0.0171875 0.0265625
0 0.9390625 0.6640625 0.009375 0.015625
0 0.8671875 0.64921875 0.01875 0.0171875
0 1.01953125 0.66953125 0.0109375 0.0140625
0 1.0328125 0.67109375 0.0125 0.0140625
0 1.46171875 0.7140625 0.0203125 0.025
0 1.30625 0.56953125 0.009375 0.0078125
0 1.31328125 0.59453125 0.0078125 0.0109375
0 1.3234375 0.58984375 0.009375 0.0140625
0 1.234375 0.63515625 0.015625 0.0140625
0 1.35859375 0.61796875 0.0078125 0.0109375
0 1.19921875 0.74375 0.0203125 0.034375
0 1.2234375 0.71796875 0.01875 0.0234375
0 1.29140625 0.67890625 0.0046875 0.0109375
0 0.00234375 0.78515625 0.0046875 0.0171875
0 1.36015625 0.71171875 0.0140625 0.0140625
0 1.49375 0.56875 0.009375 0.0125
0 1.41796875 0.746875 0.0171875 0.025
