0 0.0390625 0.29296875 0.078125 0.0984375
0 0.07421875 0.33828125 0.0265625 0.0390625
0 0.190625 0.30546875 0.075 0.0921875
0 0.3265625 0.32109375 0.065625 0.0828125
0 0.421875 0.29765625 0.04375 0.0609375
0 0.47421875 0.31796875 0.0421875 0.0515625
0 0.5515625 0.29921875 0.065625 0.0796875
0 0.70546875 0.3125 0.0546875 0.06875
0 0.84609375 0.3015625 0.0484375 0.071875
0 0.93828125 0.303125 0.0546875 0.071875
0 0.98828125 0.31953125 0.0359375 0.0546875
0 1.021875 0.32421875 0.028125 0.0421875
0 1.07578125 0.3234375 0.0609375 0.05625
0 1.17734375 0.3671875 0.0453125 0.0625
0 1.259375 0.35390625 0.046875 0.0640625
0 1.36171875 0.325 0.0515625 0.05625
0 1.49375 0.33125 0.04375 0.059375
0 1.58984375 0.3484375 0.0203125 0.053125
