0 0.13515625 0.60703125 0.0140625 0.0140625
0 0.15390625 0.6234375 0.0140625 0.015625
0 0.1875 0.60859375 0.0125 0.0140625
0 0.290625 0.64296875 0.0125 0.0171875
0 0.31171875 0.71484375 0.0109375 0.0171875
0 0.271875 0.696875 0.0125 0.015625
0 0.2484375 0.73203125 0.009375 0.0140625
0 0.1765625 0.76796875 0.009375 0.0109375
0 0.1671875 0.6953125 0.009375 0.0125
0 0.11484375 0.70234375 0.0078125 0.0203125
0 0.19921875 0.80390625 0.0203125 0.0171875
0 0.21953125 0.81171875 0.0140625 0.0140625
0 0.24765625 0.7734375 0.0171875 0.01875
0 0.25859375 0.7515625 0.0171875 0.015625
0 0.259375 0.796875 0.01875 0.021875
0 0.28671875 0.78359375 0.0140625 0.0140625
0 0.30703125 0.80234375 0.0140625 0.0171875
0 0.30703125 0.76953125 0.0140625 0.0140625
0 0.30390625 0.8390625 0.0171875 0.021875
0 0.26796875 0.90859375 0.0171875 0.0234375
0 0.24765625 0.88515625 0.0171875 0.0203125
0 0.21171875 0.853125 0.0140625 0.01875
0 0.13359375 0.921875 0.0171875 0.021875
0 0.1421875 1.03359375 0.025 0.0390625
0 0.37890625 0.89140625 0.0171875 0.0265625
0 0.67265625 0.98671875 0.0171875 0.0234375
0 0.72265625 0.8625 0.0171875 0.025
0 0.7484375 0.8625 0.01875 0.021875
0 0.67109375 0.84375 0.0171875 0.025
0 0.5734375 0.671875 0.0125 0.01875
0 0.61796875 0.65625 0.0140625 0.01875
0 0.6484375 0.65546875 0.0125 0.0140625
0 0.665625 0.6515625 0.0125 0.01875
0 0.646875 0.625 0.0125 0.0125
0 0.60234375 0.63125 0.0140625 0.015625
0 0.5921875 0.61015625 0.009375 0.0171875
0 0.60703125 0.59453125 0.0140625 0.0171875
0 0.63359375 0.609375 0.0109375 0.015625
0 0.653125 0.58984375 0.0125 0.0171875
0 0.675 0.615625 0.009375 0.015625
0 0.63125 0.58125 0.0125 0.009375
0 0.5453125 0.61796875 0.009375 0.0109375
0 0.546875 0.5984375 0.0125 0.009375
0 0.5203125 0.64609375 0.0125 0.0171875
0 0.49453125 0.6546875 0.0140625 0.01875
0 0.50859375 0.62890625 0.0140625 0.0171875
0 0.5046875 0.59453125 0.0125 0.0140625
0 0.6953125 0.58203125 0.009375 0.0171875
0 0.6796875 0.58125 0.009375 0.01875
0 0.8234375 0.61796875 0.00625 0.0140625
0 0.83359375 0.60078125 0.0078125 0.0171875
0 0.8484375 0.60546875 0.00625 0.0140625
0 0.87578125 0.625 0.0078125 0.021875
0 0.91796875 0.61484375 0.0109375 0.0171875
0 0.9046875 0.58515625 0.009375 0.0171875
0 0.925 0.57421875 0.00625 0.0078125
0 0.96953125 0.5859375 0.0109375 0.0125
0 0.97890625 0.6359375 0.0078125 0.015625
0 0.9953125 0.6796875 0.009375 0.01875
0 0.9421875 0.71953125 0.00625 0.0171875
0 0.92109375 0.72578125 0.0140625 0.0171875
0 0.9109375 0.740625 0.009375 0.021875
0 0.88203125 0.8078125 0.0140625 0.021875
0 0.784375 0.76484375 0.0125 0.0234375
0 0.75390625 0.73046875 0.0140625 0.0171875
0 0.7109375 0.7328125 0.01875 0.025
0 0.5890625 0.728125 0.009375 0.021875
0 0.75390625 0.78125 0.0171875 0.025
0 0.9265625 0.87265625 0.021875 0.0328125
0 0.94296875 0.90625 0.0109375 0.028125
0 0.91953125 0.90390625 0.0171875 0.0234375
0 0.96484375 0.95234375 0.0140625 0.0296875
0 0.99375 0.8984375 0.021875 0.0375
0 1.0578125 0.63046875 0.0125 0.0171875
0 0.93515625 0.559375 0.0109375 0.015625
0 0.984375 0.5546875 0.009375 0.0125
0 1.1671875 0.6546875 0.0125 0.015625
0 1.215625 0.61015625 0.0125 0.0171875
0 1.2453125 0.584375 0.009375 0.015625
0 1.2515625 0.5671875 0.009375 0.0125
0 1.1875 0.5703125 0.009375 0.01875
0 1.2828125 0.565625 0.009375 0.0125
0 1.3109375 0.5765625 0.0125 0.0125
0 1.33046875 0.559375 0.0109375 0.015625
0 1.325 0.64453125 0.0125 0.0171875
0 1.24375 0.640625 0.0125 0.015625
0 1.27890625 0.68828125 0.0109375 0.0171875
0 1.3359375 0.72890625 0.01875 0.0234375
0 1.38984375 0.746875 0.0109375 0.015625
0 1.409375 0.6171875 0.021875 0.03125
0 1.4359375 0.61640625 0.025 0.0390625
0 1.47109375 0.6171875 0.0171875 0.03125
0 1.46640625 0.71875 0.0140625 0.015625
0 1.5234375 0.75546875 0.015625 0.0234375
0 1.4859375 0.7546875 0.009375 0.01875
0 1.471875 0.7890625 0.015625 0.021875
0 1.48984375 0.84609375 0.0171875 0.0234375
0 1.55859375 0.8109375 0.0171875 0.03125
0 1.4078125 0.75546875 0.0125 0.0234375
0 1.384375 0.79765625 0.01875 0.0234375
0 1.3453125 0.91796875 0.01875 0.0203125
0 1.42578125 0.875 0.0140625 0.025
0 1.534375 0.890625 0.021875 0.028125
0 1.35546875 1.0015625 0.0234375 0.03125
0 1.3109375 1.0125 0.025 0.034375
0 1.2859375 0.92265625 0.01875 0.0265625
0 1.23671875 0.92890625 0.0140625 0.0265625
0 1.26796875 0.93046875 0.0109375 0.0265625
0 1.25390625 0.88671875 0.0203125 0.0265625
0 1.20625 0.91796875 0.0125 0.0296875
0 1.18828125 0.91640625 0.0171875 0.0265625
0 1.10390625 0.91640625 0.0140625 0.0234375
0 1.13046875 0.86328125 0.0203125 0.0265625
0 1.07109375 0.86171875 0.0171875 0.0265625
0 1.0390625 0.90234375 0.01875 0.0296875
0 1.0078125 0.8671875 0.015625 0.021875
0 1.20234375 1.034375 0.0203125 0.025
0 1.29375 0.8671875 0.021875 0.03125
0 1.27109375 0.84140625 0.0234375 0.0265625
0 1.3 0.82578125 0.01875 0.0265625
0 1.26953125 0.80234375 0.0203125 0.0234375
0 1.21640625 0.8359375 0.0234375 0.03125
0 1.1828125 0.796875 0.015625 0.025
0 1.14609375 0.8390625 0.0171875 0.01875
0 1.09609375 0.76640625 0.0078125 0.0171875
0 1.02265625 0.76875 0.0140625 0.025
0 1.3203125 0.59609375 0.009375 0.0140625
0 1.15859375 0.5484375 0.0078125 0.0125
0 1.1765625 0.54921875 0.009375 0.0078125
0 0.00859375 0.73203125 0.0140625 0.0203125
0 0.09765625 0.7171875 0.0078125 0.01875
0 0.3265625 0.75625 0.01875 0.021875
0 0.33828125 0.7859375 0.0140625 0.021875
0 0.0765625 0.51015625 0.009375 0.0140625
0 0.0671875 0.490625 0.0125 0.015625
0 0.17578125 0.48046875 0.0109375 0.0140625
0 0.1625 0.47421875 0.009375 0.0140625
0 0.1828125 0.45859375 0.009375 0.0109375
0 0.24296875 0.4828125 0.0109375 0.0125
0 0.22734375 0.4796875 0.0078125 0.0125
0 0.271875 0.54375 0.0125 0.015625
0 0.32109375 0.5171875 0.0078125 0.0125
0 0.3046875 0.5390625 0.009375 0.015625
0 0.33828125 0.5109375 0.0078125 0.0125
0 0.346875 0.50625 0.009375 0.0125
0 0.33046875 0.48359375 0.0078125 0.0109375
0 0.290625 0.46171875 0.009375 0.0140625
0 0.271875 0.4265625 0.00625 0.0125
0 0.25 0.43046875 0.00625 0.0109375
0 0.23203125 0.4296875 0.0109375 0.0125
0 0.234375 0.44765625 0.009375 0.0109375
0 0.325 0.41640625 0.009375 0.0109375
0 0.3046875 0.40625 0.009375 0.0125
0 0.2796875 0.3890625 0.009375 0.009375
0 0.3671875 0.41015625 0.009375 0.0109375
0 0.35390625 0.42421875 0.0046875 0.0109375
0 0.44453125 0.46484375 0.0078125 0.0140625
0 0.4734375 0.46875 0.00625 0.0125
0 0.45546875 0.44375 0.0078125 0.009375
0 0.4890625 0.43984375 0.00625 0.0109375
0 0.46875 0.42109375 0.00625 0.0078125
0 0.45625 0.4171875 0.00625 0.009375
0 0.44375 0.4203125 0.00625 0.00625
0 0.4328125 0.396875 0.00625 0.00625
0 0.44453125 0.4078125 0.0046875 0.009375
0 0.42578125 0.41640625 0.0078125 0.0109375
0 0.4109375 0.403125 0.009375 0.009375
0 0.3859375 0.3921875 0.00625 0.009375
0 0.45859375 0.39453125 0.0046875 0.0046875
0 0.47578125 0.4046875 0.0078125 0.00625
0 0.48984375 0.4078125 0.0046875 0.00625
0 0.503125 0.4125 0.003125 0.009375
0 0.5171875 0.41015625 0.00625 0.0109375
0 0.52421875 0.40703125 0.0046875 0.0078125
0 0.51640625 0.3984375 0.0046875 0.00625
0 0.51796875 0.440625 0.0078125 0.00625
0 0.52890625 0.49453125 0.0078125 0.0109375
0 0.54609375 0.49765625 0.0046875 0.0109375
0 0.55234375 0.5375 0.0046875 0.0125
0 0.55390625 0.571875 0.0109375 0.021875
0 0.53984375 0.55625 0.0078125 0.0125
0 0.52734375 0.5546875 0.0109375 0.015625
0 0.5359375 0.590625 0.00625 0.0125
0 0.6125 0.56015625 0.009375 0.0109375
0 0.6234375 0.5578125 0.00625 0.0125
0 0.65859375 0.56640625 0.0109375 0.0171875
0 0.62109375 0.521875 0.0109375 0.0125
0 0.6078125 0.52421875 0.00625 0.0109375
0 0.58984375 0.51328125 0.0109375 0.0109375
0 0.63671875 0.48046875 0.0078125 0.0109375
0 0.65 0.478125 0.00625 0.009375
0 0.64609375 0.4578125 0.0078125 0.009375
0 0.64921875 0.44453125 0.0046875 0.0078125
0 0.63828125 0.44375 0.0046875 0.009375
0 0.62265625 0.45859375 0.0078125 0.0109375
0 0.6484375 0.42890625 0.00625 0.0046875
0 0.62890625 0.4078125 0.0046875 0.009375
0 0.61484375 0.40390625 0.0046875 0.0078125
0 0.6 0.40625 0.00625 0.009375
0 0.6015625 0.39375 0.00625 0.003125
0 0.71640625 0.56640625 0.0171875 0.0203125
0 0.6875 0.53515625 0.009375 0.0171875
0 0.7109375 0.5265625 0.015625 0.015625
0 0.7234375 0.50703125 0.0125 0.0171875
0 0.69296875 0.5109375 0.0109375 0.009375
0 0.6609375 0.53203125 0.00625 0.0140625
0 0.6734375 0.53359375 0.009375 0.0171875
0 0.671875 0.55546875 0.0125 0.0140625
0 0.8203125 0.56640625 0.00625 0.0140625
0 0.86875 0.5578125 0.009375 0.015625
0 0.90625 0.5578125 0.0125 0.0125
0 0.90859375 0.53359375 0.0109375 0.0109375
0 0.94296875 0.5171875 0.0078125 0.015625
0 0.9109375 0.49296875 0.009375 0.0109375
0 0.896875 0.49921875 0.009375 0.0140625
0 0.878125 0.5078125 0.009375 0.015625
0 0.87578125 0.5234375 0.0109375 0.0125
0 0.84765625 0.540625 0.0109375 0.0125
0 0.834375 0.52578125 0.009375 0.0109375
0 0.81796875 0.5125 0.0140625 0.015625
0 0.82578125 0.484375 0.0140625 0.0125
0 0.7984375 0.4578125 0.00625 0.009375
0 0.8921875 0.44296875 0.0125 0.0140625
0 0.89765625 0.475 0.0078125 0.0125
0 0.9125 0.4640625 0.009375 0.009375
0 0.93125 0.46875 0.009375 0.009375
0 0.96484375 0.4875 0.0046875 0.0125
0 0.97109375 0.465625 0.0078125 0.0125
0 0.965625 0.4546875 0.00625 0.00625
0 0.94609375 0.43828125 0.0078125 0.0109375
0 0.96875 0.43046875 0.009375 0.0109375
0 0.99296875 0.4625 0.0109375 0.015625
0 0.99140625 0.52890625 0.0078125 0.0078125
0 0.984375 0.509375 0.009375 0.00625
0 1.07578125 0.44140625 0.0078125 0.0109375
0 1.12421875 0.49453125 0.0078125 0.0140625
0 1.14296875 0.47421875 0.0109375 0.0140625
0 1.1890625 0.47421875 0.00625 0.0109375
0 1.20546875 0.48515625 0.0046875 0.0078125
0 1.2125 0.49609375 0.00625 0.0140625
0 1.203125 0.5109375 0.00625 0.0125
0 1.17734375 0.5375 0.0109375 0.009375
0 1.11875 0.4796875 0.009375 0.009375
0 1.15859375 0.3984375 0.0078125 0.009375
0 1.16796875 0.4 0.0046875 0.009375
0 1.178125 0.4 0.00625 0.009375
0 1.190625 0.39921875 0.00625 0.0109375
0 1.2640625 0.4703125 0.028125 0.04375
0 0.37421875 0.46171875 0.0078125 0.0140625
0 0.3359375 0.390625 0.009375 0.0125
0 0.02265625 0.4796875 0.0078125 0.01875
0 0.16484375 0.7453125 0.0109375 0.01875
0 0.23359375 0.5984375 0.0109375 0.0125
0 0.11875 0.53828125 0.009375 0.0140625
