0 1.5234375 0.19765625 0.053125 0.0671875
0 1.33984375 0.21796875 0.0765625 0.0859375
0 1.20625 0.18125 0.0375 0.04375
0 1.15546875 0.16953125 0.0484375 0.0765625
0 0.79765625 0.20078125 0.0515625 0.0546875
0 0.8515625 0.19921875 0.025 0.0328125
0 0.9265625 0.21484375 0.034375 0.0484375
0 0.74140625 0.25703125 0.0828125 0.0953125
0 0.52890625 0.2 0.0390625 0.059375
0 0.3359375 0.3015625 0.09375 0.10625
0 0.165625 0.19609375 0.0625 0.0640625
0 0.08203125 0.1890625 0.0765625 0.084375
0 0.94375 0.184375 0.03125 0.034375
