0 0.1765625 0.109375 0.009375 0.015625
0 0.23125 0.10546875 0.009375 0.0109375
0 0.25546875 0.11015625 0.0109375 0.0140625
0 0.19765625 0.1140625 0.0109375 0.0125
0 0.12109375 0.10390625 0.0109375 0.0140625
0 0.284375 0.103125 0.009375 0.009375
0 0.31875 0.1203125 0.009375 0.0125
0 0.36953125 0.1078125 0.0109375 0.015625
0 0.33984375 0.10390625 0.0078125 0.0109375
0 0.384375 0.10703125 0.009375 0.0140625
0 0.4484375 0.1046875 0.009375 0.0125
0 0.40859375 0.1046875 0.0109375 0.0125
0 0.4671875 0.096875 0.009375 0.0125
0 0.503125 0.09296875 0.009375 0.0109375
0 0.53671875 0.0953125 0.0109375 0.009375
0 0.56015625 0.0953125 0.0078125 0.009375
0 0.5984375 0.09453125 0.009375 0.0109375
0 0.63046875 0.090625 0.0078125 0.009375
0 0.6546875 0.09140625 0.009375 0.0109375
0 0.7375 0.0953125 0.009375 0.009375
0 0.78671875 0.0890625 0.0109375 0.015625
0 0.8296875 0.0953125 0.009375 0.009375
0 0.85078125 0.0859375 0.0109375 0.0125
0 0.8828125 0.096875 0.009375 0.0125
0 0.9265625 0.09140625 0.009375 0.0109375
0 0.9546875 0.071875 0.015625 0.01875
0 1.03828125 0.0890625 0.0140625 0.021875
0 1.0609375 0.096875 0.009375 0.0125
0 1.08203125 0.096875 0.0078125 0.009375
0 1.121875 0.09140625 0.01875 0.0234375
0 1.140625 0.0890625 0.01875 0.021875
0 1.1859375 0.06484375 0.01875 0.0234375
0 1.2453125 0.09609375 0.009375 0.0140625
0 1.27421875 0.10234375 0.0140625 0.0140625
0 1.29375 0.08671875 0.0125 0.0171875
0 1.3171875 0.09609375 0.015625 0.0203125
0 1.31953125 0.0265625 0.0140625 0.015625
0 1.34921875 0.0984375 0.0203125 0.01875
0 1.390625 0.07890625 0.025 0.0234375
0 1.4234375 0.0984375 0.01875 0.021875
0 1.484375 0.0875 0.01875 0.021875
0 1.53984375 0.08046875 0.0203125 0.0265625
