0 1.28515625 0.8453125 0.1140625 0.128125
0 1.559375 0.75546875 0.071875 0.0984375
0 1.509375 0.2265625 0.0375 0.04375
0 1.4171875 0.16796875 0.025 0.0328125
0 1.521875 0.13359375 0.015625 0.0296875
0 1.4109375 0.1375 0.015625 0.021875
0 1.5109375 0.06015625 0.015625 0.0203125
0 1.18046875 0.0984375 0.0140625 0.01875
0 1.14140625 0.10078125 0.0171875 0.0203125
0 1.1484375 0.31640625 0.040625 0.0453125
0 0.94765625 0.37734375 0.0421875 0.0484375
0 1.0140625 0.09921875 0.015625 0.0203125
0 0.90078125 0.1296875 0.0140625 0.01875
0 0.8796875 0.18046875 0.01875 0.0265625
0 0.8296875 0.2046875 0.01875 0.028125
0 0.85859375 0.19765625 0.0140625 0.0203125
0 1.01484375 0.125 0.0109375 0.021875
0 0.96328125 0.11796875 0.0203125 0.0234375
0 0.71171875 0.1359375 0.0109375 0.015625
0 0.67421875 0.1734375 0.0140625 0.021875
0 0.5109375 0.221875 0.015625 0.01875
0 0.49296875 0.19375 0.0140625 0.01875
0 0.503125 0.16875 0.009375 0.0125
0 0.02734375 0.30234375 0.0203125 0.0234375
0 0.171875 0.503125 0.053125 0.0625
0 0.28046875 0.440625 0.0390625 0.05
