0 0.0203125 0.9296875 0.009375 0.0125
0 0.50625 0.97578125 0.025 0.0390625
0 0.8 0.9921875 0.01875 0.028125
0 0.6515625 0.95859375 0.015625 0.0203125
0 0.83828125 0.9734375 0.0171875 0.028125
0 0.98359375 0.96015625 0.0140625 0.0234375
0 1.20390625 1.003125 0.0078125 0.0125
0 1.41171875 0.99765625 0.0203125 0.0234375
0 0.64453125 0.99921875 0.0171875 0.0234375
0 0.12578125 0.95546875 0.0390625 0.0796875
0 0.2375 0.91015625 0.028125 0.0765625
0 0.4625 0.98125 0.028125 0.05625
0 0.8703125 0.98359375 0.015625 0.0265625
0 0.70546875 1.01484375 0.0203125 0.0453125
0 0.92265625 0.96953125 0.0171875 0.0296875
0 0.62109375 1.00234375 0.0203125 0.0421875
