0 0.03125 0.61484375 0.021875 0.0265625
0 0.1828125 0.565625 0.0375 0.0375
0 0.25625 0.60390625 0.0375 0.0453125
0 0.25703125 0.54375 0.0234375 0.021875
0 0.2890625 0.5515625 0.01875 0.028125
0 0.31953125 0.54921875 0.0234375 0.0234375
0 0.33984375 0.61328125 0.0328125 0.0421875
0 0.36171875 0.553125 0.0234375 0.025
0 0.39296875 0.65625 0.0640625 0.05625
0 0.48671875 0.5921875 0.0359375 0.040625
0 0.55 0.6 0.040625 0.040625
0 0.64609375 0.55859375 0.1265625 0.1828125
0 1.51640625 0.58828125 0.0359375 0.0390625
