0 1.31953125 0.69453125 0.0453125 0.0546875
0 1.38828125 0.61640625 0.0359375 0.0359375
0 1.134375 0.70546875 0.046875 0.0421875
0 1.296875 0.584375 0.034375 0.040625
0 1.109375 0.646875 0.034375 0.0375
0 1.16796875 0.5890625 0.0296875 0.0375
0 1.046875 0.646875 0.034375 0.040625
0 1.115625 0.59140625 0.025 0.0328125
0 1.0296875 0.56015625 0.03125 0.0328125
0 1.08984375 0.52265625 0.0234375 0.0234375
0 1.24453125 0.509375 0.0265625 0.028125
0 1.2078125 0.75625 0.04375 0.071875
0 0.996875 0.725 0.053125 0.065625
0 0.87265625 0.67109375 0.0328125 0.0359375
0 1.546875 0.5015625 0.10625 0.19375
0 1.42734375 0.4578125 0.0296875 0.03125
0 1.34296875 0.45703125 0.0265625 0.0296875
0 1.4375 0.38203125 0.021875 0.0265625
0 1.496875 0.34921875 0.0125 0.0140625
0 1.3421875 0.415625 0.015625 0.01875
0 1.13828125 0.5109375 0.0234375 0.025
0 1.20390625 0.44921875 0.0203125 0.0265625
0 1.059375 0.46640625 0.0125 0.0140625
0 1.153125 0.42734375 0.009375 0.0109375
0 1.140625 0.4515625 0.0125 0.0125
0 1.2828125 0.45234375 0.021875 0.0265625
0 1.3046875 0.4375 0.01875 0.021875
0 1.23125 0.4453125 0.025 0.028125
0 1.296875 0.3828125 0.0125 0.0125
0 0.9234375 0.4375 0.0125 0.015625
0 0.259375 0.8453125 0.034375 0.0375
0 0.24375 0.77421875 0.028125 0.0296875
0 0.2015625 0.7296875 0.025 0.0375
0 0.7125 0.6734375 0.05 0.046875
0 0.53671875 0.79375 0.0328125 0.040625
0 0.684375 0.3125 0.015625 0.01875
0 0.6265625 0.27890625 0.01875 0.0234375
0 0.30546875 0.09453125 0.0234375 0.0265625
0 0.225 0.05390625 0.028125 0.0328125
0 1.3765625 0.40859375 0.01875 0.0234375
0 1.29453125 0.40546875 0.0140625 0.0203125
0 0.75625 0.35703125 0.015625 0.0171875
0 0.90078125 0.4328125 0.0140625 0.015625
0 0.84609375 0.41796875 0.0140625 0.0171875
0 0.8015625 0.37734375 0.015625 0.0234375
0 0.48984375 0.190625 0.0203125 0.028125
