0 1.22578125 1.021875 0.0890625 0.090625
0 1.17265625 0.80703125 0.0671875 0.0734375
0 1.2796875 0.69453125 0.053125 0.0703125
0 1.46015625 0.78359375 0.0390625 0.0734375
0 1.115625 0.68359375 0.065625 0.0640625
0 0.71171875 1.0171875 0.0796875 0.09375
0 0.77578125 0.77578125 0.0578125 0.0734375
0 0.4421875 1.0359375 0.090625 0.0625
0 0.11640625 0.92265625 0.0859375 0.1078125
0 0.384375 0.84609375 0.053125 0.0703125
0 0.2203125 0.778125 0.06875 0.078125
0 0.48515625 0.70546875 0.0546875 0.0640625
0 0.428125 0.6359375 0.025 0.046875
0 0.553125 0.5890625 0.04375 0.053125
0 0.40703125 0.57421875 0.0421875 0.0484375
0 0.278125 0.5828125 0.0375 0.0375
0 0.1484375 0.5625 0.05 0.053125
0 0.040625 0.5875 0.04375 0.046875
0 0.390625 0.4421875 0.034375 0.046875
0 0.23671875 0.46328125 0.0234375 0.0421875
0 0.24765625 0.4375 0.0234375 0.03125
0 0.2859375 0.41953125 0.01875 0.0328125
0 0.28125 0.38828125 0.025 0.0265625
0 0.128125 0.45234375 0.028125 0.0328125
0 0.140625 0.44375 0.015625 0.01875
0 0.1859375 0.3640625 0.021875 0.028125
0 0.10234375 0.39375 0.0234375 0.034375
0 0.1125 0.340625 0.015625 0.01875
0 0.07578125 0.33046875 0.0140625 0.0265625
0 0.05703125 0.296875 0.0140625 0.01875
0 0.07265625 0.2921875 0.0171875 0.021875
0 0.19296875 0.3375 0.0234375 0.021875
0 0.25390625 0.33671875 0.0109375 0.0234375
0 0.234375 0.3109375 0.015625 0.021875
0 0.2203125 0.2953125 0.01875 0.021875
0 0.18203125 0.315625 0.0140625 0.015625
0 0.18359375 0.2984375 0.0171875 0.01875
0 0.17421875 0.2953125 0.0140625 0.01875
0 0.159375 0.29375 0.015625 0.015625
0 0.1796875 0.28671875 0.0125 0.0140625
0 0.26015625 0.309375 0.0109375 0.021875
0 0.09921875 0.31015625 0.0171875 0.0203125
0 0.1421875 0.27578125 0.0125 0.0171875
0 0.10625 0.24375 0.025 0.0125
0 0.0609375 0.2515625 0.015625 0.01875
0 0.03203125 0.22421875 0.0140625 0.0140625
0 0.19296875 0.25 0.0109375 0.0125
0 0.23984375 0.2421875 0.0140625 0.0125
0 0.0078125 0.2671875 0.015625 0.01875
0 0.20390625 0.26953125 0.0109375 0.0171875
0 0.25234375 0.253125 0.0140625 0.015625
0 0.28515625 0.2515625 0.0109375 0.01875
0 0.3203125 0.37265625 0.015625 0.0234375
0 0.23828125 0.2171875 0.0109375 0.015625
0 0.25 0.2203125 0.009375 0.0125
0 0.265625 0.23828125 0.0125 0.0171875
0 0.29140625 0.26015625 0.0109375 0.0140625
0 0.2875 0.228125 0.0125 0.0125
0 0.27734375 0.225 0.0109375 0.015625
0 0.396875 0.378125 0.021875 0.028125
0 0.37890625 0.34921875 0.0203125 0.0234375
0 0.4140625 0.34609375 0.01875 0.0203125
0 0.44453125 0.2875 0.0171875 0.01875
0 0.45625 0.278125 0.015625 0.015625
0 0.4890625 0.2765625 0.021875 0.021875
0 0.62265625 0.4125 0.0296875 0.040625
0 0.32109375 0.26953125 0.0078125 0.0109375
0 0.31484375 0.2359375 0.0171875 0.015625
0 0.3703125 0.23515625 0.015625 0.0171875
0 0.396875 0.26875 0.015625 0.015625
0 0.38828125 0.25234375 0.0140625 0.0140625
0 0.4125 0.25703125 0.0125 0.0140625
0 0.41640625 0.2484375 0.0109375 0.0125
0 0.4359375 0.2375 0.015625 0.015625
0 0.51015625 0.3984375 0.0265625 0.034375
0 0.5453125 0.36015625 0.021875 0.0296875
0 0.565625 0.33984375 0.028125 0.0296875
0 0.5484375 0.3078125 0.015625 0.025
0 0.48125 0.44296875 0.025 0.0328125
0 0.5109375 0.45 0.03125 0.0375
0 0.66015625 0.309375 0.0296875 0.028125
0 0.46796875 0.22109375 0.0109375 0.0140625
0 0.70625 0.4640625 0.03125 0.040625
0 0.7203125 0.41875 0.03125 0.04375
0 0.60625 0.31015625 0.015625 0.0203125
0 0.65078125 0.26015625 0.0203125 0.0171875
0 0.5484375 0.2625 0.0125 0.01875
0 0.55546875 0.2640625 0.0109375 0.01875
0 0.67890625 0.2546875 0.0078125 0.0125
0 0.684375 0.25703125 0.009375 0.0203125
0 0.38515625 0.2328125 0.0140625 0.015625
0 0.40546875 0.22421875 0.0140625 0.0171875
0 0.4234375 0.22109375 0.0125 0.0140625
0 0.44609375 0.209375 0.0140625 0.0125
0 0.4734375 0.21015625 0.0125 0.0140625
0 0.465625 0.2359375 0.0125 0.01875
0 0.478125 0.23671875 0.0125 0.0140625
0 0.490625 0.228125 0.009375 0.009375
0 0.503125 0.221875 0.0125 0.0125
0 0.50546875 0.2671875 0.0140625 0.025
0 0.4671875 0.5078125 0.03125 0.04375
0 0.7265625 0.33828125 0.015625 0.0234375
0 0.5328125 0.4265625 0.028125 0.0375
0 0.3421875 0.24921875 0.0125 0.0171875
0 0.55625 0.2234375 0.0125 0.015625
0 0.5640625 0.21640625 0.0125 0.0140625
0 0.621875 0.3125 0.0125 0.01875
0 0.34609375 0.17734375 0.0109375 0.0109375
0 0.4546875 0.18125 0.009375 0.009375
0 0.40859375 0.1859375 0.0109375 0.009375
0 0.5171875 0.178125 0.0125 0.0125
0 0.5546875 0.17109375 0.009375 0.0140625
0 0.60703125 0.171875 0.0109375 0.0125
0 0.575 0.1703125 0.009375 0.0125
0 0.56640625 0.1703125 0.0078125 0.009375
0 0.66171875 0.16171875 0.0078125 0.0140625
0 0.60078125 0.14140625 0.0078125 0.0109375
0 0.703125 0.21640625 0.009375 0.0140625
0 0.74921875 0.2421875 0.0140625 0.01875
0 0.75546875 0.25859375 0.0140625 0.0171875
0 0.74609375 0.225 0.0109375 0.015625
0 0.67265625 0.17578125 0.0109375 0.0109375
0 0.63203125 0.1796875 0.0109375 0.0125
0 0.66484375 0.18984375 0.0078125 0.0109375
0 0.69140625 0.19453125 0.0140625 0.0140625
0 0.75 0.2046875 0.0125 0.015625
0 0.74296875 0.1953125 0.0109375 0.015625
0 0.7328125 0.18359375 0.009375 0.0140625
0 0.71953125 0.1703125 0.0140625 0.015625
0 0.72265625 0.15390625 0.0109375 0.0109375
0 0.703125 0.27265625 0.01875 0.0203125
0 0.715625 0.29921875 0.021875 0.0203125
0 0.7359375 0.309375 0.021875 0.025
0 0.7734375 0.2859375 0.015625 0.01875
0 0.78046875 0.2984375 0.0109375 0.015625
0 0.7171875 0.25703125 0.0125 0.0140625
0 0.81953125 0.33359375 0.0203125 0.0265625
0 0.84453125 0.29296875 0.0140625 0.0203125
0 0.86796875 0.3015625 0.0140625 0.021875
0 0.88515625 0.3203125 0.0203125 0.01875
0 0.884375 0.28828125 0.0125 0.0234375
0 0.809375 0.271875 0.015625 0.01875
0 0.79765625 0.2625 0.0140625 0.015625
0 0.57109375 0.2671875 0.0078125 0.01875
0 0.5671875 0.27109375 0.0125 0.0140625
0 0.12265625 0.28203125 0.0171875 0.0265625
0 0.246875 0.2765625 0.015625 0.01875
0 0.21171875 0.23515625 0.0109375 0.0171875
0 0.8640625 0.378125 0.01875 0.025
0 0.92890625 0.37890625 0.0203125 0.0265625
0 0.990625 0.3875 0.025 0.021875
0 0.98359375 0.33828125 0.0171875 0.0265625
0 0.909375 0.3234375 0.015625 0.01875
0 0.94140625 0.27890625 0.0140625 0.0234375
0 0.90859375 0.27109375 0.0140625 0.0171875
0 0.97578125 0.26484375 0.0171875 0.0171875
0 0.99453125 0.27109375 0.0171875 0.0203125
0 0.82734375 0.31953125 0.0203125 0.0109375
0 0.67734375 0.20859375 0.0109375 0.0109375
0 0.71796875 0.22421875 0.0109375 0.0140625
0 0.78671875 0.2328125 0.0140625 0.0125
0 0.73671875 0.2234375 0.0109375 0.015625
0 0.74375 0.16015625 0.009375 0.0140625
0 0.7640625 0.1875 0.0125 0.0125
0 0.78203125 0.1765625 0.0109375 0.0125
0 0.77421875 0.17734375 0.0078125 0.0109375
0 0.8046875 0.19140625 0.009375 0.0140625
0 0.796875 0.19453125 0.009375 0.0140625
0 0.8015625 0.17109375 0.009375 0.0109375
0 0.8328125 0.18984375 0.0125 0.0171875
0 0.834375 0.20703125 0.009375 0.0140625
0 0.84296875 0.21875 0.0140625 0.0125
0 0.82734375 0.17421875 0.0109375 0.0109375
0 0.78828125 0.1578125 0.0109375 0.0125
0 0.81953125 0.23515625 0.0140625 0.0203125
0 0.8296875 0.2546875 0.0125 0.01875
0 0.859375 0.240625 0.015625 0.01875
0 0.8796875 0.21640625 0.0125 0.0140625
0 0.82265625 0.159375 0.0078125 0.0125
0 0.85625 0.17265625 0.009375 0.0109375
0 0.8625 0.1625 0.009375 0.0125
0 0.84765625 0.15859375 0.0109375 0.0140625
0 0.87109375 0.19609375 0.0078125 0.0140625
0 0.86796875 0.18671875 0.0109375 0.0140625
0 0.88125 0.17890625 0.009375 0.0140625
0 0.8828125 0.19765625 0.009375 0.0078125
0 0.86875 0.17421875 0.009375 0.0109375
0 0.9421875 0.2578125 0.015625 0.015625
0 0.93125 0.25546875 0.0125 0.0140625
0 0.903125 0.25546875 0.015625 0.0203125
0 0.8890625 0.24765625 0.0125 0.0234375
0 0.91484375 0.2265625 0.0140625 0.01875
0 0.96640625 0.25390625 0.0140625 0.0171875
0 0.95234375 0.2390625 0.0140625 0.015625
0 0.90390625 0.20078125 0.0140625 0.0171875
0 0.91875 0.18984375 0.0125 0.0140625
0 0.93984375 0.19609375 0.0109375 0.0171875
0 0.94296875 0.18125 0.0078125 0.015625
0 0.95390625 0.1984375 0.0109375 0.0125
0 0.96328125 0.203125 0.0109375 0.01875
0 0.9796875 0.19140625 0.009375 0.0140625
0 0.97890625 0.178125 0.0109375 0.0125
0 1.01484375 0.2 0.0140625 0.01875
0 0.953125 0.16015625 0.009375 0.0140625
0 0.99140625 0.15546875 0.0109375 0.0109375
0 1.00078125 0.17578125 0.0109375 0.0140625
0 0.84921875 0.13671875 0.0109375 0.0140625
0 0.88046875 0.12734375 0.0078125 0.0078125
0 1.06640625 0.2890625 0.0171875 0.021875
0 1.02890625 0.2734375 0.0171875 0.01875
0 0.98515625 0.16484375 0.0109375 0.0140625
0 1.0234375 0.17265625 0.0125 0.0109375
0 1.02421875 0.1609375 0.0109375 0.015625
0 1.0390625 0.178125 0.0125 0.015625
0 1.0375 0.203125 0.0125 0.015625
0 1.0265625 0.24453125 0.015625 0.0140625
0 1.059375 0.1765625 0.0125 0.015625
0 1.0734375 0.18046875 0.0125 0.0140625
0 1.00078125 0.1609375 0.0140625 0.0125
0 1.096875 0.18203125 0.009375 0.0140625
0 1.0765625 0.20703125 0.009375 0.0140625
0 1.0109375 0.146875 0.009375 0.009375
0 1.06640625 0.15703125 0.0109375 0.0171875
0 1.08359375 0.159375 0.0109375 0.015625
0 1.1046875 0.165625 0.0125 0.0125
0 1.11328125 0.17890625 0.0109375 0.0109375
0 1.1265625 0.2 0.0125 0.01875
0 1.11015625 0.15234375 0.0109375 0.0109375
0 1.1203125 0.16953125 0.0125 0.0140625
0 1.13671875 0.171875 0.0140625 0.0125
0 1.14375 0.19296875 0.009375 0.0171875
0 1.084375 0.14375 0.009375 0.009375
0 1.1171875 0.1390625 0.009375 0.0125
0 1.14921875 0.16640625 0.0109375 0.0140625
0 1.1640625 0.16328125 0.0125 0.0140625
0 1.05703125 0.146875 0.0109375 0.009375
0 1.04921875 0.13828125 0.0109375 0.0109375
0 1.1125 0.128125 0.00625 0.009375
0 1.03203125 0.1359375 0.0109375 0.0125
0 1.103125 0.2265625 0.009375 0.015625
0 1.13125 0.22421875 0.015625 0.0140625
0 1.15234375 0.21875 0.0109375 0.015625
0 1.1546875 0.19296875 0.0125 0.0140625
0 1.1703125 0.18671875 0.0125 0.0171875
0 1.1828125 0.1984375 0.0125 0.01875
0 1.0703125 0.26484375 0.01875 0.0203125
0 1.10859375 0.24921875 0.0140625 0.0171875
0 1.11796875 0.2640625 0.0140625 0.01875
0 1.125 0.2546875 0.01875 0.021875
0 1.159375 0.28125 0.01875 0.021875
0 1.1671875 0.14609375 0.009375 0.0109375
0 1.1875 0.14296875 0.009375 0.0109375
0 1.1953125 0.19140625 0.0125 0.0140625
0 1.19921875 0.17109375 0.0140625 0.0140625
0 1.21328125 0.1453125 0.0109375 0.009375
0 1.2234375 0.2015625 0.015625 0.015625
0 1.215625 0.16328125 0.0125 0.0140625
0 1.2234375 0.14765625 0.009375 0.0140625
0 1.26796875 0.1453125 0.0109375 0.0125
0 1.27421875 0.18046875 0.0109375 0.0171875
0 1.290625 0.21328125 0.015625 0.0171875
0 1.3109375 0.2125 0.015625 0.01875
0 1.29296875 0.19453125 0.0140625 0.0140625
0 1.30390625 0.18515625 0.0140625 0.0140625
0 1.2890625 0.17734375 0.0125 0.0140625
0 1.3 0.20390625 0.0125 0.0140625
0 1.31875 0.18125 0.0125 0.015625
0 1.3578125 0.1875 0.015625 0.015625
0 1.36640625 0.20234375 0.0171875 0.0171875
0 1.3625 0.21875 0.015625 0.015625
0 1.33203125 0.17890625 0.0140625 0.0171875
0 1.340625 0.16953125 0.0125 0.0140625
0 1.3484375 0.1546875 0.0125 0.0125
0 1.31171875 0.14296875 0.0109375 0.0109375
0 1.37265625 0.1625 0.0109375 0.015625
0 1.06875 0.4765625 0.025 0.040625
0 1.046875 0.4796875 0.03125 0.034375
0 1.03984375 0.36640625 0.0265625 0.0328125
0 1.07265625 0.34609375 0.0265625 0.0296875
0 1.0765625 0.31171875 0.025 0.0203125
0 1.1046875 0.30703125 0.015625 0.0203125
0 1.12265625 0.3234375 0.0203125 0.025
0 1.13359375 0.34296875 0.0234375 0.0265625
0 1.2078125 0.3609375 0.025 0.028125
0 1.19765625 0.31328125 0.0203125 0.0265625
0 1.253125 0.36484375 0.025 0.0265625
0 1.265625 0.31953125 0.021875 0.0265625
0 1.21484375 0.29765625 0.0171875 0.0234375
0 1.1890625 0.2484375 0.009375 0.01875
0 1.23828125 0.26484375 0.0171875 0.0234375
0 1.246875 0.24453125 0.015625 0.0140625
0 1.27109375 0.25390625 0.0171875 0.0171875
0 1.2953125 0.25703125 0.009375 0.0203125
0 1.26484375 0.28515625 0.0109375 0.0203125
0 1.20859375 0.2421875 0.0140625 0.01875
0 1.29765625 0.32421875 0.0171875 0.0296875
0 1.32109375 0.365625 0.0265625 0.028125
0 1.340625 0.41796875 0.0375 0.0453125
0 1.23046875 0.434375 0.0234375 0.034375
0 1.46484375 0.4375 0.0234375 0.0375
0 1.5359375 0.39921875 0.034375 0.0359375
0 1.34375 0.31484375 0.01875 0.0203125
0 1.3375 0.26640625 0.01875 0.0203125
0 1.35390625 0.2578125 0.0171875 0.021875
0 1.4546875 0.246875 0.009375 0.015625
0 1.56796875 0.36171875 0.0234375 0.0265625
0 1.55546875 0.30234375 0.0234375 0.0265625
0 1.58671875 0.30234375 0.0171875 0.0234375
0 1.51796875 0.27421875 0.0203125 0.0265625
0 1.52890625 0.215625 0.0171875 0.021875
0 1.55625 0.21484375 0.01875 0.0171875
0 1.58125 0.2234375 0.015625 0.015625
0 1.57421875 0.1953125 0.0140625 0.015625
0 1.58671875 0.19765625 0.0109375 0.0140625
0 1.59375 0.203125 0.009375 0.0125
0 1.5953125 0.17109375 0.00625 0.0203125
0 1.4578125 0.2171875 0.01875 0.01875
0 1.45390625 0.1953125 0.0171875 0.01875
0 1.41796875 0.20390625 0.0140625 0.0171875
0 1.40546875 0.19296875 0.0140625 0.0171875
0 1.43671875 0.16328125 0.0140625 0.0140625
0 1.415625 0.15390625 0.009375 0.0109375
0 1.55703125 0.13984375 0.0109375 0.0109375
0 1.56171875 0.13046875 0.0109375 0.0109375
0 1.55625 0.13359375 0.009375 0.0109375
0 1.59140625 0.11953125 0.0109375 0.0109375
0 0.0625 0.20703125 0.009375 0.0140625
0 0.4203125 0.178125 0.009375 0.0125
0 0.4984375 0.15703125 0.009375 0.0109375
0 1.22421875 0.16796875 0.0109375 0.0140625
0 1.29375 0.12578125 0.009375 0.0078125
0 1.2828125 0.115625 0.00625 0.0125
0 1.2515625 0.12265625 0.00625 0.0078125
0 1.2796875 0.13203125 0.00625 0.0078125
0 1.265625 0.11640625 0.00625 0.0078125
0 1.26328125 0.10078125 0.0046875 0.0078125
