0 1.0125 0.86796875 0.09375 0.0640625
0 0.79765625 0.87734375 0.1109375 0.0453125
0 0.6875 0.87734375 0.09375 0.0453125
0 0.971875 0.75234375 0.071875 0.0671875
0 1.1140625 0.7328125 0.071875 0.08125
0 1.24765625 0.74140625 0.0640625 0.0703125
0 0.7890625 0.6265625 0.0625 0.06875
0 0.6609375 0.6 0.053125 0.059375
0 0.6359375 0.82890625 0.09375 0.1109375
0 0.784375 0.80546875 0.071875 0.0515625
0 0.57734375 0.825 0.0984375 0.1
0 0.425 0.878125 0.1125 0.04375
0 0.20078125 0.7859375 0.0796875 0.09375
0 0.5234375 0.5546875 0.053125 0.05625
0 1.546875 0.46796875 0.040625 0.0515625
0 1.4109375 0.4859375 0.0375 0.040625
0 1.2578125 0.603125 0.05 0.053125
0 1.2890625 0.57578125 0.046875 0.0515625
0 0.465625 0.49609375 0.0375 0.0421875
0 0.21875 0.5875 0.0375 0.040625
0 0.35 0.6234375 0.05 0.05625
0 0.30390625 0.50234375 0.0390625 0.0421875
0 0.3875 0.52265625 0.040625 0.0484375
0 0.26953125 0.653125 0.0484375 0.059375
0 0.05546875 0.56875 0.0421875 0.0625
0 0.08359375 0.5015625 0.0328125 0.040625
0 0.14609375 0.55703125 0.0390625 0.0484375
0 0.265625 0.56640625 0.040625 0.0453125
0 0.68359375 0.5484375 0.0515625 0.053125
0 0.97890625 0.396875 0.0359375 0.040625
0 1.45546875 0.51015625 0.0390625 0.0421875
0 1.58203125 0.42265625 0.0359375 0.0453125
0 0.44140625 0.5015625 0.0359375 0.046875
0 1.5296875 0.8546875 0.084375 0.090625
0 1.384375 0.86484375 0.075 0.0703125
0 1.33359375 0.70234375 0.0578125 0.0796875
0 1.5671875 0.621875 0.053125 0.05625
0 1.5625 0.5359375 0.046875 0.053125
