0 1.24453125 0.559375 0.0109375 0.009375
0 1.1859375 0.55703125 0.009375 0.0140625
0 1.1875 0.51875 0.00625 0.0125
0 1.11328125 0.36953125 0.0546875 0.1140625
0 1.0359375 0.3859375 0.05625 0.059375
0 0.8671875 0.3234375 0.05 0.04375
0 0.6984375 0.36640625 0.05 0.0640625
0 0.31484375 0.471875 0.0140625 0.01875
0 0.47890625 0.47265625 0.0140625 0.0140625
0 0.57734375 0.5015625 0.0171875 0.021875
0 0.36875 0.49296875 0.009375 0.0140625
0 0.43671875 0.47265625 0.0078125 0.0109375
0 0.4203125 0.48046875 0.00625 0.0140625
0 0.09140625 0.50234375 0.0203125 0.0203125
0 0.13203125 0.50546875 0.0171875 0.0265625
0 0.2 0.46015625 0.009375 0.0078125
0 0.14296875 0.459375 0.0078125 0.009375
0 0.05859375 0.4703125 0.0078125 0.009375
0 0.12421875 0.4625 0.0046875 0.009375
