0 1.52421875 0.64140625 0.0359375 0.0421875
0 1.58359375 0.56953125 0.0296875 0.0453125
0 1.56171875 0.51640625 0.0359375 0.0453125
0 1.5375 0.46171875 0.03125 0.0390625
0 1.59453125 0.40546875 0.0109375 0.0421875
0 1.5046875 0.4140625 0.03125 0.040625
0 1.39140625 0.653125 0.0359375 0.046875
0 1.44140625 0.575 0.0359375 0.046875
0 1.4421875 0.528125 0.0375 0.040625
0 1.40625 0.4546875 0.0375 0.046875
0 1.38671875 0.43671875 0.0328125 0.0390625
0 1.415625 0.36875 0.034375 0.04375
0 1.3484375 0.584375 0.0375 0.040625
0 1.26796875 0.628125 0.0390625 0.040625
0 1.23515625 0.57421875 0.0390625 0.0484375
0 1.3140625 0.52890625 0.040625 0.0390625
0 1.27734375 0.46015625 0.0328125 0.0453125
0 1.28515625 0.42734375 0.0296875 0.0359375
0 1.26484375 0.3796875 0.0359375 0.04375
0 1.23359375 0.3390625 0.0359375 0.040625
0 1.1640625 0.59921875 0.040625 0.0453125
0 1.2015625 0.509375 0.034375 0.04375
0 1.1125 0.5484375 0.040625 0.05
0 1.15625 0.48984375 0.034375 0.0359375
0 1.1875 0.453125 0.03125 0.04375
0 1.16875 0.40390625 0.03125 0.0359375
0 1.07890625 0.4796875 0.0359375 0.046875
0 1.01484375 0.625 0.0390625 0.04375
0 0.98671875 0.528125 0.0390625 0.05
0 1.03125 0.46953125 0.034375 0.0390625
0 1.0765625 0.43359375 0.0375 0.0390625
0 1.04921875 0.3375 0.0328125 0.05
0 1.01640625 0.3390625 0.0359375 0.040625
0 1.56796875 0.28828125 0.0328125 0.0421875
0 1.4515625 0.30859375 0.03125 0.0421875
0 1.4203125 0.3109375 0.03125 0.0375
0 1.30859375 0.30390625 0.0359375 0.0328125
0 1.13359375 0.31328125 0.0328125 0.0421875
0 1.2015625 0.2984375 0.03125 0.0375
0 0.95625 0.484375 0.0375 0.046875
0 0.9625 0.41875 0.034375 0.025
0 0.88046875 0.66796875 0.0328125 0.0421875
0 0.81953125 0.6828125 0.0578125 0.078125
0 0.846875 0.54765625 0.0375 0.0484375
0 0.871875 0.54765625 0.021875 0.0390625
0 0.90625 0.46875 0.034375 0.04375
0 0.8546875 0.43984375 0.034375 0.0421875
0 0.9265625 0.359375 0.034375 0.040625
0 0.90859375 0.334375 0.0328125 0.034375
0 0.8375 0.3484375 0.034375 0.040625
0 0.7453125 0.66640625 0.034375 0.0421875
0 0.634375 0.65234375 0.034375 0.0453125
0 0.715625 0.56015625 0.040625 0.0515625
0 0.725 0.49296875 0.0375 0.0453125
0 0.77109375 0.42734375 0.0390625 0.0453125
0 0.73515625 0.4125 0.0328125 0.046875
0 0.71640625 0.36640625 0.0328125 0.0421875
0 0.6140625 0.578125 0.03125 0.04375
0 0.63203125 0.46171875 0.0296875 0.0453125
0 0.57890625 0.48125 0.0359375 0.053125
0 0.6328125 0.409375 0.034375 0.04375
0 0.61328125 0.33359375 0.0328125 0.0453125
0 0.54921875 0.3234375 0.0328125 0.0375
0 0.496875 0.63359375 0.0375 0.0421875
0 0.509375 0.5796875 0.0375 0.046875
0 0.5046875 0.46484375 0.0375 0.0421875
0 0.42578125 0.48671875 0.0359375 0.0421875
0 0.5109375 0.41875 0.034375 0.0375
0 0.50625 0.35859375 0.034375 0.0421875
0 0.37578125 0.6140625 0.0421875 0.053125
0 0.3984375 0.6015625 0.03125 0.040625
0 0.37578125 0.48125 0.0359375 0.05
0 0.39375 0.41796875 0.0375 0.0453125
0 0.40625 0.3875 0.034375 0.034375
0 0.4109375 0.32421875 0.034375 0.0390625
0 0.30703125 0.3296875 0.0390625 0.040625
0 0.28125 0.35390625 0.034375 0.0359375
0 0.27890625 0.39609375 0.0390625 0.0453125
0 0.26171875 0.48203125 0.0328125 0.0390625
0 0.2890625 0.5359375 0.034375 0.040625
0 0.27109375 0.590625 0.0359375 0.04375
0 0.2546875 0.66328125 0.0375 0.0484375
0 0.12265625 0.60859375 0.0359375 0.0515625
0 0.1421875 0.58359375 0.0375 0.0515625
0 0.1765625 0.49375 0.0375 0.046875
0 0.16796875 0.4609375 0.0359375 0.040625
0 0.178125 0.3640625 0.034375 0.04375
0 0.19609375 0.32578125 0.0328125 0.0359375
0 0.0140625 0.56171875 0.025 0.0453125
0 0.03125 0.4671875 0.0375 0.046875
0 0.0484375 0.403125 0.0375 0.046875
0 0.059375 0.36953125 0.03125 0.0328125
0 0.07734375 0.3109375 0.0359375 0.034375
