0 0.190625 0.434375 0.040625 0.05625
0 0.340625 0.41875 0.040625 0.046875
0 0.38359375 0.25390625 0.0265625 0.0359375
0 0.46953125 0.25546875 0.0234375 0.0171875
0 0.5484375 0.35703125 0.025 0.0171875
0 0.56484375 0.46640625 0.0359375 0.0453125
0 1.4953125 0.41640625 0.05 0.0609375
0 1.34453125 0.41484375 0.0390625 0.0515625
0 1.33515625 0.24765625 0.0421875 0.0515625
0 1.58359375 0.33515625 0.0234375 0.0296875
0 1.4640625 0.3078125 0.025 0.028125
0 1.1015625 0.4890625 0.05 0.059375
0 1.1640625 0.37109375 0.01875 0.0296875
0 1.17578125 0.28125 0.0203125 0.01875
0 1.13359375 0.2828125 0.0203125 0.015625
0 1.05625 0.2296875 0.01875 0.025
0 0.98359375 0.28828125 0.0203125 0.0234375
0 0.875 0.31953125 0.01875 0.0265625
0 0.79453125 0.290625 0.0109375 0.015625
0 0.73125 0.2953125 0.015625 0.01875
0 1.45234375 0.87265625 0.1140625 0.1421875
0 0.43984375 0.28359375 0.0265625 0.0171875
