0 0.021875 0.15 0.04375 0.08125
0 0.1328125 0.153125 0.059375 0.059375
0 0.284375 0.17265625 0.06875 0.0734375
0 0.38046875 0.1453125 0.0609375 0.0625
0 0.3953125 0.36796875 0.121875 0.1578125
0 0.746875 0.178125 0.125 0.184375
0 1.0625 0.28125 0.09375 0.153125
0 1.28671875 0.078125 0.0859375 0.090625
0 0.9515625 0.1890625 0.075 0.084375
0 1.09765625 0.11171875 0.0640625 0.0703125
0 1.1796875 0.1765625 0.071875 0.065625
0 1.434375 0.10859375 0.06875 0.0671875
0 1.52578125 0.11796875 0.0484375 0.0484375
0 1.5859375 0.08203125 0.025 0.0984375
0 0.65703125 0.14921875 0.0515625 0.0578125
