0 0.3171875 0.3015625 0.040625 0.05625
0 0.45234375 0.2875 0.0390625 0.05
0 0.365625 0.42890625 0.040625 0.0515625
0 0.23671875 0.45 0.0359375 0.053125
0 0.4171875 0.35234375 0.034375 0.0453125
0 0.325 0.36328125 0.034375 0.0484375
0 0.371875 0.38828125 0.040625 0.0546875
0 0.54140625 0.34375 0.0390625 0.053125
0 0.4765625 0.45625 0.0375 0.046875
0 0.603125 0.39921875 0.040625 0.0546875
0 0.84375 0.375 0.04375 0.0625
0 0.67265625 0.3578125 0.0359375 0.046875
0 0.5953125 0.29765625 0.0375 0.0515625
0 0.71484375 0.31953125 0.0296875 0.0484375
0 0.83984375 0.2890625 0.0390625 0.046875
0 1.275 0.353125 0.0375 0.04375
0 1.22890625 0.29140625 0.0421875 0.0515625
0 1.09921875 0.30703125 0.0390625 0.0515625
0 1.15234375 0.38515625 0.0390625 0.0453125
0 1.18125 0.43515625 0.04375 0.0484375
0 1.03359375 0.40078125 0.0359375 0.0578125
0 0.925 0.35703125 0.040625 0.0609375
0 0.97890625 0.30546875 0.0390625 0.0515625
0 0.815625 0.36015625 0.040625 0.0421875
0 1.02890625 0.378125 0.0328125 0.04375
