0 0.071875 0.25546875 0.0375 0.0484375
0 0.0484375 0.36875 0.04375 0.05625
0 0.23671875 0.121875 0.0359375 0.046875
0 0.35 0.11953125 0.034375 0.0265625
0 0.31015625 0.16328125 0.0265625 0.0421875
0 0.44609375 0.1484375 0.0296875 0.04375
0 0.575 0.13125 0.03125 0.040625
0 0.6796875 0.12421875 0.0375 0.0359375
0 0.621875 0.11484375 0.028125 0.0390625
0 0.7203125 0.1046875 0.025 0.025
0 0.75234375 0.075 0.0265625 0.04375
0 0.84765625 0.10234375 0.0265625 0.0421875
0 0.91953125 0.1203125 0.0296875 0.034375
0 1.07265625 0.09609375 0.0265625 0.0328125
0 1.340625 0.1328125 0.034375 0.04375
0 1.4890625 0.4046875 0.040625 0.05625
0 1.16015625 0.42109375 0.0421875 0.0421875
0 1.196875 0.41484375 0.03125 0.0671875
0 1.07578125 0.409375 0.0515625 0.065625
0 0.8890625 0.44296875 0.04375 0.0578125
0 0.90625 0.41171875 0.04375 0.0671875
0 0.7515625 0.4234375 0.04375 0.0625
0 0.66015625 0.40859375 0.0453125 0.0609375
0 0.5984375 0.43828125 0.04375 0.0671875
0 0.5703125 0.409375 0.040625 0.05625
0 0.48828125 0.4046875 0.0484375 0.0625
0 0.37265625 0.4046875 0.0390625 0.0625
0 0.30625 0.4 0.046875 0.06875
0 0.2171875 0.36796875 0.05 0.0640625
0 1.19921875 0.10078125 0.0359375 0.0515625
0 1.4359375 0.134375 0.034375 0.04375
0 0.7421875 0.12265625 0.021875 0.0296875
0 0.0203125 0.12109375 0.03125 0.0390625
