0 0.47578125 0.39453125 0.0140625 0.0234375
0 0.1671875 0.3703125 0.0125 0.021875
0 0.19140625 0.39296875 0.0203125 0.0265625
0 0.12265625 0.353125 0.0140625 0.025
0 0.13828125 0.37109375 0.0171875 0.0203125
0 0.20625 0.36796875 0.0125 0.0203125
0 0.8625 0.41328125 0.03125 0.0359375
0 1.5453125 0.36953125 0.015625 0.0203125
0 1.4484375 0.41796875 0.040625 0.0515625
0 1.4796875 0.3859375 0.040625 0.0375
0 0.29375 0.43359375 0.065625 0.0453125
0 0.240625 0.3765625 0.040625 0.04375
0 0.48828125 0.375 0.0234375 0.04375
0 0.50390625 0.365625 0.0015625 0.003125
0 0.50625 0.43828125 0.0375 0.0515625
0 0.54453125 0.37578125 0.0296875 0.0453125
0 0.51484375 0.38203125 0.0203125 0.0328125
0 0.65859375 0.3546875 0.0390625 0.053125
0 0.8015625 0.37421875 0.028125 0.0390625
0 0.925 0.4265625 0.04375 0.078125
0 0.98125 0.3765625 0.034375 0.0375
0 0.94140625 0.340625 0.0234375 0.03125
0 1.0796875 0.390625 0.03125 0.0375
0 1.0703125 0.490625 0.06875 0.1
0 1.21640625 0.459375 0.0515625 0.06875
0 1.29375 0.50234375 0.046875 0.0640625
0 1.309375 0.38984375 0.034375 0.0421875
0 1.37265625 0.38125 0.0296875 0.040625
0 1.35546875 0.38359375 0.0203125 0.0296875
0 1.19453125 0.35703125 0.0234375 0.0265625
0 1.2609375 0.365625 0.01875 0.025
0 0.0875 0.3796875 0.015625 0.05
0 1.12578125 0.37109375 0.0203125 0.0265625
0 1.18828125 0.41640625 0.0203125 0.0296875
