0 0.6609375 0.446875 0.021875 0.034375
0 0.68046875 0.45390625 0.0109375 0.0203125
0 0.69375 0.44765625 0.015625 0.0203125
0 0.7125 0.4546875 0.034375 0.034375
0 0.7578125 0.4484375 0.015625 0.01875
0 0.77421875 0.44296875 0.0203125 0.0296875
0 0.8125 0.47109375 0.01875 0.0171875
0 0.8328125 0.465625 0.015625 0.015625
0 0.85703125 0.4484375 0.0171875 0.025
0 0.871875 0.4484375 0.01875 0.028125
0 0.90390625 0.4515625 0.0234375 0.021875
0 0.93046875 0.4375 0.0140625 0.0125
0 0.97734375 0.46171875 0.0171875 0.0265625
0 1.003125 0.440625 0.015625 0.01875
0 1.04296875 0.45546875 0.0265625 0.0265625
0 1.0578125 0.446875 0.015625 0.021875
0 1.084375 0.44921875 0.015625 0.0171875
0 1.1671875 0.48046875 0.025 0.0296875
0 1.1703125 0.446875 0.01875 0.021875
0 1.20234375 0.45546875 0.0171875 0.0140625
0 1.23203125 0.4796875 0.0234375 0.021875
0 1.26484375 0.46015625 0.0140625 0.0171875
0 1.28671875 0.440625 0.0171875 0.021875
0 1.33203125 0.4609375 0.0234375 0.021875
0 1.22890625 0.45546875 0.0140625 0.0109375
0 1.24765625 0.45234375 0.0171875 0.0203125
0 1.34765625 0.4609375 0.0140625 0.01875
0 1.37421875 0.46484375 0.0171875 0.0140625
0 1.39375 0.46171875 0.01875 0.0171875
0 1.42265625 0.4671875 0.0171875 0.015625
0 1.44296875 0.45234375 0.0140625 0.0171875
0 0.9375 0.46640625 0.015625 0.0171875
0 1.01953125 0.44375 0.0109375 0.0125
0 0.1515625 0.47734375 0.025 0.0234375
0 0.22109375 0.46640625 0.0203125 0.0234375
0 0.24609375 0.4765625 0.0265625 0.025
0 0.26796875 0.45078125 0.0203125 0.0234375
0 0.36640625 0.47109375 0.0234375 0.0234375
0 0.396875 0.46796875 0.015625 0.0234375
0 0.3859375 0.446875 0.015625 0.01875
0 0.33984375 0.471875 0.0109375 0.015625
0 0.42890625 0.4625 0.0140625 0.01875
0 0.44921875 0.46171875 0.0203125 0.0234375
0 0.4875 0.46640625 0.01875 0.0140625
0 0.521875 0.46015625 0.021875 0.0265625
0 0.55390625 0.43984375 0.0203125 0.0171875
0 0.58828125 0.45390625 0.0140625 0.0171875
0 0.6078125 0.43046875 0.015625 0.0234375
0 0.6265625 0.44609375 0.015625 0.0265625
0 0.64375 0.4453125 0.015625 0.021875
