0 0.11328125 0.865625 0.0390625 0.034375
0 0.2359375 0.88125 0.03125 0.034375
0 0.3078125 0.92265625 0.084375 0.0890625
0 0.3796875 0.65390625 0.059375 0.0671875
0 0.4828125 0.82578125 0.021875 0.0328125
0 0.66484375 0.6796875 0.0546875 0.075
0 0.51171875 1.08984375 0.0703125 0.0921875
0 0.5984375 1.00703125 0.065625 0.0921875
0 0.70078125 1.040625 0.0703125 0.075
0 0.921875 1.0515625 0.075 0.09375
0 0.79765625 0.86796875 0.0671875 0.0828125
0 0.87734375 0.81171875 0.0734375 0.0671875
0 0.97578125 0.7921875 0.0609375 0.06875
0 1.1109375 0.73828125 0.071875 0.0765625
0 1.23671875 1.05 0.0703125 0.075
0 1.23828125 0.9421875 0.0703125 0.0875
0 1.55078125 0.9203125 0.0203125 0.025
0 1.503125 0.90625 0.01875 0.03125
0 0.01015625 0.86484375 0.0203125 0.0328125
