0 0.2171875 0.221875 0.05 0.0625
0 0.271875 0.146875 0.046875 0.0625
0 0.38515625 0.190625 0.0515625 0.06875
0 0.53984375 0.21484375 0.0453125 0.0671875
0 0.2015625 0.1265625 0.040625 0.053125
0 0.1625 0.0484375 0.046875 0.065625
0 0.21640625 0.4453125 0.0453125 0.0625
0 0.36328125 0.9734375 0.0546875 0.059375
0 0.48828125 0.93125 0.0546875 0.075
0 0.29453125 0.8109375 0.0484375 0.078125
0 0.1078125 0.815625 0.046875 0.06875
0 0.17421875 0.52421875 0.0484375 0.0796875
0 0.36953125 0.60234375 0.0515625 0.0703125
0 0.45546875 0.5265625 0.0515625 0.059375
0 0.30546875 0.53515625 0.0484375 0.0671875
0 0.28046875 0.95234375 0.0421875 0.0671875
0 0.503125 0.46875 0.046875 0.0625
0 1.1609375 0.44375 0.05 0.071875
0 1.484375 0.4484375 0.05 0.05625
0 1.3234375 0.346875 0.053125 0.05625
0 1.2578125 0.35703125 0.05 0.0578125
0 1.209375 0.3140625 0.046875 0.05
0 1.2546875 0.25703125 0.05625 0.0609375
0 1.103125 0.3875 0.046875 0.059375
0 1.3 0.075 0.05 0.0625
0 1.51015625 0.1390625 0.0515625 0.06875
0 1.35078125 0.46328125 0.0453125 0.0609375
0 1.153125 0.0953125 0.04375 0.05625
0 1.00078125 0.096875 0.0484375 0.059375
0 1.553125 0.30546875 0.046875 0.0515625
0 1.221875 0.515625 0.053125 0.0625
0 1.3921875 0.7609375 0.059375 0.075
0 1.50390625 0.621875 0.0515625 0.0625
0 1.21328125 0.6234375 0.0546875 0.071875
0 1.20859375 0.81640625 0.0609375 0.0703125
0 1.24765625 0.98984375 0.0609375 0.0796875
