0 0.18828125 0.42109375 0.0453125 0.0578125
0 0.2109375 0.515625 0.046875 0.053125
0 0.334375 0.39921875 0.04375 0.0515625
0 0.396875 0.3328125 0.040625 0.046875
0 0.3890625 0.5328125 0.046875 0.05625
0 0.546875 0.51484375 0.04375 0.0515625
0 0.4859375 0.371875 0.040625 0.05625
0 0.5546875 0.2984375 0.040625 0.05
0 0.640625 0.38203125 0.040625 0.0484375
0 0.70703125 0.52109375 0.0453125 0.0578125
0 0.73671875 0.2890625 0.0390625 0.053125
0 0.78671875 0.36875 0.0421875 0.053125
0 0.9125 0.28515625 0.040625 0.0484375
0 0.934375 0.3828125 0.040625 0.05
0 0.87578125 0.528125 0.0453125 0.053125
0 1.084375 0.29765625 0.0375 0.0484375
0 1.27421875 0.28203125 0.0390625 0.0515625
0 1.0984375 0.3953125 0.046875 0.053125
0 1.2375 0.39765625 0.04375 0.0515625
0 1.39296875 0.42890625 0.0484375 0.0453125
0 1.04765625 0.5390625 0.0453125 0.053125
0 1.21640625 0.5296875 0.0421875 0.04375
0 1.3734375 0.52265625 0.040625 0.0484375
