0 0.3078125 0.2109375 0.046875 0.04375
0 0.45 0.20234375 0.040625 0.0453125
0 0.59453125 0.2078125 0.0390625 0.046875
0 0.72578125 0.20390625 0.0421875 0.0515625
0 0.86484375 0.20390625 0.0359375 0.0421875
0 1.00546875 0.2125 0.0421875 0.046875
0 0.19765625 0.3234375 0.0421875 0.05
0 0.3515625 0.303125 0.040625 0.04375
0 0.49453125 0.3046875 0.0390625 0.05
0 0.64140625 0.2921875 0.0390625 0.05
0 0.7984375 0.3015625 0.04375 0.046875
0 0.95703125 0.29140625 0.0390625 0.0421875
0 0.2484375 0.4828125 0.046875 0.05
0 0.4390625 0.48984375 0.04375 0.0515625
0 0.6125 0.48046875 0.046875 0.0484375
0 0.79609375 0.478125 0.0421875 0.053125
0 0.9765625 0.4734375 0.040625 0.053125
0 0.1578125 0.625 0.053125 0.053125
0 0.36796875 0.64453125 0.0484375 0.0515625
0 0.58359375 0.6359375 0.0453125 0.053125
0 0.80078125 0.6421875 0.0453125 0.05
0 1.0 0.6375 0.04375 0.05625
0 1.12578125 0.20859375 0.0421875 0.0453125
0 1.2625 0.20390625 0.0375 0.0421875
0 1.44453125 0.3 0.0421875 0.046875
0 1.26640625 0.30078125 0.0421875 0.0453125
0 1.12734375 0.3 0.0453125 0.046875
0 1.171875 0.47734375 0.04375 0.0484375
0 1.36484375 0.4703125 0.0453125 0.053125
0 1.22109375 0.61875 0.0484375 0.053125
0 1.42265625 0.62109375 0.0484375 0.0515625
