0 0.08515625 0.35 0.0328125 0.04375
0 0.19765625 0.340625 0.0265625 0.0375
0 0.29609375 0.31640625 0.0296875 0.0421875
0 0.425 0.2984375 0.025 0.040625
0 0.465625 0.225 0.025 0.040625
0 0.60390625 0.22109375 0.0265625 0.0359375
0 0.73515625 0.21015625 0.0265625 0.0328125
0 0.565625 0.3 0.03125 0.0375
0 0.72265625 0.29765625 0.0265625 0.0359375
0 0.07890625 0.40546875 0.0265625 0.0390625
0 0.20703125 0.39921875 0.0296875 0.0390625
0 0.359375 0.3828125 0.03125 0.04375
0 0.50390625 0.36015625 0.0296875 0.0453125
0 0.64296875 0.384375 0.0265625 0.04375
0 0.7875 0.38046875 0.03125 0.0421875
0 0.10234375 0.53046875 0.0296875 0.0421875
0 0.25859375 0.5328125 0.0328125 0.04375
0 0.390625 0.53671875 0.03125 0.0453125
0 0.52265625 0.53515625 0.0328125 0.0421875
0 0.6484375 0.5375 0.034375 0.046875
0 0.77421875 0.54140625 0.0359375 0.0453125
0 0.878125 0.209375 0.03125 0.040625
0 0.8640625 0.29609375 0.034375 0.0421875
0 1.00546875 0.22421875 0.0296875 0.0390625
0 1.00234375 0.29140625 0.0328125 0.0484375
0 0.92734375 0.3875 0.0296875 0.046875
0 0.9078125 0.53671875 0.034375 0.0515625
0 1.03125 0.53125 0.034375 0.05
0 1.07421875 0.37421875 0.0296875 0.0421875
0 1.125 0.2234375 0.03125 0.040625
0 1.140625 0.30703125 0.025 0.0421875
0 1.2171875 0.37421875 0.034375 0.0453125
0 1.246875 0.2953125 0.03125 0.04375
0 1.35625 0.30546875 0.03125 0.0390625
0 1.35703125 0.37421875 0.0296875 0.0453125
0 1.46328125 0.315625 0.0296875 0.046875
0 1.50625 0.3703125 0.028125 0.040625
0 1.453125 0.521875 0.028125 0.04375
0 1.28359375 0.534375 0.0328125 0.05
0 1.153125 0.528125 0.034375 0.05
