0 0.14765625 0.309375 0.0390625 0.04375
0 0.26875 0.296875 0.034375 0.040625
0 0.39765625 0.3015625 0.0328125 0.034375
0 0.51796875 0.29453125 0.0296875 0.0421875
0 0.646875 0.2921875 0.03125 0.0375
0 0.765625 0.284375 0.0375 0.0375
0 0.87890625 0.30234375 0.0296875 0.0390625
0 0.2 0.43984375 0.034375 0.0390625
0 0.3296875 0.4359375 0.034375 0.040625
0 0.45703125 0.4296875 0.0328125 0.040625
0 0.55859375 0.4328125 0.0328125 0.0375
0 0.675 0.42890625 0.034375 0.0390625
0 0.7796875 0.4265625 0.0375 0.04375
0 0.1453125 0.58359375 0.04375 0.0390625
0 0.3484375 0.5734375 0.04375 0.046875
0 0.53359375 0.565625 0.0421875 0.0375
0 0.69296875 0.57109375 0.0359375 0.0390625
0 0.88671875 0.56953125 0.0390625 0.0515625
0 0.89453125 0.43359375 0.0328125 0.0421875
0 1.0 0.30234375 0.03125 0.0453125
0 1.00625 0.43515625 0.034375 0.0390625
0 1.07890625 0.5765625 0.0390625 0.04375
0 1.096875 0.31953125 0.03125 0.0421875
0 1.11484375 0.428125 0.0328125 0.040625
0 1.2046875 0.31171875 0.03125 0.0390625
0 1.22265625 0.4328125 0.0328125 0.04375
0 1.253125 0.56640625 0.04375 0.0453125
0 1.34296875 0.33125 0.0328125 0.0375
0 1.33125 0.4328125 0.034375 0.0375
0 1.47734375 0.33671875 0.0421875 0.0421875
0 1.434375 0.56796875 0.0375 0.0421875
