0 1.09765625 0.5578125 0.0390625 0.046875
0 0.12890625 0.7140625 0.0453125 0.040625
0 0.33203125 0.7015625 0.0421875 0.046875
0 0.51171875 0.71328125 0.0484375 0.0453125
0 0.67890625 0.71328125 0.0484375 0.0484375
0 0.8640625 0.72890625 0.04375 0.0484375
0 1.04453125 0.71953125 0.0453125 0.0484375
0 1.23203125 0.4 0.0390625 0.046875
0 1.31875 0.2859375 0.034375 0.040625
0 1.37578125 0.39140625 0.0421875 0.0421875
0 1.51328125 0.45703125 0.0421875 0.0421875
0 1.37734375 0.55390625 0.0421875 0.0453125
0 1.22578125 0.5578125 0.0421875 0.046875
0 1.2328125 0.7078125 0.04375 0.05
0 1.421875 0.71171875 0.046875 0.0515625
0 0.12734375 0.434375 0.0390625 0.05
0 0.36015625 0.28203125 0.0359375 0.0390625
0 0.46953125 0.27890625 0.0328125 0.0390625
0 0.58203125 0.27578125 0.0390625 0.0421875
0 0.69296875 0.2609375 0.0359375 0.04375
0 0.8125 0.27109375 0.0375 0.0421875
0 0.9375 0.27578125 0.03125 0.0390625
0 1.06328125 0.265625 0.0390625 0.04375
0 1.1921875 0.2796875 0.034375 0.040625
0 0.27109375 0.40234375 0.0390625 0.0421875
0 0.4078125 0.4 0.040625 0.04375
0 0.5234375 0.378125 0.0375 0.04375
0 0.6625 0.4109375 0.0375 0.04375
0 0.80859375 0.4078125 0.0390625 0.040625
0 0.94609375 0.41875 0.0359375 0.040625
0 1.084375 0.4171875 0.034375 0.040625
0 0.21484375 0.5546875 0.0390625 0.046875
0 0.37421875 0.56328125 0.0390625 0.0390625
0 0.5234375 0.5546875 0.040625 0.046875
0 0.6671875 0.54453125 0.04375 0.0453125
0 0.8015625 0.5484375 0.0375 0.046875
0 0.94609375 0.54921875 0.0453125 0.0453125
