0 0.540625 0.4609375 0.025 0.028125
0 0.7015625 0.553125 0.028125 0.028125
0 0.634375 0.39453125 0.025 0.0265625
0 0.059375 0.35859375 0.021875 0.0234375
0 0.18359375 0.36953125 0.0171875 0.0234375
0 0.27109375 0.3703125 0.0171875 0.01875
0 0.0875 0.30703125 0.01875 0.0265625
0 0.1703125 0.30546875 0.01875 0.0234375
0 0.24921875 0.30390625 0.0171875 0.0203125
0 0.08515625 0.271875 0.0234375 0.025
0 0.1578125 0.26796875 0.01875 0.0203125
0 0.23515625 0.26953125 0.0203125 0.0203125
0 0.05703125 0.2390625 0.0171875 0.01875
0 0.08984375 0.20078125 0.0203125 0.0234375
0 0.178125 0.2328125 0.015625 0.021875
0 0.2328125 0.23203125 0.01875 0.0234375
0 0.23984375 0.18984375 0.0171875 0.0234375
0 0.25625 0.17421875 0.015625 0.0203125
0 0.17734375 0.20625 0.0140625 0.01875
0 0.1703125 0.17578125 0.015625 0.0203125
0 0.36875 0.3609375 0.01875 0.025
0 0.453125 0.378125 0.01875 0.021875
0 0.359375 0.32265625 0.021875 0.0203125
0 0.4140625 0.2984375 0.021875 0.025
0 0.43359375 0.2734375 0.0171875 0.025
0 0.34453125 0.265625 0.0171875 0.021875
0 0.34921875 0.20703125 0.0171875 0.0203125
0 0.40859375 0.2421875 0.0171875 0.01875
0 0.3984375 0.21484375 0.0125 0.0171875
0 0.43125 0.21484375 0.015625 0.0203125
0 0.42421875 0.171875 0.0140625 0.01875
0 0.34296875 0.165625 0.0140625 0.015625
0 0.54375 0.36875 0.015625 0.021875
0 0.50546875 0.31171875 0.0203125 0.0265625
0 0.62890625 0.3515625 0.0171875 0.021875
0 0.6234375 0.30546875 0.01875 0.0234375
0 0.73203125 0.3625 0.0171875 0.021875
0 0.68671875 0.3109375 0.0171875 0.01875
0 0.5328125 0.27421875 0.015625 0.0203125
0 0.52734375 0.23515625 0.0171875 0.0203125
0 0.5171875 0.2078125 0.015625 0.021875
0 0.503125 0.16875 0.01875 0.021875
0 0.6 0.2609375 0.01875 0.025
0 0.58046875 0.23515625 0.0171875 0.0234375
0 0.603125 0.2140625 0.015625 0.021875
0 0.6046875 0.1765625 0.015625 0.021875
0 0.70390625 0.2734375 0.0140625 0.021875
0 0.71796875 0.1953125 0.0171875 0.028125
0 0.68046875 0.165625 0.0171875 0.021875
0 0.821875 0.36640625 0.01875 0.0234375
0 0.90078125 0.36015625 0.0203125 0.0265625
0 0.97890625 0.29140625 0.0203125 0.0296875
0 0.88359375 0.30390625 0.0171875 0.0265625
0 0.815625 0.3140625 0.01875 0.021875
0 0.7953125 0.27578125 0.01875 0.0234375
0 0.77890625 0.24453125 0.0171875 0.0234375
0 0.85390625 0.265625 0.0203125 0.025
0 0.95546875 0.23203125 0.0171875 0.0234375
0 0.95625 0.21171875 0.01875 0.0203125
0 0.93984375 0.17421875 0.0171875 0.0265625
0 0.8578125 0.19453125 0.025 0.0234375
0 0.83671875 0.1609375 0.0171875 0.021875
0 0.74921875 0.19375 0.0203125 0.021875
0 0.765625 0.16796875 0.015625 0.0234375
0 1.3140625 0.36015625 0.01875 0.0234375
0 1.38671875 0.37265625 0.0171875 0.0234375
0 1.44609375 0.3625 0.0171875 0.025
0 1.56484375 0.36875 0.0171875 0.025
0 1.54453125 0.30859375 0.0203125 0.0234375
0 1.5390625 0.27890625 0.01875 0.0234375
0 1.51640625 0.23359375 0.0171875 0.0234375
0 1.26640625 0.26484375 0.0203125 0.0234375
0 1.2390625 0.22734375 0.01875 0.0234375
0 1.32734375 0.22734375 0.0203125 0.0203125
0 1.42109375 0.209375 0.0171875 0.021875
0 1.50390625 0.196875 0.0171875 0.021875
0 1.590625 0.20859375 0.015625 0.0234375
0 1.23359375 0.1734375 0.0140625 0.021875
0 1.31953125 0.16796875 0.0171875 0.0234375
0 1.36328125 0.19453125 0.0140625 0.0234375
0 1.403125 0.16875 0.015625 0.021875
0 1.48671875 0.17890625 0.0171875 0.0265625
0 1.5703125 0.165625 0.01875 0.021875
0 1.2796875 0.31875 0.01875 0.021875
0 1.384375 0.3125 0.015625 0.025
0 1.4578125 0.31015625 0.01875 0.0234375
0 1.36171875 0.2828125 0.0171875 0.025
0 0.0515625 0.07109375 0.021875 0.0234375
0 0.1640625 0.0765625 0.01875 0.01875
0 0.1640625 0.053125 0.015625 0.01875
0 0.0859375 0.0171875 0.015625 0.01875
0 0.1609375 0.0203125 0.015625 0.01875
0 0.22421875 0.01015625 0.0140625 0.0140625
0 0.23984375 0.05625 0.0171875 0.021875
0 0.3125 0.0625 0.015625 0.021875
0 0.40390625 0.025 0.0140625 0.01875
0 0.4140625 0.07109375 0.0125 0.0140625
0 0.4875 0.065625 0.015625 0.01875
0 0.4734375 0.04921875 0.0125 0.0203125
0 0.4921875 0.02890625 0.0125 0.0203125
0 0.571875 0.05390625 0.0125 0.0203125
0 0.56640625 0.0109375 0.0140625 0.021875
0 0.8703125 0.0421875 0.015625 0.01875
0 0.89140625 0.01640625 0.0140625 0.0203125
0 0.78828125 0.034375 0.0203125 0.021875
0 0.80390625 0.0296875 0.0140625 0.021875
0 0.73125 0.0375 0.015625 0.021875
0 0.65078125 0.05078125 0.0171875 0.0203125
0 0.64453125 0.021875 0.0140625 0.01875
0 1.1703125 0.01953125 0.015625 0.0203125
0 1.25703125 0.040625 0.0140625 0.01875
0 1.33828125 0.0234375 0.0140625 0.015625
0 1.5796875 0.0796875 0.015625 0.01875
0 1.58828125 0.028125 0.0140625 0.021875
0 1.5546875 0.0390625 0.015625 0.021875
0 1.50859375 0.06015625 0.0171875 0.0203125
0 1.49140625 0.05390625 0.0140625 0.0203125
0 1.43359375 0.0703125 0.0171875 0.021875
0 1.4015625 0.03125 0.015625 0.01875
0 1.353125 0.0671875 0.015625 0.01875
0 1.4796875 0.0078125 0.01875 0.015625
0 1.4125 0.01171875 0.01875 0.0171875
