0 0.7078125 0.5046875 0.009375 0.015625
0 0.9109375 0.4984375 0.0125 0.015625
0 0.696875 0.4953125 0.009375 0.0125
0 0.7359375 0.5046875 0.009375 0.0125
0 0.71640625 0.50625 0.0078125 0.0125
0 0.56171875 0.4984375 0.0078125 0.0125
0 0.5328125 0.50078125 0.009375 0.0140625
0 0.1703125 0.4828125 0.021875 0.03125
0 1.39140625 0.55078125 0.0109375 0.0140625
0 1.4046875 0.51328125 0.009375 0.0109375
0 1.384375 0.51484375 0.009375 0.0109375
0 1.36328125 0.5453125 0.0078125 0.0125
0 1.46640625 0.5171875 0.0109375 0.0125
0 1.36328125 0.509375 0.0078125 0.0125
0 1.54453125 0.53203125 0.0171875 0.0203125
0 1.5875 0.5046875 0.0125 0.01875
0 1.58984375 0.58203125 0.0203125 0.0328125
0 0.078125 0.49765625 0.0125 0.0140625
0 1.39765625 0.5125 0.0109375 0.0125
