0 0.66796875 0.44375 0.0171875 0.015625
0 1.06484375 0.40390625 0.0578125 0.0671875
0 1.009375 0.3859375 0.046875 0.059375
0 0.9375 0.425 0.053125 0.065625
0 1.35859375 0.4546875 0.0265625 0.0375
0 1.4421875 0.40390625 0.053125 0.0546875
0 0.7875 0.42578125 0.021875 0.0203125
0 0.4265625 0.42109375 0.065625 0.0796875
0 0.8640625 0.4515625 0.015625 0.01875
0 0.740625 0.38203125 0.015625 0.0171875
0 0.61796875 0.4625 0.0140625 0.015625
0 0.48125 0.396875 0.015625 0.015625
0 0.80703125 0.46171875 0.0171875 0.0203125
