0 0.01953125 0.228125 0.0328125 0.103125
0 0.20859375 0.2078125 0.0640625 0.096875
0 0.44921875 0.18515625 0.0671875 0.1015625
0 0.69453125 0.140625 0.0640625 0.096875
0 0.85078125 0.18671875 0.0546875 0.0984375
0 1.14609375 0.1546875 0.0640625 0.109375
0 1.42734375 0.16484375 0.0640625 0.0859375
0 0.19609375 0.48984375 0.0609375 0.0765625
0 0.425 0.49453125 0.0625 0.0921875
0 0.6859375 0.49609375 0.0625 0.0828125
0 0.9421875 0.48359375 0.06875 0.1078125
0 1.20546875 0.4703125 0.0640625 0.103125
0 1.49453125 0.47265625 0.0703125 0.0984375
