0 0.9734375 0.80625 0.178125 0.203125
0 0.94609375 0.43671875 0.0421875 0.0515625
0 1.1703125 0.46875 0.040625 0.040625
0 1.4171875 0.55234375 0.03125 0.0390625
0 1.2203125 0.57265625 0.03125 0.0390625
0 1.3890625 0.76640625 0.053125 0.0703125
0 1.478125 0.63203125 0.034375 0.0421875
0 1.5078125 0.353125 0.0375 0.046875
0 1.55625 0.79375 0.0375 0.040625
0 0.2078125 1.02734375 0.05 0.0703125
0 0.0390625 0.9625 0.04375 0.059375
0 0.1078125 0.86171875 0.05625 0.0546875
0 1.23671875 0.7703125 0.0484375 0.053125
0 0.98046875 0.60625 0.0390625 0.05
0 0.415625 0.8109375 0.128125 0.16875
0 1.37421875 1.3125 0.0484375 0.0625
0 1.3046875 1.42890625 0.05625 0.0671875
0 0.175 1.546875 0.05625 0.075
0 0.0484375 0.49140625 0.034375 0.0484375
0 0.9171875 0.39296875 0.040625 0.0515625
0 0.3375 0.53359375 0.05625 0.0671875
0 0.18984375 0.64609375 0.0546875 0.0671875
0 0.83359375 1.1984375 0.0703125 0.084375
0 0.01171875 0.60390625 0.0234375 0.0734375
