0 1.38359375 0.35859375 0.0421875 0.0515625
0 1.4953125 0.290625 0.04375 0.05
0 1.39375 0.3046875 0.04375 0.05
0 1.2890625 0.29375 0.034375 0.05
0 1.32890625 0.434375 0.0484375 0.05
0 1.2234375 0.35625 0.04375 0.053125
0 1.18046875 0.3140625 0.0359375 0.05
0 1.21328125 0.53828125 0.0453125 0.0515625
0 1.12421875 0.44921875 0.0453125 0.0546875
0 0.975 0.528125 0.05 0.059375
0 1.48984375 0.51171875 0.0390625 0.0515625
0 1.590625 0.36875 0.01875 0.05
0 1.58828125 0.29609375 0.0234375 0.0484375
0 1.05546875 0.37265625 0.0453125 0.0546875
0 0.90703125 0.37265625 0.0359375 0.0578125
0 0.75625 0.26953125 0.08125 0.1109375
0 0.24921875 0.48984375 0.0390625 0.0484375
0 0.2890625 0.5640625 0.040625 0.05
0 0.440625 0.55703125 0.0375 0.0484375
0 0.41796875 0.48828125 0.0390625 0.0515625
0 0.56484375 0.4734375 0.0359375 0.046875
0 0.45625 0.39375 0.0375 0.053125
0 0.509375 0.3578125 0.0375 0.04375
0 0.3671875 0.34765625 0.034375 0.0421875
0 0.35625 0.29921875 0.028125 0.0421875
0 0.421875 0.23359375 0.034375 0.0390625
0 0.33203125 0.23828125 0.0328125 0.0421875
0 0.25234375 0.2234375 0.0328125 0.0375
0 0.28125 0.39140625 0.040625 0.0515625
0 0.21640625 0.34140625 0.0390625 0.0546875
0 0.1453125 0.36953125 0.0375 0.0515625
0 0.171875 0.41875 0.0375 0.046875
0 0.11640625 0.5421875 0.0421875 0.053125
0 0.07890625 0.46640625 0.0421875 0.0515625
0 0.096875 0.4 0.034375 0.0375
0 0.1203125 0.24453125 0.034375 0.0390625
0 0.590625 0.29609375 0.0375 0.0484375
0 0.6421875 0.1953125 0.034375 0.04375
0 0.865625 0.2421875 0.0375 0.053125
0 0.70234375 0.25234375 0.0265625 0.0359375
