0 0.21015625 0.14921875 0.2359375 0.2234375
0 0.65625 0.46171875 0.315625 0.4390625
0 1.1265625 0.7640625 0.25625 0.325
0 0.54921875 0.1328125 0.0359375 0.05625
0 0.60625 0.14375 0.04375 0.06875
0 0.6859375 0.17109375 0.05625 0.0640625
0 0.7921875 0.15078125 0.05 0.0734375
0 0.9765625 0.19921875 0.0625 0.0765625
0 1.096875 0.20546875 0.08125 0.0953125
0 1.1921875 0.2 0.046875 0.06875
0 1.32421875 0.2484375 0.0984375 0.096875
0 1.44609375 0.22421875 0.0765625 0.0859375
0 0.3828125 0.04609375 0.028125 0.0328125
0 0.49296875 0.0734375 0.0265625 0.03125
0 0.51796875 0.03828125 0.0359375 0.0390625
0 0.5734375 0.10625 0.0375 0.040625
0 0.5921875 0.06875 0.028125 0.034375
0 0.6140625 0.0484375 0.028125 0.028125
0 0.6796875 0.08671875 0.0375 0.0484375
0 0.83671875 0.07578125 0.0265625 0.0328125
0 0.84375 0.14609375 0.03125 0.0421875
0 0.715625 0.14609375 0.0375 0.0453125
0 0.9640625 0.1390625 0.0375 0.0375
0 1.05078125 0.06484375 0.0234375 0.0234375
0 1.0 0.1078125 0.03125 0.028125
0 1.11328125 0.09375 0.0234375 0.025
0 1.25859375 0.1875 0.0515625 0.075
0 1.3125 0.1375 0.03125 0.04375
0 1.34765625 0.15078125 0.0265625 0.0328125
0 1.378125 0.19921875 0.0375 0.0390625
0 1.5078125 0.21875 0.040625 0.05625
