0 0.09375 0.759375 0.04375 0.05625
0 0.159375 0.4890625 0.040625 0.05
0 0.27734375 0.52265625 0.0359375 0.0484375
0 0.2796875 0.39296875 0.034375 0.0453125
0 0.06953125 0.3671875 0.0359375 0.040625
0 0.1375 0.35 0.03125 0.040625
0 0.0859375 0.2453125 0.0375 0.0375
0 0.16953125 0.175 0.0296875 0.053125
0 0.13671875 0.13046875 0.0296875 0.0421875
0 0.15625 0.04453125 0.03125 0.0359375
0 0.05 0.021875 0.021875 0.0375
0 0.240625 0.009375 0.025 0.01875
0 0.425 0.3390625 0.053125 0.0625
0 0.51796875 0.0421875 0.0296875 0.03125
0 0.6171875 0.05234375 0.025 0.0359375
0 0.6515625 0.01484375 0.021875 0.0234375
0 0.671875 0.06015625 0.028125 0.0421875
0 0.5265625 0.08203125 0.028125 0.0390625
0 0.56484375 0.11171875 0.0296875 0.0453125
0 0.665625 0.11640625 0.03125 0.0421875
0 0.49609375 0.13515625 0.0328125 0.0453125
0 0.59765625 0.18203125 0.0359375 0.0390625
0 0.678125 0.1828125 0.03125 0.040625
0 0.54765625 0.22734375 0.0328125 0.0390625
0 0.66484375 0.2375 0.0328125 0.034375
0 0.56640625 0.2796875 0.0296875 0.040625
0 0.5453125 0.31796875 0.028125 0.0390625
0 0.6515625 0.32265625 0.034375 0.0390625
0 0.521875 0.35234375 0.0375 0.0421875
0 0.55390625 0.41484375 0.0390625 0.0453125
0 0.6359375 0.3875 0.034375 0.0375
0 0.68203125 0.42578125 0.0359375 0.0484375
0 0.47890625 0.44765625 0.0359375 0.0421875
0 0.5 0.465625 0.040625 0.05625
0 0.70078125 0.4828125 0.0421875 0.053125
0 0.7078125 0.27109375 0.034375 0.0421875
0 0.7046875 0.390625 0.034375 0.04375
0 0.7765625 0.3296875 0.03125 0.04375
0 0.80078125 0.53515625 0.0359375 0.0453125
0 0.8546875 0.2328125 0.028125 0.059375
0 0.91015625 0.30859375 0.0296875 0.0453125
0 0.971875 0.240625 0.03125 0.04375
0 0.990625 0.275 0.028125 0.040625
0 0.91796875 0.4 0.0265625 0.040625
0 0.94765625 0.42265625 0.0328125 0.0453125
0 1.0125 0.5109375 0.03125 0.0375
0 1.0609375 0.490625 0.034375 0.046875
0 1.13046875 0.52421875 0.0296875 0.0390625
0 1.1765625 0.5203125 0.040625 0.05
0 1.1046875 0.453125 0.028125 0.040625
0 1.07421875 0.3859375 0.0359375 0.04375
0 1.06484375 0.32734375 0.0328125 0.0421875
0 1.0953125 0.2359375 0.025 0.034375
0 1.178125 0.278125 0.03125 0.04375
0 1.1875 0.353125 0.0375 0.04375
0 0.76015625 0.02421875 0.0265625 0.0328125
0 0.84140625 0.02421875 0.0234375 0.0328125
0 0.86328125 0.04140625 0.0265625 0.0328125
0 0.7546875 0.0890625 0.021875 0.028125
0 0.9171875 0.09453125 0.021875 0.0359375
0 0.94453125 0.14140625 0.0265625 0.0296875
0 0.91484375 0.19140625 0.0296875 0.0328125
0 1.0171875 0.16640625 0.03125 0.0390625
0 1.015625 0.10703125 0.025 0.0359375
0 0.9953125 0.03203125 0.025 0.0359375
0 1.09609375 0.04453125 0.0265625 0.0328125
0 1.121875 0.07734375 0.021875 0.0296875
0 1.0703125 0.13515625 0.028125 0.0453125
0 1.121875 0.12265625 0.03125 0.0359375
0 1.13046875 0.1640625 0.0265625 0.053125
0 1.17734375 0.1921875 0.0296875 0.04375
0 1.22265625 0.18828125 0.0296875 0.0421875
0 1.26171875 0.23671875 0.0296875 0.0390625
0 1.203125 0.33125 0.025 0.0375
0 1.2796875 0.3046875 0.021875 0.034375
0 1.2875 0.3515625 0.021875 0.04375
0 1.15625 0.025 0.025 0.028125
0 1.203125 0.06015625 0.025 0.0359375
0 1.246875 0.01171875 0.021875 0.0203125
0 1.2671875 0.02890625 0.021875 0.0328125
0 1.29140625 0.0484375 0.0296875 0.046875
0 1.2765625 0.15 0.028125 0.040625
0 1.2296875 0.1234375 0.021875 0.034375
0 1.38125 0.02109375 0.025 0.0328125
0 1.40703125 0.03046875 0.0234375 0.0390625
0 1.52265625 0.03984375 0.0234375 0.0265625
0 1.57890625 0.0140625 0.0234375 0.025
0 1.59296875 0.08203125 0.0140625 0.0390625
0 1.58515625 0.13125 0.0296875 0.05
0 1.55078125 0.128125 0.0265625 0.03125
0 1.50859375 0.078125 0.0296875 0.0375
0 1.471875 0.1125 0.028125 0.0375
0 1.346875 0.09453125 0.03125 0.0390625
0 1.36484375 0.14453125 0.0328125 0.0453125
0 1.4421875 0.18671875 0.03125 0.0328125
0 1.4953125 0.18671875 0.03125 0.0328125
0 1.47890625 0.228125 0.0390625 0.0375
0 1.55390625 0.23984375 0.0265625 0.0328125
0 1.5421875 0.2875 0.03125 0.040625
0 1.521875 0.28359375 0.015625 0.0328125
0 1.58671875 0.3625 0.0265625 0.053125
0 1.36015625 0.215625 0.0328125 0.04375
0 1.39921875 0.265625 0.0265625 0.034375
0 1.42421875 0.30703125 0.0296875 0.0328125
0 1.42890625 0.34921875 0.0265625 0.0328125
0 1.4296875 0.3828125 0.034375 0.04375
0 1.309375 0.403125 0.03125 0.040625
0 1.27265625 0.4890625 0.0359375 0.0375
0 1.375 0.43515625 0.0375 0.0421875
0 1.22734375 0.43515625 0.0328125 0.0515625
0 1.271875 0.5828125 0.034375 0.04375
0 1.38984375 0.6578125 0.0390625 0.05
0 1.55078125 0.75625 0.0359375 0.053125
0 1.40390625 0.7828125 0.0421875 0.053125
0 1.20703125 0.78125 0.0421875 0.05625
0 1.0 0.79453125 0.04375 0.0578125
0 0.02578125 0.071875 0.0328125 0.040625
0 0.0140625 0.15703125 0.028125 0.0390625
0 0.75234375 0.1765625 0.0265625 0.034375
0 0.78515625 0.1875 0.0296875 0.034375
0 0.81015625 0.234375 0.0296875 0.0375
0 0.94375 0.5796875 0.03125 0.0375
0 1.44375 0.48671875 0.0375 0.0515625
