0 0.6609375 0.47734375 0.153125 0.2171875
0 1.01328125 0.30703125 0.1515625 0.1859375
0 0.1015625 0.34609375 0.0375 0.0484375
0 0.090625 0.4171875 0.0375 0.05
0 0.1453125 0.4515625 0.04375 0.0625
0 0.21015625 0.346875 0.0421875 0.046875
0 0.25078125 0.40703125 0.0359375 0.0453125
0 0.27109375 0.55625 0.0453125 0.046875
0 0.2890625 0.071875 0.028125 0.0375
0 0.2296875 0.18046875 0.04375 0.0421875
0 0.2140625 0.12109375 0.03125 0.0453125
0 0.2859375 0.2734375 0.025 0.053125
0 0.29375 0.34765625 0.03125 0.0453125
0 0.34921875 0.22109375 0.0296875 0.0515625
0 0.38828125 0.29921875 0.0265625 0.0390625
0 0.39375 0.3546875 0.03125 0.04375
0 0.35859375 0.38984375 0.0265625 0.0421875
0 0.41015625 0.48984375 0.0453125 0.0453125
0 0.3921875 0.53203125 0.04375 0.0578125
0 0.48984375 0.528125 0.0421875 0.05625
0 0.5640625 0.528125 0.0375 0.05
0 0.490625 0.41328125 0.046875 0.0609375
0 0.44140625 0.37578125 0.0359375 0.0515625
0 0.5203125 0.33515625 0.040625 0.0515625
0 0.559375 0.184375 0.034375 0.04375
0 0.63515625 0.19921875 0.0328125 0.0453125
0 0.65078125 0.25390625 0.0328125 0.0453125
0 0.78359375 0.39375 0.0359375 0.053125
0 0.75703125 0.48671875 0.0421875 0.0671875
0 0.78671875 0.25390625 0.0359375 0.0421875
0 0.49453125 0.15234375 0.0421875 0.0515625
0 0.459375 0.10703125 0.03125 0.0359375
0 0.4875 0.27578125 0.040625 0.0609375
0 0.84296875 0.45859375 0.0390625 0.0546875
0 0.85625 0.37265625 0.025 0.0421875
0 0.10625 0.61953125 0.053125 0.0578125
0 0.15859375 0.68046875 0.0484375 0.0703125
0 0.3015625 0.659375 0.04375 0.0625
0 0.19609375 0.75546875 0.0453125 0.0484375
0 0.09609375 0.7484375 0.0578125 0.05625
0 0.1015625 0.875 0.059375 0.084375
0 0.14453125 0.96796875 0.0703125 0.0828125
0 0.4453125 0.98125 0.071875 0.078125
0 0.08046875 1.05 0.0859375 0.078125
0 0.2734375 1.0890625 0.078125 0.0875
0 0.88515625 0.40390625 0.0390625 0.0578125
0 0.85 0.54921875 0.034375 0.0359375
0 0.8875 1.0015625 0.065625 0.084375
0 1.15625 0.2875 0.040625 0.05
0 1.21484375 0.2515625 0.0296875 0.05
0 1.278125 0.2484375 0.03125 0.040625
0 1.275 0.33515625 0.0375 0.0484375
0 1.34140625 0.28984375 0.0265625 0.0484375
0 1.36640625 0.3453125 0.0234375 0.040625
0 1.47734375 0.5984375 0.0296875 0.040625
0 1.521875 0.65625 0.0375 0.05
0 1.5453125 0.82265625 0.05 0.0578125
0 0.896875 0.50546875 0.040625 0.0546875
0 0.8546875 0.2953125 0.0375 0.04375
0 0.8875 0.17734375 0.040625 0.0453125
0 0.83359375 0.17109375 0.0359375 0.0359375
0 0.81171875 0.2984375 0.0296875 0.04375
0 0.3609375 0.4359375 0.034375 0.040625
0 0.25703125 0.4984375 0.0390625 0.046875
0 0.53671875 0.47890625 0.0296875 0.0390625
0 0.04375 0.19375 0.034375 0.0375
0 0.02890625 0.1203125 0.0328125 0.040625
0 0.13671875 0.14296875 0.0359375 0.0484375
0 0.3109375 0.1296875 0.034375 0.040625
0 0.37890625 0.19453125 0.0296875 0.0390625
0 0.27890625 0.21328125 0.0328125 0.0421875
0 0.396875 0.12890625 0.034375 0.0421875
0 0.44765625 0.234375 0.0359375 0.04375
0 0.57265625 0.24453125 0.0359375 0.0453125
0 0.57578125 0.1171875 0.0265625 0.040625
0 0.6265625 0.1453125 0.03125 0.040625
0 0.66328125 0.13125 0.0296875 0.0375
0 0.71015625 0.221875 0.0328125 0.040625
0 0.7234375 0.18359375 0.028125 0.0359375
0 0.7515625 0.11875 0.025 0.0375
0 0.7 0.30859375 0.03125 0.0453125
0 0.6265625 0.3296875 0.040625 0.040625
0 0.25625 0.72421875 0.053125 0.0609375
0 0.021875 0.734375 0.04375 0.053125
0 0.4453125 0.60078125 0.04375 0.0546875
0 0.821875 0.2234375 0.040625 0.046875
0 0.89453125 0.25390625 0.0359375 0.0390625
0 0.96484375 0.1453125 0.0328125 0.040625
0 1.04765625 0.15 0.0359375 0.040625
0 1.1625 0.2171875 0.0375 0.040625
0 1.24453125 0.2921875 0.0359375 0.04375
0 1.4078125 0.29453125 0.034375 0.0421875
0 1.4421875 0.3734375 0.034375 0.040625
0 1.39453125 0.18359375 0.0328125 0.0390625
0 1.471875 0.2125 0.03125 0.040625
0 1.5 0.19296875 0.028125 0.0390625
0 1.55078125 0.23359375 0.0296875 0.0390625
0 1.5796875 0.20703125 0.025 0.0359375
0 0.92265625 0.32578125 0.0328125 0.0390625
0 0.9546875 0.36875 0.034375 0.04375
0 0.81796875 0.14140625 0.0296875 0.0359375
0 1.1765625 0.32734375 0.03125 0.0390625
0 0.09765625 0.31171875 0.0390625 0.0484375
0 0.16875 0.22578125 0.03125 0.0484375
0 0.0828125 0.05390625 0.0375 0.0515625
0 1.51484375 0.8921875 0.0546875 0.06875
0 1.43125 0.8140625 0.05 0.059375
0 1.45 0.72265625 0.046875 0.0578125
0 1.521875 0.7375 0.05 0.071875
0 1.55078125 0.59453125 0.0421875 0.0546875
