0 0.11796875 0.14453125 0.0140625 0.0171875
0 0.265625 0.12265625 0.0125 0.0140625
0 0.35234375 0.14375 0.0140625 0.01875
0 1.03046875 0.13984375 0.0140625 0.0171875
0 1.19296875 0.15859375 0.0140625 0.0171875
0 1.26640625 0.16953125 0.0140625 0.0203125
0 1.36796875 0.178125 0.0171875 0.025
0 1.46015625 0.1828125 0.0140625 0.021875
0 1.521875 0.359375 0.01875 0.028125
0 0.24296875 0.38203125 0.0171875 0.0265625
0 0.50703125 0.1453125 0.0140625 0.01875
0 0.73671875 0.14453125 0.0140625 0.0171875
0 0.2234375 0.109375 0.0125 0.015625
0 0.18203125 0.11328125 0.0109375 0.0140625
0 0.09453125 0.1140625 0.0140625 0.0125
0 0.05859375 0.109375 0.0171875 0.01875
0 0.07109375 0.07578125 0.0140625 0.0140625
0 0.02734375 0.06171875 0.0140625 0.0140625
0 0.04296875 0.0140625 0.0109375 0.015625
0 0.08359375 0.0109375 0.0140625 0.015625
0 0.11640625 0.01640625 0.0140625 0.0171875
0 0.16171875 0.0203125 0.0140625 0.015625
0 0.20546875 0.021875 0.0140625 0.01875
0 0.2375 0.0609375 0.015625 0.01875
0 0.15625 0.0625 0.0125 0.015625
0 0.2 0.0546875 0.0125 0.01875
0 0.25078125 0.01328125 0.0140625 0.0171875
0 0.29375 0.0109375 0.0125 0.01875
0 0.33359375 0.01328125 0.0140625 0.0140625
0 0.36953125 0.01796875 0.0140625 0.0171875
0 0.40078125 0.06015625 0.0140625 0.0203125
0 0.3875 0.11484375 0.0125 0.0171875
0 0.34453125 0.1125 0.0109375 0.01875
0 0.3078125 0.109375 0.0125 0.015625
0 0.3203125 0.0671875 0.0125 0.01875
0 0.35859375 0.065625 0.0140625 0.01875
0 0.4109375 0.02421875 0.015625 0.0265625
0 0.134375 0.109375 0.015625 0.015625
0 0.54296875 0.1078125 0.0140625 0.015625
0 0.5953125 0.1171875 0.0125 0.015625
0 0.596875 0.065625 0.0125 0.015625
0 0.63828125 0.10234375 0.0140625 0.0203125
0 0.64140625 0.06328125 0.0140625 0.0140625
0 0.67265625 0.059375 0.0109375 0.0125
0 0.68203125 0.1046875 0.0140625 0.015625
0 0.72109375 0.1 0.0109375 0.015625
0 0.72265625 0.06484375 0.0109375 0.0140625
0 0.76328125 0.11328125 0.0140625 0.0171875
0 0.85078125 0.11015625 0.0140625 0.0171875
0 0.8515625 0.0578125 0.0125 0.015625
0 0.884375 0.06484375 0.0125 0.0171875
0 0.89375 0.1140625 0.0125 0.015625
0 0.8015625 0.05546875 0.0125 0.0140625
0 0.80859375 0.015625 0.0109375 0.015625
0 0.84375 0.0171875 0.0125 0.015625
0 0.8875 0.0109375 0.0125 0.015625
0 0.7703125 0.0140625 0.015625 0.01875
0 0.7609375 0.05859375 0.0125 0.0140625
0 0.71875 0.01953125 0.0125 0.0171875
0 0.6828125 0.0171875 0.0125 0.0125
0 0.6421875 0.01171875 0.0125 0.0109375
0 0.5984375 0.01484375 0.0125 0.0140625
0 0.56875 0.01953125 0.015625 0.0171875
0 0.1015625 0.071875 0.0125 0.01875
0 0.91953125 0.01640625 0.0140625 0.0140625
0 0.93515625 0.0578125 0.0109375 0.0125
0 0.97265625 0.06484375 0.0109375 0.0140625
0 0.96640625 0.02265625 0.0109375 0.0109375
0 1.00078125 0.015625 0.0109375 0.015625
0 1.01328125 0.0546875 0.0140625 0.015625
0 0.978125 0.10546875 0.0125 0.0140625
0 0.93203125 0.1109375 0.0140625 0.01875
0 1.01953125 0.10078125 0.0140625 0.0171875
0 0.99375 0.09609375 0.0125 0.0140625
0 1.0546875 0.05234375 0.0125 0.0171875
0 1.0953125 0.071875 0.0125 0.015625
0 1.10546875 0.11328125 0.0109375 0.0140625
0 1.1375 0.0640625 0.009375 0.0125
0 1.08828125 0.01171875 0.0171875 0.0203125
0 1.0484375 0.0125 0.015625 0.01875
0 1.12734375 0.0171875 0.0140625 0.015625
0 1.16875 0.01015625 0.015625 0.0140625
0 1.17890625 0.05703125 0.0140625 0.0171875
0 1.15078125 0.10390625 0.0140625 0.0140625
0 1.18984375 0.10546875 0.0109375 0.0171875
0 1.20390625 0.0125 0.0140625 0.0125
0 1.2484375 0.0171875 0.015625 0.015625
0 1.2203125 0.05234375 0.0125 0.0140625
0 1.25546875 0.05859375 0.0109375 0.0109375
0 1.28828125 0.01796875 0.0109375 0.0140625
0 1.29453125 0.059375 0.0109375 0.0125
0 1.340625 0.05625 0.0125 0.015625
0 1.36953125 0.0125 0.0109375 0.0125
0 1.40625 0.01484375 0.009375 0.0140625
0 1.428125 0.05546875 0.0125 0.0171875
0 1.3859375 0.05234375 0.0125 0.0140625
0 1.35703125 0.0984375 0.0140625 0.015625
0 1.4046875 0.1015625 0.015625 0.01875
0 1.43828125 0.115625 0.0109375 0.015625
0 1.46953125 0.13984375 0.0140625 0.0203125
0 1.41953125 0.15078125 0.0140625 0.0171875
0 1.38046875 0.146875 0.0140625 0.021875
0 1.32734375 0.14453125 0.0140625 0.0171875
0 1.31796875 0.115625 0.0109375 0.015625
0 1.27265625 0.10234375 0.0140625 0.0140625
0 1.2265625 0.11640625 0.015625 0.0140625
0 1.52578125 0.15234375 0.0109375 0.0140625
0 1.56015625 0.1734375 0.0171875 0.021875
0 1.55859375 0.14453125 0.0109375 0.0140625
