0 1.50625 0.19609375 0.096875 0.1203125
0 1.10546875 0.1546875 0.1015625 0.125
0 0.96171875 0.259375 0.1078125 0.1375
0 0.80703125 0.26328125 0.1078125 0.1140625
0 1.3796875 0.05078125 0.084375 0.1015625
0 1.2265625 0.05234375 0.075 0.0984375
0 1.00078125 0.13359375 0.0953125 0.1140625
0 0.853125 0.1390625 0.1 0.115625
0 0.903125 0.08671875 0.0625 0.0890625
0 0.50078125 0.28046875 0.1078125 0.1234375
0 0.30546875 0.33671875 0.1078125 0.1296875
0 0.175 0.3421875 0.1125 0.1125
0 0.396875 0.21484375 0.084375 0.1140625
0 0.63359375 0.25859375 0.0890625 0.1109375
0 0.56328125 0.1609375 0.0640625 0.09375
0 0.52890625 0.10546875 0.0703125 0.0984375
0 0.696875 0.03203125 0.0625 0.0640625
0 0.371875 0.053125 0.08125 0.09375
0 0.3109375 0.15234375 0.071875 0.0984375
0 0.1359375 0.184375 0.078125 0.090625
0 0.109375 0.034375 0.071875 0.06875
0 0.1109375 0.125 0.065625 0.0875
0 0.071875 0.0546875 0.05625 0.078125
0 0.02265625 0.14453125 0.0453125 0.0984375
0 1.10703125 0.05703125 0.0828125 0.0859375
0 0.02421875 0.32578125 0.0484375 0.1109375
