0 0.1296875 0.215625 0.028125 0.046875
0 0.175 0.22421875 0.046875 0.0421875
0 0.24453125 0.1578125 0.0421875 0.05625
0 0.30703125 0.28984375 0.0421875 0.0609375
0 0.31484375 0.490625 0.0890625 0.125
0 0.53046875 0.475 0.2984375 0.396875
0 0.64609375 0.13359375 0.0390625 0.0484375
0 0.69765625 0.1859375 0.0453125 0.053125
0 0.66640625 0.2671875 0.0484375 0.053125
0 0.82421875 0.05390625 0.0484375 0.0359375
0 0.878125 0.2109375 0.046875 0.05
0 0.9484375 0.1625 0.040625 0.0625
0 1.08828125 0.19140625 0.0484375 0.0578125
0 1.1109375 0.35 0.065625 0.115625
0 0.76953125 0.375 0.0328125 0.071875
0 1.3234375 0.165625 0.04375 0.059375
0 1.48828125 0.140625 0.0515625 0.06875
0 1.29921875 0.31875 0.0546875 0.078125
0 1.0875 0.025 0.046875 0.05
0 1.25234375 0.02421875 0.0390625 0.0484375
0 0.9484375 0.61875 0.30625 0.35
0 1.36875 0.553125 0.090625 0.109375
0 0.26328125 0.46171875 0.0578125 0.0734375
