0 1.55703125 0.328125 0.0828125 0.10625
0 1.3609375 0.378125 0.08125 0.096875
0 1.10859375 0.43359375 0.0796875 0.0828125
0 0.92109375 0.40703125 0.0828125 0.1015625
0 1.00078125 0.2625 0.0796875 0.103125
0 1.1390625 0.203125 0.065625 0.0875
0 1.29609375 0.24921875 0.0953125 0.1078125
0 1.39921875 0.1734375 0.0703125 0.084375
0 1.2859375 0.08203125 0.071875 0.0796875
0 1.38203125 0.05703125 0.0609375 0.0765625
0 1.50390625 0.0828125 0.0640625 0.078125
0 1.58125 0.1375 0.0375 0.109375
0 1.5484375 0.05859375 0.053125 0.0734375
0 1.2390625 0.04765625 0.053125 0.0578125
0 1.10859375 0.1328125 0.0578125 0.06875
0 1.09609375 0.06484375 0.0578125 0.0640625
0 1.19375 0.028125 0.046875 0.053125
0 1.01171875 0.1828125 0.0671875 0.084375
0 0.99375 0.128125 0.05625 0.075
0 0.95390625 0.10390625 0.0484375 0.0609375
0 1.05625 0.02421875 0.046875 0.0421875
0 0.90078125 0.03515625 0.0515625 0.0578125
0 0.853125 0.1265625 0.059375 0.071875
0 0.82109375 0.2015625 0.0703125 0.0875
0 0.7765625 0.053125 0.040625 0.053125
0 0.82890625 0.078125 0.0515625 0.065625
0 0.6859375 0.16640625 0.059375 0.0671875
0 0.68125 0.125 0.05625 0.06875
0 0.6390625 0.06484375 0.053125 0.0671875
0 0.55625 0.20234375 0.05625 0.0703125
0 0.7140625 0.2484375 0.065625 0.08125
0 0.78828125 0.3078125 0.0703125 0.090625
0 0.60625 0.2890625 0.065625 0.08125
0 0.68515625 0.42734375 0.0765625 0.1046875
0 0.58515625 0.63125 0.1015625 0.11875
0 0.48125 0.425 0.075 0.1
0 0.40078125 0.321875 0.0671875 0.090625
0 0.484375 0.20078125 0.0625 0.0734375
0 0.475 0.05390625 0.040625 0.0484375
0 0.56875 0.06015625 0.040625 0.0546875
0 0.6125 0.00859375 0.034375 0.0171875
0 0.44921875 0.025 0.0359375 0.046875
0 0.4515625 0.1265625 0.053125 0.0625
0 0.3734375 0.12421875 0.05625 0.0796875
0 0.30859375 0.26484375 0.0640625 0.0828125
0 0.40625 0.0875 0.04375 0.05625
0 0.35625 0.075 0.04375 0.05625
0 0.375 0.02265625 0.0375 0.0453125
0 0.29921875 0.0234375 0.0515625 0.046875
0 0.21875 0.08671875 0.059375 0.0734375
0 0.18515625 0.059375 0.0421875 0.053125
0 0.1328125 0.1125 0.046875 0.05
0 0.096875 0.171875 0.046875 0.0625
0 0.13125 0.278125 0.05625 0.071875
0 0.228125 0.43125 0.084375 0.09375
0 0.184375 0.334375 0.06875 0.08125
0 0.075 0.4296875 0.078125 0.09375
0 0.02734375 0.35703125 0.0546875 0.0828125
0 0.0265625 0.25 0.05 0.065625
0 0.02734375 0.15625 0.0421875 0.046875
0 0.04921875 0.1109375 0.0421875 0.046875
0 0.01484375 0.08359375 0.0296875 0.0421875
0 0.06328125 0.06953125 0.0328125 0.0453125
0 0.08203125 0.03359375 0.0328125 0.0453125
0 0.5375 0.1015625 0.053125 0.065625
