0 0.6109375 0.40859375 0.03125 0.0453125
0 0.5875 0.36484375 0.0125 0.0171875
0 1.0234375 0.39296875 0.015625 0.0265625
0 1.009375 0.38671875 0.015625 0.0265625
0 1.1765625 0.37109375 0.015625 0.0203125
0 1.43671875 0.4 0.0203125 0.03125
0 1.52109375 0.4640625 0.0140625 0.021875
0 1.58359375 0.42578125 0.0109375 0.0171875
0 0.56640625 0.4140625 0.0140625 0.01875
0 0.72734375 0.38828125 0.0109375 0.0140625
0 0.7921875 0.3875 0.009375 0.0125
0 0.6671875 0.390625 0.009375 0.015625
0 0.234375 0.3875 0.0125 0.01875
0 1.52265625 0.41953125 0.0109375 0.0140625
0 1.5515625 0.41640625 0.0125 0.0171875
0 0.0640625 0.43125 0.0125 0.015625
0 0.1328125 0.43203125 0.009375 0.0140625
0 1.3453125 0.3828125 0.0125 0.015625
0 1.29765625 0.3921875 0.0078125 0.0125
0 1.26875 0.37890625 0.0125 0.0171875
0 1.45546875 0.37734375 0.0109375 0.0140625
0 1.51328125 0.3875 0.0109375 0.0125
0 1.478125 0.37109375 0.0125 0.0140625
0 1.31015625 0.4171875 0.0109375 0.0125
0 1.196875 0.3796875 0.009375 0.0125
0 1.16484375 0.37578125 0.0109375 0.0140625
0 1.15078125 0.38203125 0.0109375 0.0109375
0 1.5375 0.359375 0.009375 0.0125
0 1.5203125 0.3375 0.009375 0.0125
0 1.50234375 0.34765625 0.0078125 0.0109375
0 1.45390625 0.3140625 0.0078125 0.009375
0 1.39375 0.38828125 0.009375 0.0109375
0 1.39921875 0.3296875 0.0078125 0.0125
0 1.4125 0.31640625 0.009375 0.0109375
0 1.37109375 0.36484375 0.0078125 0.0109375
0 1.359375 0.3421875 0.009375 0.0125
0 1.225 0.37578125 0.009375 0.0140625
0 0.8890625 0.42421875 0.009375 0.0140625
0 0.928125 0.4296875 0.009375 0.009375
0 0.8578125 0.41640625 0.009375 0.0140625
0 0.3875 0.2515625 0.025 0.053125
