0 0.1171875 0.1359375 0.04375 0.053125
0 0.28203125 0.13984375 0.0390625 0.0546875
0 0.4234375 0.19765625 0.0375 0.0546875
0 0.4671875 0.296875 0.0375 0.059375
0 0.2140625 0.31640625 0.04375 0.0609375
0 0.2921875 0.3140625 0.040625 0.059375
0 0.41640625 0.4421875 0.0390625 0.059375
0 0.5703125 0.225 0.040625 0.05625
0 0.62109375 0.29609375 0.0421875 0.0671875
0 0.6 0.45625 0.046875 0.0625
0 0.79296875 0.45 0.0390625 0.053125
0 0.77265625 0.3015625 0.0421875 0.05625
0 0.70234375 0.19765625 0.0421875 0.0609375
0 0.8359375 0.184375 0.040625 0.05625
0 0.9078125 0.30390625 0.040625 0.0578125
0 0.98203125 0.453125 0.0421875 0.059375
0 1.17421875 0.45390625 0.0453125 0.0640625
0 1.046875 0.30859375 0.040625 0.0546875
0 0.978125 0.2171875 0.0375 0.05625
0 1.12421875 0.22421875 0.0421875 0.0546875
0 1.27578125 0.20859375 0.0421875 0.0453125
0 1.2 0.31328125 0.0375 0.0484375
0 1.353125 0.30859375 0.040625 0.0640625
0 1.45546875 0.31875 0.0390625 0.065625
0 1.44453125 0.2109375 0.0359375 0.05
