0 0.06328125 0.665625 0.0515625 0.065625
0 0.3296875 0.7046875 0.0625 0.090625
0 0.403125 0.97265625 0.053125 0.0890625
0 0.16015625 0.04375 0.0453125 0.0625
0 0.7859375 0.3921875 0.05625 0.084375
0 0.5203125 0.5640625 0.05625 0.08125
0 0.76640625 0.665625 0.0578125 0.08125
0 0.60546875 0.696875 0.0578125 0.075
0 0.49140625 0.634375 0.0640625 0.084375
0 0.515625 0.803125 0.075 0.096875
0 0.89609375 0.12734375 0.0578125 0.0640625
0 1.09140625 0.228125 0.0578125 0.075
0 0.89453125 0.24296875 0.0609375 0.0703125
0 0.98671875 0.37421875 0.0609375 0.0765625
0 0.91171875 0.55546875 0.0578125 0.0828125
0 1.56484375 0.82421875 0.0671875 0.0859375
0 1.51640625 0.95078125 0.0703125 0.0859375
0 1.3140625 0.9640625 0.078125 0.090625
0 1.4578125 1.1078125 0.078125 0.115625
0 1.5140625 1.19296875 0.065625 0.0890625
0 1.47109375 1.26875 0.0859375 0.08125
0 0.67109375 1.4359375 0.0921875 0.115625
0 0.20703125 1.596875 0.0890625 0.096875
0 0.38984375 1.81796875 0.1109375 0.1078125
0 1.22265625 1.1109375 0.0828125 0.084375
0 1.17734375 1.18046875 0.0859375 0.1203125
0 1.3703125 1.34453125 0.084375 0.0984375
0 1.490625 1.57890625 0.08125 0.1078125
0 1.278125 1.4953125 0.06875 0.1
0 1.284375 1.703125 0.046875 0.071875
0 1.42890625 1.84375 0.0953125 0.115625
0 1.08515625 1.31875 0.0703125 0.103125
0 0.2171875 0.9625 0.14375 0.11875
0 0.01875 1.27890625 0.0375 0.0953125
