0 0.52421875 0.3 0.0390625 0.05625
0 0.68359375 0.33359375 0.0421875 0.0578125
0 0.8515625 0.30703125 0.040625 0.0609375
0 1.03828125 0.2453125 0.0390625 0.059375
0 1.13828125 0.365625 0.0359375 0.059375
0 0.0546875 0.40703125 0.021875 0.0234375
0 0.22734375 0.38203125 0.0203125 0.0265625
0 0.3046875 0.45625 0.021875 0.03125
0 0.4546875 0.43515625 0.03125 0.0515625
0 1.10703125 0.28671875 0.0296875 0.0328125
0 1.46640625 0.25546875 0.0265625 0.0359375
0 1.55859375 0.28359375 0.0265625 0.0359375
0 1.31796875 0.38828125 0.0296875 0.0203125
