0 0.80078125 0.0625 0.0140625 0.025
0 0.9109375 0.08046875 0.015625 0.0234375
0 0.97890625 0.078125 0.0140625 0.021875
0 1.04609375 0.07578125 0.0171875 0.0203125
0 1.07890625 0.1984375 0.0203125 0.025
0 1.0640625 0.13984375 0.015625 0.0203125
0 1.240625 0.134375 0.015625 0.028125
0 1.31171875 0.15234375 0.0203125 0.0265625
0 1.4484375 0.15078125 0.01875 0.0203125
0 1.496875 0.2203125 0.015625 0.021875
0 1.52421875 0.16015625 0.0140625 0.0234375
0 1.359375 0.2703125 0.021875 0.021875
0 1.44765625 0.2703125 0.0203125 0.025
0 1.4875 0.28125 0.01875 0.025
0 1.4390625 0.3921875 0.025 0.028125
0 1.34375 0.39296875 0.021875 0.0265625
0 1.1796875 0.5203125 0.025 0.03125
0 1.08671875 0.44296875 0.0234375 0.0328125
0 1.00859375 0.41953125 0.0234375 0.0421875
0 0.875 0.41640625 0.021875 0.0265625
0 0.8203125 0.46875 0.025 0.03125
0 0.8046875 0.40390625 0.021875 0.0296875
0 0.74609375 0.22890625 0.0171875 0.0265625
0 0.66328125 0.38984375 0.0171875 0.0265625
0 0.8421875 0.23984375 0.015625 0.0203125
0 0.4671875 0.44453125 0.01875 0.0265625
0 0.53984375 0.44375 0.0171875 0.03125
0 0.5203125 0.49453125 0.021875 0.0421875
0 0.778125 0.578125 0.021875 0.034375
0 0.86953125 0.57734375 0.0234375 0.0390625
0 0.6203125 0.653125 0.03125 0.04375
0 1.02890625 0.60546875 0.0234375 0.0328125
0 1.10078125 0.5984375 0.0234375 0.0375
0 1.17734375 0.60390625 0.0234375 0.0328125
0 1.27734375 0.60390625 0.0234375 0.0359375
0 1.3640625 0.621875 0.021875 0.034375
0 1.459375 0.63515625 0.021875 0.0328125
0 0.1359375 0.65703125 0.025 0.0421875
0 1.559375 0.21796875 0.015625 0.0234375
0 1.11640625 0.14453125 0.0171875 0.0234375
0 1.32578125 0.02265625 0.0171875 0.0265625
0 1.39140625 0.0125 0.0203125 0.025
0 1.18359375 0.0171875 0.0203125 0.025
0 1.18046875 0.15234375 0.0171875 0.0234375
0 0.9234375 0.5234375 0.021875 0.034375
