0 0.36015625 0.2125 0.1203125 0.16875
0 0.18046875 0.35546875 0.1171875 0.1640625
0 0.50625 0.27734375 0.121875 0.1609375
0 0.590625 0.515625 0.1125 0.15625
0 0.56328125 0.121875 0.1109375 0.15
0 0.74921875 0.15859375 0.0890625 0.1234375
0 0.85546875 0.05234375 0.1140625 0.1046875
0 1.11484375 0.0984375 0.0984375 0.16875
0 1.234375 0.29765625 0.0875 0.1390625
0 1.35625 0.446875 0.125 0.178125
0 1.4421875 0.1109375 0.1125 0.165625
0 0.58984375 0.89921875 0.1265625 0.1421875
0 0.8609375 0.9234375 0.134375 0.128125
0 0.2609375 0.4875 0.109375 0.146875
0 0.81875 0.153125 0.109375 0.140625
0 0.8703125 0.30625 0.125 0.15625
0 0.790625 0.3890625 0.115625 0.134375
