0 0.43984375 0.23515625 0.1703125 0.1890625
0 0.69375 0.228125 0.15 0.21875
0 0.93671875 0.28125 0.1453125 0.171875
0 1.19296875 0.32890625 0.1640625 0.1796875
0 1.38984375 0.2515625 0.0421875 0.05625
0 1.53984375 0.3875 0.0484375 0.05625
0 0.14140625 0.2890625 0.0171875 0.021875
0 0.16640625 0.3734375 0.0234375 0.028125
0 0.121875 0.3859375 0.03125 0.040625
0 0.0140625 0.43203125 0.028125 0.0703125
0 0.16953125 0.178125 0.0171875 0.01875
0 0.11484375 0.1578125 0.0140625 0.015625
0 0.075 0.17421875 0.0125 0.0140625
0 0.0328125 0.15234375 0.0125 0.0140625
0 0.08515625 0.22421875 0.0140625 0.0171875
0 0.309375 0.24296875 0.015625 0.0171875
0 0.26640625 0.209375 0.0140625 0.01875
0 0.06875 0.15625 0.0125 0.0125
0 0.0765625 0.125 0.009375 0.0125
0 0.5375 0.2734375 0.009375 0.0125
0 0.54296875 0.21875 0.0109375 0.0125
0 0.55859375 0.23125 0.0109375 0.0125
0 0.5734375 0.21640625 0.009375 0.0140625
0 0.58671875 0.203125 0.0109375 0.015625
0 0.5359375 0.153125 0.009375 0.0125
0 0.52421875 0.309375 0.0140625 0.01875
0 0.5875 0.3453125 0.025 0.025
0 1.33359375 0.18125 0.0140625 0.015625
0 1.43671875 0.18046875 0.0140625 0.0171875
0 0.5859375 0.23359375 0.0125 0.0140625
0 0.9375 0.09453125 0.0125 0.0109375
0 0.971875 0.10078125 0.0125 0.0140625
0 1.00390625 0.1015625 0.0109375 0.0125
0 0.90546875 0.09765625 0.0109375 0.0109375
0 0.78125 0.1234375 0.015625 0.01875
0 0.81875 0.196875 0.0125 0.015625
0 1.0875 0.09609375 0.009375 0.0109375
0 1.12265625 0.09296875 0.0078125 0.0109375
0 1.15859375 0.09453125 0.0109375 0.0109375
0 1.2140625 0.078125 0.009375 0.009375
0 1.23984375 0.07421875 0.0078125 0.0109375
0 0.28046875 0.16171875 0.0109375 0.0140625
0 0.2390625 0.1640625 0.009375 0.009375
