0 1.25546875 0.27421875 0.1171875 0.1546875
0 1.49453125 0.6984375 0.0484375 0.065625
0 1.44765625 0.70234375 0.0359375 0.0546875
0 1.49296875 0.62578125 0.0296875 0.0484375
0 1.4546875 0.64296875 0.028125 0.0390625
0 1.04453125 0.7359375 0.0265625 0.040625
0 0.91015625 0.67890625 0.0171875 0.0265625
0 0.95390625 0.73125 0.0234375 0.03125
0 0.84921875 0.734375 0.0234375 0.034375
0 1.0515625 0.6875 0.01875 0.025
0 1.4125 0.66484375 0.028125 0.0421875
0 0.99296875 0.67890625 0.0234375 0.0296875
0 0.31640625 0.7640625 0.0203125 0.025
0 1.02265625 0.71796875 0.0234375 0.0421875
0 1.52421875 0.59921875 0.0234375 0.0390625
0 0.92109375 0.74375 0.0234375 0.0375
0 0.875 0.7375 0.021875 0.03125
0 0.8390625 0.68203125 0.01875 0.0234375
0 0.97265625 0.6734375 0.0203125 0.028125
0 0.93828125 0.69375 0.0234375 0.025
0 1.0359375 0.64765625 0.021875 0.0296875
0 0.9234375 0.65390625 0.01875 0.0265625
0 1.453125 0.59765625 0.01875 0.0265625
0 1.475 0.59765625 0.01875 0.0265625
0 1.46328125 0.571875 0.0203125 0.025
0 1.40234375 0.55625 0.0171875 0.025
0 1.53125 0.56953125 0.021875 0.0265625
0 1.5046875 0.58671875 0.021875 0.0296875
0 1.43203125 0.63125 0.0203125 0.028125
0 0.0734375 0.6140625 0.0125 0.01875
0 0.2015625 0.7015625 0.0125 0.015625
0 0.4875 0.5109375 0.14375 0.190625
0 0.3984375 0.7625 0.015625 0.021875
0 0.37109375 0.7578125 0.0140625 0.01875
0 0.40078125 0.721875 0.0140625 0.01875
0 1.02578125 0.6765625 0.0203125 0.021875
0 1.0765625 0.64609375 0.01875 0.0234375
0 0.790625 0.69375 0.01875 0.021875
0 0.7921875 0.665625 0.015625 0.021875
0 0.82265625 0.64375 0.0171875 0.021875
0 0.86328125 0.68125 0.0140625 0.01875
0 0.9703125 0.64765625 0.01875 0.0234375
0 0.81484375 0.73671875 0.0234375 0.0328125
0 0.9015625 0.66484375 0.01875 0.0296875
0 1.36953125 0.603125 0.0203125 0.03125
0 1.58203125 0.60078125 0.0203125 0.0390625
0 1.43984375 0.49296875 0.0203125 0.0234375
0 1.3921875 0.534375 0.015625 0.01875
0 1.396875 0.50390625 0.0125 0.0203125
0 1.56796875 0.53125 0.0171875 0.021875
0 1.496875 0.465625 0.015625 0.01875
0 1.4203125 0.45546875 0.0125 0.0140625
0 1.40078125 0.46328125 0.0140625 0.0171875
0 1.4484375 0.42890625 0.015625 0.0203125
0 1.5703125 0.4734375 0.015625 0.021875
0 1.5875 0.4703125 0.0125 0.01875
0 1.54140625 0.44296875 0.0171875 0.0171875
0 1.51875 0.51015625 0.01875 0.0234375
0 1.50859375 0.4390625 0.0140625 0.01875
0 1.53125 0.40859375 0.015625 0.0203125
0 1.49609375 0.4234375 0.0171875 0.01875
0 1.48984375 0.3921875 0.0140625 0.01875
0 1.4515625 0.38984375 0.0125 0.0171875
0 0.9796875 0.62421875 0.015625 0.0171875
0 1.00546875 0.6203125 0.0140625 0.015625
0 1.0578125 0.51953125 0.0125 0.0171875
0 1.13984375 0.61171875 0.0140625 0.0203125
0 1.12734375 0.57578125 0.0140625 0.0140625
0 0.88203125 0.64140625 0.0140625 0.0171875
0 1.02421875 0.62734375 0.0140625 0.0203125
0 1.05390625 0.61484375 0.0140625 0.0171875
0 1.034375 0.61328125 0.0125 0.0140625
0 1.01796875 0.60390625 0.0109375 0.0140625
0 0.9609375 0.61875 0.0125 0.015625
0 0.95078125 0.64453125 0.0140625 0.0171875
0 0.884375 0.67578125 0.015625 0.0203125
0 1.4328125 0.59375 0.025 0.025
0 0.2703125 0.684375 0.01875 0.021875
