0 0.209375 0.26171875 0.053125 0.0765625
0 0.4046875 0.26875 0.059375 0.078125
0 0.58359375 0.2953125 0.0578125 0.075
0 0.74375 0.2828125 0.05625 0.075
0 0.83515625 0.25078125 0.0515625 0.0734375
0 1.00546875 0.24921875 0.0515625 0.0765625
0 1.17890625 0.2609375 0.0546875 0.075
0 1.36171875 0.278125 0.0578125 0.071875
0 0.29453125 0.48046875 0.0609375 0.0921875
0 0.54453125 0.48515625 0.0671875 0.0921875
0 0.80859375 0.50234375 0.0671875 0.0921875
0 1.0484375 0.47265625 0.0625 0.0890625
0 1.33203125 0.490625 0.0640625 0.096875
