0 1.1484375 0.47265625 0.2375 0.2765625
0 0.8703125 0.48671875 0.240625 0.2953125
0 0.3859375 0.590625 0.30625 0.3625
0 1.42109375 0.43828125 0.0421875 0.0640625
0 1.490625 0.38671875 0.046875 0.0578125
0 0.62890625 0.10078125 0.0671875 0.0796875
0 0.79453125 0.1171875 0.0515625 0.065625
0 0.40625 0.0265625 0.075 0.053125
0 1.02265625 0.053125 0.0203125 0.025
0 1.08203125 0.06484375 0.0265625 0.0328125
0 1.01953125 0.33515625 0.1015625 0.1328125
0 1.46015625 0.1109375 0.0203125 0.021875
0 1.39921875 0.1015625 0.0171875 0.01875
