0 1.0109375 0.4046875 0.090625 0.1
0 0.05546875 0.9921875 0.0421875 0.05625
0 0.1359375 1.03984375 0.01875 0.0265625
0 0.18203125 1.03125 0.0140625 0.025
0 0.24765625 1.05703125 0.0140625 0.0234375
0 0.2578125 1.14921875 0.015625 0.0203125
0 0.16796875 1.13984375 0.0140625 0.0234375
0 0.14609375 1.1609375 0.0203125 0.028125
0 0.09609375 1.2328125 0.0203125 0.028125
0 0.13125 1.21640625 0.028125 0.0421875
0 0.10703125 1.209375 0.0171875 0.021875
0 0.175 1.23984375 0.025 0.0328125
0 0.19921875 1.209375 0.0234375 0.0375
0 0.19296875 1.16953125 0.0171875 0.0234375
0 0.25234375 1.21484375 0.0171875 0.0265625
0 0.2625 1.19296875 0.01875 0.0234375
0 0.24921875 1.25546875 0.0265625 0.0453125
0 0.29609375 1.2 0.0203125 0.028125
0 0.31484375 1.25546875 0.0234375 0.0390625
0 0.35 1.253125 0.028125 0.0375
0 0.3640625 1.1953125 0.01875 0.028125
0 0.346875 1.16015625 0.01875 0.0234375
0 0.2984375 1.146875 0.01875 0.025
0 0.43046875 1.0703125 0.0171875 0.025
0 0.375 1.0359375 0.015625 0.021875
0 0.1953125 1.00078125 0.015625 0.0234375
0 0.321875 1.21171875 0.01875 0.0234375
0 0.3953125 1.15234375 0.01875 0.0265625
0 0.34921875 1.11796875 0.0140625 0.0234375
0 0.4140625 1.16953125 0.015625 0.0265625
0 0.43515625 1.18359375 0.0109375 0.0234375
0 0.4546875 1.196875 0.01875 0.03125
0 0.4125 1.23046875 0.021875 0.0296875
0 0.428125 1.2484375 0.01875 0.03125
0 0.4421875 1.271875 0.025 0.0375
0 0.4546875 1.25546875 0.015625 0.0265625
0 0.4796875 1.2671875 0.025 0.0375
0 0.50390625 1.26875 0.0140625 0.025
0 0.54921875 1.28515625 0.0234375 0.0328125
0 0.59453125 1.2875 0.0234375 0.034375
0 0.64375 1.30703125 0.01875 0.0328125
0 0.5890625 1.26015625 0.01875 0.0203125
0 0.62109375 1.2890625 0.0203125 0.025
0 0.5625 1.25703125 0.015625 0.0234375
0 0.57890625 1.1890625 0.0140625 0.021875
0 0.55234375 1.153125 0.0171875 0.01875
0 0.52734375 1.1515625 0.0140625 0.01875
0 0.59765625 1.15390625 0.0140625 0.0171875
0 0.48671875 1.14375 0.0140625 0.01875
0 0.575 1.134375 0.0125 0.01875
0 0.615625 1.1203125 0.009375 0.01875
0 0.540625 1.06015625 0.0125 0.0234375
0 0.8421875 1.19609375 0.01875 0.0296875
0 0.70546875 1.29765625 0.0234375 0.0265625
0 0.74609375 1.30234375 0.0171875 0.0265625
0 0.76875 1.30859375 0.021875 0.0359375
0 0.80703125 1.30546875 0.0203125 0.0328125
0 0.82421875 1.31953125 0.0109375 0.0203125
0 0.86015625 1.31953125 0.0203125 0.0234375
0 0.915625 1.21953125 0.01875 0.0296875
0 0.91953125 1.31171875 0.0234375 0.0296875
0 0.9703125 1.31640625 0.01875 0.0203125
0 0.76015625 1.1140625 0.0140625 0.021875
0 1.00390625 1.28984375 0.0140625 0.0171875
0 1.0765625 1.3109375 0.0125 0.015625
0 1.11171875 1.31953125 0.0140625 0.0203125
0 1.10703125 1.296875 0.0203125 0.01875
0 1.05546875 1.31015625 0.0140625 0.0140625
0 1.03359375 1.17578125 0.0109375 0.0203125
0 0.9328125 1.21328125 0.015625 0.0203125
0 1.14375 1.3140625 0.015625 0.01875
0 1.1953125 1.28359375 0.0125 0.0171875
0 1.28828125 1.32421875 0.0171875 0.0140625
0 1.2609375 1.321875 0.015625 0.015625
0 1.32890625 1.32734375 0.0171875 0.0078125
0 1.46484375 1.278125 0.0140625 0.021875
0 1.5171875 1.309375 0.0125 0.01875
0 1.53671875 1.29609375 0.0140625 0.0203125
0 1.303125 1.22578125 0.0125 0.0109375
0 0.09375 0.99453125 0.0125 0.0171875
0 0.0125 0.98828125 0.0125 0.0171875
0 0.03515625 0.9109375 0.0140625 0.015625
0 0.09140625 0.9171875 0.0109375 0.0125
0 0.11796875 0.92734375 0.0109375 0.0109375
0 0.12109375 0.9578125 0.0109375 0.015625
0 0.14609375 0.9703125 0.0140625 0.015625
0 0.15234375 1.028125 0.0171875 0.021875
0 0.215625 1.0453125 0.0125 0.015625
0 0.23671875 1.01015625 0.0140625 0.0171875
0 0.228125 0.9921875 0.0125 0.015625
0 0.2203125 1.00859375 0.0125 0.0171875
0 0.19375 0.9765625 0.009375 0.0125
0 0.15703125 0.95859375 0.0109375 0.0140625
0 0.16015625 0.93125 0.0109375 0.0125
0 0.26015625 1.03828125 0.0109375 0.0140625
0 0.29296875 1.06328125 0.0140625 0.0171875
0 0.30234375 1.0515625 0.0109375 0.015625
0 0.30234375 1.01953125 0.0109375 0.0140625
0 0.3109375 1.03515625 0.0125 0.0171875
0 0.321875 1.07734375 0.0125 0.0171875
0 0.25546875 1.0109375 0.0140625 0.01875
0 0.23515625 0.97109375 0.0109375 0.0140625
0 0.2015625 0.95234375 0.0125 0.0109375
0 0.10390625 0.97109375 0.0140625 0.0140625
0 0.14453125 0.98828125 0.0140625 0.0140625
0 0.446875 1.22734375 0.01875 0.0203125
0 0.40234375 1.19609375 0.0171875 0.0171875
0 0.36328125 1.1453125 0.0171875 0.021875
0 0.3140625 1.1125 0.015625 0.01875
0 0.340625 1.0515625 0.015625 0.015625
0 0.33828125 1.02421875 0.0140625 0.0171875
0 0.3796875 0.99765625 0.015625 0.0171875
0 0.3421875 1.00859375 0.015625 0.0171875
0 0.3796875 0.975 0.009375 0.015625
0 0.4109375 0.96875 0.009375 0.0125
0 0.4046875 1.00078125 0.009375 0.0140625
0 0.44921875 1.034375 0.0109375 0.015625
0 0.45078125 1.06015625 0.0140625 0.0171875
0 0.40859375 1.0484375 0.0140625 0.015625
0 0.41484375 1.0390625 0.0140625 0.01875
0 0.3953125 1.01640625 0.0125 0.0140625
0 0.38125 1.09609375 0.015625 0.0203125
0 0.3453125 1.0875 0.015625 0.015625
0 0.48359375 1.11484375 0.0140625 0.0171875
0 0.5328125 1.1328125 0.015625 0.015625
0 0.621875 1.14609375 0.0125 0.0203125
0 0.63515625 1.1328125 0.0109375 0.01875
0 0.65546875 1.1109375 0.0109375 0.015625
0 0.67109375 1.10703125 0.0140625 0.0171875
0 0.6328125 1.08515625 0.0125 0.0140625
0 0.61171875 1.1 0.0109375 0.0125
0 0.59765625 1.08671875 0.0109375 0.0140625
0 0.59453125 1.06640625 0.0109375 0.0140625
0 0.58203125 1.1109375 0.0140625 0.015625
0 0.4921875 1.04296875 0.015625 0.0203125
0 0.45859375 1.0859375 0.0171875 0.01875
0 0.696875 1.0140625 0.0125 0.015625
0 0.678125 0.98359375 0.00625 0.0140625
0 0.65625 0.9765625 0.009375 0.009375
0 0.72421875 1.025 0.0109375 0.0125
0 0.4796875 0.925 0.009375 0.0125
0 0.60859375 1.19140625 0.0171875 0.0203125
0 0.6234375 1.26484375 0.01875 0.0203125
0 0.65 1.27109375 0.01875 0.0203125
0 0.63671875 1.24921875 0.0203125 0.0203125
0 0.5765625 1.2421875 0.015625 0.015625
0 0.24609375 1.1765625 0.0171875 0.015625
0 0.20859375 1.1640625 0.0140625 0.015625
0 0.34296875 1.18984375 0.0140625 0.0171875
0 0.38203125 1.17890625 0.0171875 0.0203125
0 0.35703125 1.23671875 0.0203125 0.0203125
0 0.46484375 1.16875 0.0171875 0.01875
0 0.66328125 1.01015625 0.0109375 0.0109375
0 0.75234375 1.03671875 0.0109375 0.0140625
0 0.73828125 1.05703125 0.0140625 0.0140625
0 0.77265625 1.0953125 0.0140625 0.015625
0 0.8015625 1.10234375 0.015625 0.0171875
0 0.82265625 1.16640625 0.0140625 0.0171875
0 0.84375 1.17109375 0.015625 0.0171875
0 0.85078125 1.13359375 0.0109375 0.0140625
0 0.8390625 1.14609375 0.0125 0.0140625
0 0.79453125 1.159375 0.0171875 0.021875
0 0.94609375 1.19140625 0.0109375 0.0140625
0 0.92890625 1.16484375 0.0109375 0.0140625
0 0.91796875 1.14765625 0.0109375 0.0140625
0 0.94296875 1.1515625 0.0109375 0.0125
0 0.9203125 1.13203125 0.009375 0.0140625
0 0.9390625 1.12421875 0.009375 0.0140625
0 0.9296875 1.103125 0.009375 0.0125
0 0.93125 1.11875 0.009375 0.0125
0 0.90859375 1.11953125 0.0109375 0.0140625
0 0.88671875 1.128125 0.0109375 0.0125
0 0.85546875 1.125 0.0109375 0.0125
0 0.87578125 1.11171875 0.0109375 0.0140625
0 0.88125 1.1 0.009375 0.0125
0 0.91171875 1.0671875 0.0109375 0.0125
0 0.9296875 1.0671875 0.009375 0.0125
0 0.93046875 1.0828125 0.0109375 0.0125
0 0.86328125 1.04375 0.0109375 0.0125
0 0.80546875 1.0890625 0.0109375 0.0125
0 0.80078125 1.07578125 0.0109375 0.0109375
0 0.77578125 1.06953125 0.0109375 0.0140625
0 0.81875 1.07890625 0.009375 0.0109375
0 0.828125 1.0609375 0.009375 0.0125
0 0.81171875 1.06015625 0.0109375 0.0140625
0 0.75546875 1.021875 0.0109375 0.0125
0 0.775 1.01328125 0.009375 0.0109375
0 0.7578125 0.99453125 0.009375 0.0109375
0 0.853125 1.0046875 0.009375 0.009375
0 0.87734375 1.02265625 0.0109375 0.0109375
0 0.8921875 1.06484375 0.0125 0.0140625
0 0.9171875 1.03046875 0.0125 0.0140625
0 0.81953125 1.02734375 0.0109375 0.0109375
0 0.5609375 1.05625 0.015625 0.015625
0 0.7921875 1.05078125 0.0125 0.0140625
0 0.4625 1.1203125 0.0125 0.015625
0 0.56328125 1.11953125 0.0109375 0.0140625
0 0.509375 1.096875 0.0125 0.015625
0 0.57265625 1.16875 0.0140625 0.015625
0 0.81484375 1.20078125 0.0171875 0.0203125
0 0.94375 1.28203125 0.015625 0.0171875
0 0.95234375 1.2671875 0.0109375 0.0125
0 0.9671875 1.2734375 0.0125 0.01875
0 0.9390625 1.30703125 0.015625 0.0203125
0 0.9484375 1.309375 0.015625 0.021875
0 0.97421875 1.30234375 0.0171875 0.0203125
0 0.9875 1.30390625 0.015625 0.0171875
0 1.0125 1.3078125 0.015625 0.01875
0 1.02890625 1.32265625 0.0140625 0.0171875
0 1.05 1.325 0.015625 0.0125
0 1.0359375 1.284375 0.0125 0.0125
0 1.0671875 1.29296875 0.009375 0.0140625
0 1.0546875 1.28046875 0.0125 0.0171875
0 1.0171875 1.26328125 0.015625 0.0140625
0 0.98203125 1.246875 0.0140625 0.015625
0 0.97421875 1.2640625 0.0140625 0.015625
0 0.9703125 1.1984375 0.0125 0.0125
0 0.9578125 1.18125 0.0125 0.009375
0 0.975 1.18125 0.0125 0.009375
0 0.996875 1.203125 0.015625 0.01875
0 1.02890625 1.21015625 0.0109375 0.0109375
0 1.05390625 1.1921875 0.0109375 0.0125
0 1.0734375 1.1984375 0.009375 0.0125
0 1.053125 1.23359375 0.0125 0.0140625
0 1.075 1.23828125 0.0125 0.0140625
0 1.08984375 1.22421875 0.0109375 0.0140625
0 0.96875 1.1671875 0.0125 0.0125
0 0.97890625 1.1421875 0.0109375 0.0125
0 0.9609375 1.125 0.0125 0.0125
0 0.98515625 1.12265625 0.0109375 0.0109375
0 0.96953125 1.1109375 0.0109375 0.0125
0 0.95390625 1.10625 0.0109375 0.0125
0 0.95234375 1.09296875 0.0109375 0.0140625
0 1.00078125 1.165625 0.0109375 0.0125
0 1.025 1.14296875 0.009375 0.0140625
0 1.04375 1.1578125 0.009375 0.0125
0 1.009375 1.13203125 0.009375 0.0109375
0 1.01953125 1.1203125 0.0109375 0.0125
0 1.05546875 1.10234375 0.0109375 0.0140625
0 1.028125 1.1046875 0.0125 0.0125
0 1.04453125 1.12421875 0.0140625 0.0140625
0 1.05234375 1.175 0.0109375 0.0125
0 1.1125 1.2 0.0125 0.015625
0 1.11171875 1.24765625 0.0140625 0.0140625
0 1.13828125 1.2609375 0.0140625 0.015625
0 1.1625 1.28671875 0.015625 0.0171875
0 1.16640625 1.259375 0.0140625 0.015625
0 1.18984375 1.259375 0.0109375 0.015625
0 1.15546875 1.23046875 0.0109375 0.0140625
0 1.16953125 1.24140625 0.0109375 0.0109375
0 1.21875 1.2921875 0.0125 0.0125
0 1.1921875 1.225 0.0125 0.015625
0 1.1484375 1.21015625 0.0125 0.0140625
0 1.08125 1.18125 0.0125 0.0125
0 1.0890625 1.16640625 0.0125 0.0140625
0 1.10390625 1.15234375 0.0109375 0.0109375
0 1.06484375 1.11953125 0.0109375 0.0109375
0 1.06953125 1.14765625 0.0109375 0.0109375
0 1.05390625 1.06640625 0.0109375 0.0109375
0 1.01953125 1.07265625 0.0109375 0.0109375
0 1.0453125 1.0875 0.0125 0.0125
0 1.08984375 1.115625 0.0078125 0.009375
0 1.09453125 1.13046875 0.0109375 0.0109375
0 1.09921875 1.13671875 0.0109375 0.0109375
0 1.12890625 1.16953125 0.0109375 0.0109375
0 1.15 1.16875 0.0125 0.0125
0 1.1296875 1.1921875 0.0125 0.015625
0 1.13359375 1.25078125 0.0140625 0.0171875
0 1.18203125 1.171875 0.0109375 0.0125
0 1.17734375 1.153125 0.0109375 0.0125
0 1.1953125 1.20234375 0.0125 0.0171875
0 1.21640625 1.19140625 0.0109375 0.0109375
0 1.2375 1.20234375 0.0125 0.0109375
0 1.25625 1.21484375 0.0125 0.0171875
0 1.26484375 1.2046875 0.0109375 0.0125
0 1.25703125 1.2625 0.0109375 0.0125
0 1.2484375 1.2796875 0.0125 0.0125
0 1.2484375 1.29375 0.015625 0.015625
0 1.2765625 1.29765625 0.0125 0.0171875
0 1.2421875 1.2171875 0.0125 0.0125
0 1.234375 1.2359375 0.009375 0.0125
0 1.23125 1.275 0.0125 0.015625
0 1.090625 1.0671875 0.0125 0.0125
0 1.13203125 1.103125 0.0109375 0.0125
0 1.165625 1.19453125 0.0125 0.0140625
0 0.9234375 1.1859375 0.015625 0.015625
0 0.9734375 1.09765625 0.0125 0.0109375
0 0.98125 1.04375 0.0125 0.0125
0 0.978125 1.07734375 0.0125 0.0140625
0 0.84140625 1.08828125 0.0171875 0.0171875
0 1.11796875 1.06796875 0.0140625 0.0140625
0 1.1390625 1.1421875 0.0125 0.0125
0 1.2421875 1.3125 0.0125 0.0125
0 1.26953125 1.315625 0.0140625 0.015625
0 1.30390625 1.3171875 0.0140625 0.015625
0 1.32578125 1.29765625 0.0109375 0.0140625
0 1.340625 1.3015625 0.0125 0.0125
0 1.3765625 1.31015625 0.0125 0.0140625
0 1.41171875 1.27734375 0.0109375 0.0140625
0 1.36171875 1.259375 0.0109375 0.0125
0 1.38515625 1.2640625 0.0109375 0.0125
0 1.39921875 1.25859375 0.0109375 0.0109375
0 1.2984375 1.278125 0.015625 0.015625
0 1.315625 1.28046875 0.0125 0.0140625
0 1.30546875 1.25625 0.0109375 0.0125
0 1.33046875 1.22890625 0.0109375 0.0140625
0 1.31796875 1.2234375 0.0109375 0.0125
0 1.34375 1.21953125 0.0125 0.0140625
0 1.3390625 1.2421875 0.0125 0.015625
0 1.36171875 1.24453125 0.0109375 0.0109375
0 1.38125 1.23671875 0.0125 0.0140625
0 1.3875 1.22421875 0.009375 0.0109375
0 1.40390625 1.2203125 0.0109375 0.0125
0 1.43046875 1.2125 0.0109375 0.0125
0 1.41953125 1.25859375 0.0140625 0.0140625
0 1.44609375 1.2828125 0.0140625 0.015625
0 1.4015625 1.2953125 0.009375 0.009375
0 1.41484375 1.2984375 0.0109375 0.0125
0 1.45546875 1.25859375 0.0109375 0.0140625
0 1.50546875 1.2765625 0.0140625 0.015625
0 1.51328125 1.23125 0.0109375 0.0125
0 1.28671875 1.21171875 0.0109375 0.0140625
0 1.46640625 1.24453125 0.0109375 0.0140625
0 1.375 1.18828125 0.0125 0.0140625
0 1.3328125 1.25546875 0.0125 0.0140625
0 1.29921875 1.23828125 0.0109375 0.0109375
0 1.52578125 1.22734375 0.0109375 0.0140625
0 1.3578125 1.19375 0.009375 0.0125
0 0.95859375 1.0453125 0.0109375 0.0125
0 0.93671875 1.03046875 0.0109375 0.0109375
0 0.9421875 1.0609375 0.0125 0.015625
0 1.01328125 1.0921875 0.0109375 0.0125
0 1.03359375 1.078125 0.0109375 0.0125
0 1.1546875 1.09296875 0.0125 0.0140625
0 1.20390625 1.11796875 0.0109375 0.0109375
0 1.27578125 1.159375 0.0109375 0.0125
0 1.3140625 1.16484375 0.0125 0.0140625
0 1.3671875 1.13984375 0.0125 0.0140625
0 1.29453125 1.1375 0.0109375 0.0125
0 1.17734375 1.13125 0.0109375 0.0125
0 1.33984375 1.16328125 0.0109375 0.0140625
0 1.38984375 1.16796875 0.0109375 0.0109375
0 1.26015625 1.10703125 0.0109375 0.0140625
0 1.5328125 1.28359375 0.0125 0.0140625
0 1.303125 1.10078125 0.00625 0.0078125
0 1.3203125 1.09765625 0.00625 0.0078125
0 1.33671875 1.10234375 0.0078125 0.0078125
0 1.578125 1.25390625 0.0125 0.0140625
0 1.5484375 1.31953125 0.015625 0.0171875
0 1.5953125 1.3234375 0.009375 0.015625
0 1.57734375 1.28125 0.0140625 0.015625
0 1.5703125 1.21328125 0.0125 0.0140625
0 1.56015625 1.22421875 0.0140625 0.0171875
0 1.25234375 1.171875 0.0078125 0.009375
0 1.24609375 1.134375 0.0078125 0.009375
0 1.2 1.17109375 0.009375 0.0109375
0 1.20234375 1.159375 0.0078125 0.009375
0 1.21484375 1.140625 0.0078125 0.009375
0 1.21640625 1.1671875 0.0078125 0.009375
0 1.228125 1.19609375 0.009375 0.0109375
0 1.2421875 1.1953125 0.009375 0.0125
0 1.3109375 1.18125 0.009375 0.0125
0 1.2890625 1.13046875 0.009375 0.0109375
0 1.353125 1.121875 0.009375 0.009375
0 0.53984375 1.0234375 0.0109375 0.01875
