0 1.41875 0.49296875 0.03125 0.0328125
0 1.4109375 0.4109375 0.03125 0.0375
0 1.3015625 0.44296875 0.03125 0.0296875
0 1.2765625 0.4 0.028125 0.034375
0 1.2234375 0.4078125 0.03125 0.040625
0 1.2359375 0.56171875 0.03125 0.0390625
0 1.1078125 0.534375 0.034375 0.040625
0 1.1359375 0.41328125 0.028125 0.0328125
0 1.19453125 0.40390625 0.0234375 0.0359375
0 1.15078125 0.403125 0.0265625 0.034375
0 1.08125 0.40859375 0.034375 0.0328125
0 1.05078125 0.4234375 0.0296875 0.034375
0 1.040625 0.540625 0.0375 0.040625
0 0.93125 0.5640625 0.040625 0.034375
0 0.97578125 0.63046875 0.0390625 0.0453125
0 0.97265625 0.42734375 0.0296875 0.0359375
0 0.8875 0.4296875 0.025 0.03125
0 0.8765625 0.4015625 0.028125 0.034375
0 0.821875 0.39921875 0.028125 0.0359375
0 0.80390625 0.43125 0.0265625 0.03125
0 0.7609375 0.41640625 0.028125 0.0359375
0 0.72578125 0.409375 0.0296875 0.034375
0 0.6953125 0.38046875 0.03125 0.0359375
0 0.815625 0.54453125 0.03125 0.0390625
0 0.82421875 0.6140625 0.0359375 0.04375
0 0.76171875 0.59609375 0.0390625 0.0390625
0 0.71171875 0.60078125 0.0359375 0.0390625
0 0.63046875 0.47421875 0.0328125 0.0390625
0 0.5640625 0.41015625 0.03125 0.0359375
0 0.48828125 0.39609375 0.0328125 0.0359375
0 0.41796875 0.3921875 0.0328125 0.0375
0 0.4609375 0.5296875 0.034375 0.040625
0 0.56171875 0.54375 0.0359375 0.040625
0 0.63515625 0.5984375 0.0328125 0.040625
0 0.52578125 0.6078125 0.0359375 0.040625
0 0.38671875 0.38359375 0.0328125 0.0390625
0 0.3359375 0.37265625 0.028125 0.0328125
0 0.2875 0.409375 0.025 0.034375
0 0.26484375 0.415625 0.0234375 0.034375
0 0.3203125 0.59296875 0.034375 0.0421875
0 0.384375 0.590625 0.0375 0.04375
0 0.27109375 0.60859375 0.0390625 0.0484375
0 0.171875 0.603125 0.04375 0.046875
0 1.5359375 0.26328125 0.009375 0.0109375
0 1.48984375 0.27578125 0.0109375 0.0140625
0 1.41328125 0.27890625 0.0078125 0.0109375
0 1.38359375 0.2546875 0.0078125 0.009375
0 1.346875 0.21875 0.00625 0.009375
0 1.2359375 0.29375 0.00625 0.009375
0 1.31640625 0.315625 0.0078125 0.009375
0 1.20703125 0.296875 0.0078125 0.009375
0 1.196875 0.26953125 0.00625 0.0109375
0 1.1671875 0.34140625 0.009375 0.0109375
0 1.13828125 0.34375 0.0078125 0.009375
0 1.10078125 0.34453125 0.0078125 0.0078125
0 1.02578125 0.30859375 0.0078125 0.0109375
0 0.98984375 0.31015625 0.0078125 0.0109375
0 0.90390625 0.34140625 0.0078125 0.0140625
0 0.87109375 0.321875 0.0078125 0.009375
0 0.84296875 0.3359375 0.0078125 0.009375
0 0.74296875 0.30546875 0.0078125 0.0109375
0 0.69296875 0.3 0.0078125 0.009375
0 0.71640625 0.31953125 0.0078125 0.0078125
0 0.65234375 0.3265625 0.0078125 0.009375
0 0.6375 0.3046875 0.009375 0.0125
0 0.64921875 0.29140625 0.0078125 0.0109375
0 0.66796875 0.29453125 0.0078125 0.0109375
0 0.621875 0.3109375 0.00625 0.009375
0 0.56953125 0.33203125 0.0078125 0.0109375
0 0.6140625 0.284375 0.009375 0.009375
0 0.6203125 0.27109375 0.00625 0.0078125
0 0.6484375 0.27578125 0.009375 0.0109375
0 0.71171875 0.2671875 0.0078125 0.009375
0 0.89375 0.2890625 0.009375 0.009375
0 0.86796875 0.28828125 0.0046875 0.0078125
0 0.83671875 0.29921875 0.0078125 0.0078125
0 0.80546875 0.28828125 0.0046875 0.0078125
0 0.78515625 0.3296875 0.0078125 0.009375
0 0.821875 0.3515625 0.00625 0.009375
0 0.94453125 0.2671875 0.0078125 0.009375
0 1.02421875 0.2546875 0.0078125 0.00625
0 0.96875 0.26328125 0.00625 0.0078125
0 1.153125 0.265625 0.00625 0.009375
0 0.68203125 0.2375 0.0078125 0.009375
0 0.265625 0.321875 0.01875 0.025
0 0.5046875 0.34453125 0.009375 0.0109375
