0 0.14296875 0.1421875 0.0734375 0.109375
0 0.4859375 0.1015625 0.0625 0.065625
0 0.69375 0.0640625 0.04375 0.0625
0 0.4515625 0.17578125 0.09375 0.1328125
0 0.09765625 0.38359375 0.0765625 0.1234375
0 0.753125 0.20859375 0.09375 0.1296875
0 0.88125 0.19296875 0.0875 0.1203125
0 1.16171875 0.17578125 0.0890625 0.1171875
0 1.1125 0.45078125 0.078125 0.1453125
0 1.1484375 0.525 0.096875 0.153125
0 1.3203125 0.121875 0.065625 0.0875
0 1.40390625 0.04140625 0.0546875 0.0671875
0 1.45625 0.4484375 0.06875 0.109375
0 1.48359375 0.55859375 0.0953125 0.1203125
0 1.5359375 0.05234375 0.05 0.0828125
0 0.5875 0.21328125 0.065625 0.0921875
