0 0.35625 0.72890625 0.028125 0.0390625
0 0.43359375 0.73046875 0.0296875 0.0359375
0 0.540625 0.73046875 0.028125 0.0328125
0 0.53515625 0.69765625 0.0296875 0.0359375
0 0.5765625 0.690625 0.021875 0.03125
0 0.6171875 0.7125 0.025 0.028125
0 0.64375 0.73359375 0.025 0.0296875
0 0.64921875 0.77109375 0.0359375 0.0421875
0 0.6640625 0.67734375 0.028125 0.0296875
0 0.63671875 0.634375 0.0234375 0.03125
0 0.584375 0.61484375 0.025 0.0296875
0 0.4984375 0.63984375 0.025 0.0296875
0 0.43671875 0.69375 0.0234375 0.034375
0 0.4484375 0.671875 0.021875 0.03125
0 0.39921875 0.62265625 0.0234375 0.0328125
0 0.4921875 0.5859375 0.028125 0.034375
0 0.48125 0.53359375 0.025 0.0296875
0 0.38828125 0.54296875 0.0265625 0.0296875
0 0.20703125 0.67421875 0.0390625 0.0515625
0 0.09140625 0.671875 0.0390625 0.053125
0 0.06328125 0.7234375 0.0453125 0.059375
0 0.0625 0.62734375 0.0375 0.0484375
0 0.07265625 0.5953125 0.0359375 0.046875
0 0.221875 0.621875 0.040625 0.05
0 0.23359375 0.5859375 0.0328125 0.04375
0 0.159375 0.503125 0.0375 0.053125
0 0.02265625 0.4421875 0.0390625 0.053125
0 0.34296875 0.6796875 0.0265625 0.03125
0 0.33671875 0.59375 0.0171875 0.021875
0 0.3109375 0.5421875 0.021875 0.028125
0 0.4 0.4984375 0.025 0.03125
0 0.4140625 0.4578125 0.01875 0.025
0 0.48984375 0.49453125 0.0234375 0.0234375
0 0.48046875 0.45625 0.0171875 0.021875
0 0.56640625 0.46015625 0.0234375 0.0265625
0 0.64609375 0.4890625 0.0265625 0.03125
0 0.675 0.5203125 0.028125 0.028125
0 0.584375 0.54296875 0.021875 0.0296875
0 0.67109375 0.58359375 0.0265625 0.0328125
0 0.5953125 0.51171875 0.01875 0.0265625
0 0.70859375 0.6953125 0.0296875 0.040625
0 0.38046875 0.42578125 0.0234375 0.0234375
0 0.13984375 0.384375 0.0390625 0.05
0 0.15703125 0.3125 0.0359375 0.046875
0 0.2546875 0.44921875 0.0375 0.0421875
0 0.29296875 0.37265625 0.0296875 0.0453125
0 0.30546875 0.30859375 0.0265625 0.0328125
0 0.39765625 0.37421875 0.0203125 0.0234375
0 0.4484375 0.39921875 0.028125 0.0328125
0 0.47421875 0.36328125 0.0265625 0.0296875
0 0.5515625 0.3734375 0.021875 0.028125
0 0.62734375 0.35234375 0.0234375 0.0296875
0 0.625 0.3171875 0.021875 0.028125
0 0.55859375 0.321875 0.0203125 0.021875
0 0.45859375 0.31015625 0.0234375 0.0265625
0 0.4203125 0.33515625 0.01875 0.0234375
0 0.403125 0.2890625 0.021875 0.021875
0 0.490625 0.284375 0.021875 0.028125
0 0.55625 0.2578125 0.021875 0.028125
0 0.61875 0.27578125 0.021875 0.0265625
0 0.65703125 0.26796875 0.0203125 0.0234375
0 0.70234375 0.234375 0.0171875 0.01875
0 0.77265625 0.26875 0.0203125 0.025
0 0.609375 0.23125 0.021875 0.025
0 0.5671875 0.18984375 0.021875 0.0234375
0 0.60625 0.17421875 0.01875 0.0234375
0 0.69296875 0.19609375 0.0140625 0.0234375
0 0.7171875 0.20078125 0.015625 0.0203125
0 0.4546875 0.25625 0.021875 0.028125
0 0.6328125 0.4125 0.025 0.03125
0 0.50859375 0.11953125 0.0140625 0.0234375
0 0.4375 0.221875 0.01875 0.021875
0 0.40078125 0.2625 0.0203125 0.021875
0 0.50234375 0.196875 0.0203125 0.025
0 0.70625 0.10546875 0.015625 0.0234375
0 0.65234375 0.10703125 0.0171875 0.0234375
0 0.5875 0.11015625 0.021875 0.0296875
0 0.6015625 0.06796875 0.01875 0.0203125
0 0.5046875 0.08203125 0.015625 0.0234375
0 0.69453125 0.03671875 0.0140625 0.0203125
0 0.71875 0.04765625 0.015625 0.0234375
0 0.79453125 0.05 0.0171875 0.021875
0 0.77421875 0.1421875 0.0171875 0.01875
0 0.6828125 0.08984375 0.015625 0.0234375
0 0.9203125 0.3203125 0.021875 0.028125
0 0.91640625 0.24609375 0.0203125 0.0296875
0 0.840625 0.25546875 0.01875 0.0234375
0 0.98125 0.2078125 0.015625 0.01875
0 0.9890625 0.2390625 0.01875 0.025
0 1.00234375 0.2015625 0.0140625 0.01875
0 1.05859375 0.2140625 0.0171875 0.025
0 1.04765625 0.178125 0.0140625 0.021875
0 1.0140625 0.3265625 0.01875 0.025
0 0.93984375 0.37421875 0.0234375 0.0265625
0 0.9078125 0.4234375 0.01875 0.021875
0 1.33203125 0.68515625 0.0421875 0.0546875
0 1.484375 0.6921875 0.034375 0.053125
0 1.521875 0.6515625 0.040625 0.053125
0 0.996875 0.7296875 0.028125 0.0375
0 1.06015625 0.76015625 0.0203125 0.0296875
0 1.14375 0.73671875 0.025 0.0328125
0 0.959375 0.684375 0.021875 0.034375
0 1.0546875 0.70390625 0.021875 0.0265625
0 1.11953125 0.6953125 0.0203125 0.025
0 1.15703125 0.67109375 0.0234375 0.0296875
0 1.0546875 0.63984375 0.021875 0.0234375
0 1.19765625 0.709375 0.0203125 0.021875
0 1.234375 0.6796875 0.01875 0.025
0 1.2171875 0.58671875 0.01875 0.0265625
0 1.2734375 0.6 0.021875 0.025
0 1.128125 0.60234375 0.021875 0.0265625
0 1.0609375 0.596875 0.021875 0.028125
0 1.065625 0.5390625 0.021875 0.03125
0 0.9953125 0.54453125 0.021875 0.0296875
0 1.1671875 0.56015625 0.01875 0.0234375
0 1.175 0.49609375 0.01875 0.0234375
0 1.2421875 0.4859375 0.021875 0.025
0 1.20625 0.434375 0.021875 0.025
0 1.47890625 0.58984375 0.0296875 0.0421875
0 1.4515625 0.553125 0.0375 0.040625
0 1.4171875 0.63828125 0.034375 0.0421875
0 1.18203125 0.39375 0.0234375 0.028125
0 1.140625 0.4078125 0.021875 0.025
0 1.30390625 0.384375 0.0171875 0.025
0 1.2765625 0.36328125 0.01875 0.0234375
0 1.178125 0.32578125 0.01875 0.0234375
0 1.1734375 0.29296875 0.015625 0.0234375
0 1.21875 0.28515625 0.01875 0.0171875
0 1.09140625 0.253125 0.0203125 0.021875
0 1.125 0.20859375 0.021875 0.0203125
0 1.10703125 0.18984375 0.0203125 0.0203125
0 1.54375 0.471875 0.040625 0.046875
0 0.76015625 0.2296875 0.0203125 0.028125
