0 0.77578125 0.59140625 0.0328125 0.0421875
0 0.04140625 0.58359375 0.0265625 0.0296875
0 0.1421875 0.59921875 0.021875 0.0265625
0 0.1671875 0.60234375 0.021875 0.0296875
0 0.1828125 0.62421875 0.028125 0.0359375
0 0.0828125 0.6234375 0.021875 0.025
0 0.2609375 0.609375 0.028125 0.034375
0 0.321875 0.63125 0.025 0.03125
0 0.33515625 0.621875 0.0203125 0.028125
0 0.4015625 0.59375 0.025 0.028125
0 0.4109375 0.61484375 0.0125 0.0234375
0 0.4640625 0.609375 0.021875 0.028125
0 0.4828125 0.6125 0.021875 0.028125
0 0.51328125 0.66328125 0.0203125 0.0296875
0 0.5265625 0.6703125 0.0125 0.025
0 1.06484375 0.7109375 0.0140625 0.01875
0 1.0484375 0.7078125 0.009375 0.0125
0 1.10859375 0.71328125 0.0140625 0.0234375
0 0.90234375 0.253125 0.0328125 0.046875
0 1.128125 0.71328125 0.01875 0.0234375
0 1.1609375 0.7046875 0.015625 0.01875
0 1.2078125 0.7015625 0.01875 0.025
0 1.25546875 0.76953125 0.0171875 0.0234375
0 1.24921875 0.7 0.0171875 0.025
0 1.29296875 0.70546875 0.0171875 0.0265625
0 1.35234375 0.690625 0.0171875 0.025
0 1.44140625 0.69609375 0.0171875 0.0203125
0 1.51796875 0.69375 0.0171875 0.021875
0 1.478125 0.8015625 0.0125 0.01875
0 1.01953125 0.70078125 0.0171875 0.0140625
0 1.03828125 0.6984375 0.0078125 0.0125
0 0.02890625 0.53828125 0.0109375 0.0140625
0 0.071875 0.5515625 0.009375 0.0125
0 0.0796875 0.5515625 0.009375 0.015625
0 0.11328125 0.5859375 0.0140625 0.015625
0 0.14609375 0.54140625 0.0109375 0.0171875
0 0.18203125 0.5515625 0.0109375 0.015625
0 0.19375 0.59296875 0.0125 0.0171875
0 0.215625 0.625 0.0125 0.015625
0 0.2078125 0.57421875 0.009375 0.0140625
0 0.1953125 0.55078125 0.009375 0.0109375
0 0.21328125 0.5625 0.0109375 0.0125
0 0.27265625 0.5375 0.0109375 0.0125
0 0.2984375 0.59609375 0.0125 0.0203125
0 0.35625 0.5375 0.009375 0.0125
0 0.36640625 0.56328125 0.0109375 0.0140625
0 0.3703125 0.54609375 0.009375 0.0109375
0 0.37734375 0.58203125 0.0109375 0.0140625
0 0.42890625 0.5875 0.0109375 0.015625
0 0.403125 0.55390625 0.009375 0.0140625
0 0.4625 0.578125 0.009375 0.0125
0 0.47734375 0.5578125 0.0109375 0.0125
0 0.51875 0.5515625 0.009375 0.0125
0 0.4984375 0.546875 0.00625 0.009375
0 0.51875 0.5984375 0.009375 0.0125
0 0.5 0.61796875 0.0125 0.0203125
0 0.5328125 0.6046875 0.009375 0.0125
0 0.5421875 0.62578125 0.0125 0.0171875
0 0.5578125 0.62421875 0.009375 0.0140625
0 0.54765625 0.60078125 0.0078125 0.0140625
0 0.57734375 0.6 0.0078125 0.0125
0 0.6046875 0.60078125 0.0125 0.0171875
0 0.5796875 0.55625 0.009375 0.0125
0 0.55 0.553125 0.009375 0.0125
0 0.6046875 0.5703125 0.009375 0.015625
0 0.64296875 0.60078125 0.0140625 0.0140625
0 0.65625 0.5671875 0.009375 0.015625
0 0.678125 0.57109375 0.0125 0.0171875
0 0.71328125 0.60625 0.0078125 0.00625
0 0.72890625 0.59375 0.0078125 0.009375
0 0.74453125 0.5890625 0.0078125 0.009375
0 0.80234375 0.6125 0.0078125 0.009375
0 0.81015625 0.609375 0.0078125 0.009375
0 0.8203125 0.61015625 0.009375 0.0140625
0 0.928125 0.64296875 0.009375 0.0109375
0 0.8375 0.60625 0.009375 0.0125
0 0.88125 0.61875 0.009375 0.0125
0 0.92578125 0.62421875 0.0078125 0.0109375
0 0.9703125 0.64375 0.009375 0.0125
0 0.9953125 0.671875 0.0125 0.01875
0 1.015625 0.67890625 0.009375 0.0140625
0 1.0421875 0.67421875 0.009375 0.0140625
0 1.01796875 0.62421875 0.0078125 0.0109375
0 1.025 0.609375 0.009375 0.0125
0 0.97265625 0.6234375 0.0109375 0.0125
0 0.93203125 0.61171875 0.0109375 0.0140625
0 0.95625 0.609375 0.009375 0.0125
0 1.01328125 0.6609375 0.0109375 0.015625
0 1.0859375 0.68046875 0.015625 0.0171875
0 1.0890625 0.70234375 0.0125 0.0140625
0 1.13515625 0.68828125 0.0109375 0.0140625
0 1.171875 0.67265625 0.009375 0.0140625
0 1.20390625 0.66953125 0.0078125 0.0109375
0 1.221875 0.66640625 0.009375 0.0109375
0 1.22734375 0.68828125 0.0109375 0.0140625
0 1.24453125 0.6625 0.0078125 0.009375
0 1.184375 0.65078125 0.009375 0.0109375
0 1.19375 0.6453125 0.009375 0.0125
0 1.1703125 0.6453125 0.009375 0.0125
0 1.0671875 0.66484375 0.009375 0.0109375
0 1.3265625 0.6890625 0.0125 0.0125
0 1.3078125 0.7 0.009375 0.009375
0 1.25546875 0.68203125 0.0109375 0.0109375
0 1.41484375 0.7515625 0.0109375 0.015625
0 1.390625 0.7359375 0.009375 0.0125
0 1.4015625 0.74453125 0.009375 0.0109375
0 1.41171875 0.69765625 0.0078125 0.0109375
0 1.48203125 0.703125 0.0109375 0.0125
0 1.40390625 0.703125 0.0109375 0.0125
0 1.5796875 0.71796875 0.015625 0.0203125
0 1.1265625 0.64140625 0.00625 0.0078125
0 1.1515625 0.6375 0.00625 0.009375
0 1.075 0.65390625 0.00625 0.0078125
0 1.08046875 0.60625 0.0078125 0.009375
0 1.10234375 0.5984375 0.0078125 0.009375
