0 1.1625 0.2078125 0.090625 0.084375
0 1.17265625 0.11171875 0.0578125 0.0640625
0 1.06328125 0.15703125 0.0515625 0.0609375
0 0.93046875 0.25390625 0.0671875 0.0828125
0 0.878125 0.20703125 0.053125 0.0609375
0 0.8640625 0.12890625 0.05625 0.0671875
0 0.8140625 0.1703125 0.05 0.065625
0 0.74765625 0.18515625 0.0453125 0.0546875
0 0.73984375 0.53515625 0.0765625 0.0890625
0 0.64921875 0.17578125 0.0609375 0.0765625
0 0.5390625 0.190625 0.059375 0.071875
0 0.45546875 0.209375 0.0609375 0.06875
0 0.44765625 0.1609375 0.0578125 0.05625
0 0.6453125 0.37109375 0.075 0.0890625
0 0.496875 0.19453125 0.0375 0.0515625
0 0.03828125 0.41640625 0.0296875 0.0296875
0 0.17578125 0.4 0.0140625 0.021875
0 0.22265625 0.35546875 0.0171875 0.0234375
0 0.1453125 0.36015625 0.015625 0.0203125
0 0.07421875 0.334375 0.0171875 0.021875
0 0.06875 0.2765625 0.021875 0.01875
0 0.14140625 0.275 0.0140625 0.015625
0 0.128125 0.25546875 0.0125 0.0140625
0 0.15625 0.2375 0.0125 0.015625
0 0.1546875 0.21640625 0.0125 0.0140625
0 0.221875 0.24375 0.0125 0.015625
0 0.046875 0.23828125 0.0125 0.0140625
0 0.10859375 0.22421875 0.0109375 0.0140625
0 0.1328125 0.20546875 0.009375 0.0140625
0 0.1484375 0.2046875 0.009375 0.0125
0 0.14375 0.1796875 0.009375 0.0125
0 0.071875 0.2078125 0.0125 0.015625
0 0.03671875 0.20078125 0.0109375 0.0140625
0 0.009375 0.403125 0.01875 0.021875
0 0.01328125 0.3828125 0.0171875 0.021875
0 0.2078125 0.40234375 0.025 0.0296875
0 0.19921875 0.25546875 0.0140625 0.0171875
0 0.30703125 0.234375 0.0109375 0.015625
0 1.57734375 0.3640625 0.0140625 0.01875
0 1.546875 0.36875 0.0125 0.0125
0 1.415625 0.3609375 0.0125 0.015625
0 1.48359375 0.38046875 0.0109375 0.0140625
0 1.496875 0.375 0.009375 0.0125
0 1.44921875 0.371875 0.0109375 0.0125
