0 0.78046875 0.5953125 0.1234375 0.121875
0 0.98359375 0.83359375 0.0953125 0.1203125
0 0.18203125 1.796875 0.0546875 0.078125
0 0.39453125 1.90859375 0.0421875 0.0640625
0 0.26796875 1.70703125 0.0453125 0.0671875
0 0.58984375 1.76171875 0.0515625 0.0640625
0 0.78828125 1.76796875 0.0484375 0.0671875
0 0.75625 1.7140625 0.05 0.06875
0 0.8765625 1.903125 0.05 0.065625
0 0.08984375 1.69375 0.0453125 0.0625
0 1.08515625 1.89765625 0.0484375 0.0703125
0 1.3953125 1.91796875 0.046875 0.0640625
0 1.57421875 1.7953125 0.0390625 0.06875
0 1.13046875 1.78125 0.0453125 0.059375
0 1.084375 1.7203125 0.04375 0.059375
0 0.16796875 1.92265625 0.0515625 0.0578125
0 0.53515625 1.66484375 0.0359375 0.0515625
0 0.03671875 1.6265625 0.0234375 0.059375
0 0.3140625 1.59296875 0.034375 0.0515625
0 0.3375 1.5046875 0.034375 0.046875
0 0.265625 1.4390625 0.034375 0.04375
0 0.21328125 1.4875 0.0328125 0.05
0 0.140625 1.415625 0.034375 0.046875
0 0.44765625 1.52578125 0.0296875 0.0453125
0 0.421875 1.6046875 0.03125 0.04375
0 0.63828125 1.60390625 0.0359375 0.0390625
0 0.30703125 1.375 0.0265625 0.0375
0 0.3796875 1.3734375 0.028125 0.040625
0 0.40078125 1.440625 0.0296875 0.040625
0 0.18984375 1.36796875 0.0265625 0.0390625
0 0.19609375 1.30625 0.0328125 0.046875
0 0.4828125 1.39375 0.03125 0.04375
0 0.31328125 1.32265625 0.0328125 0.0453125
0 0.07421875 1.30625 0.0328125 0.0375
0 0.878125 1.6453125 0.034375 0.05625
0 1.00625 1.6859375 0.03125 0.04375
0 1.05234375 1.696875 0.0328125 0.05625
0 0.8734375 1.528125 0.03125 0.053125
0 1.19140625 1.74765625 0.0359375 0.0484375
0 1.1765625 1.69375 0.0375 0.053125
0 1.221875 1.68828125 0.0375 0.0484375
0 1.09765625 1.6734375 0.0390625 0.053125
0 1.10703125 1.615625 0.0359375 0.040625
0 1.3359375 1.5515625 0.03125 0.04375
0 1.4359375 1.6140625 0.040625 0.05
0 1.509375 1.72265625 0.0375 0.0515625
0 1.44140625 1.48203125 0.0265625 0.0359375
0 1.22578125 1.4875 0.0296875 0.040625
0 1.525 1.4890625 0.028125 0.040625
0 1.4015625 1.5734375 0.03125 0.034375
0 0.49140625 1.47890625 0.0265625 0.0328125
0 0.65078125 1.52109375 0.0328125 0.0390625
0 0.496875 1.34296875 0.025 0.0390625
0 0.6390625 1.70234375 0.04375 0.0546875
0 1.22578125 1.4203125 0.0328125 0.0375
0 1.55703125 1.56015625 0.0296875 0.0359375
0 1.3171875 1.36171875 0.03125 0.0359375
0 1.51640625 1.38515625 0.0265625 0.0390625
0 1.5484375 1.43203125 0.025 0.0328125
0 1.33515625 1.50078125 0.0296875 0.0359375
