0 0.0453125 0.25546875 0.015625 0.0171875
0 0.075 0.1984375 0.015625 0.01875
0 0.0890625 0.2515625 0.0125 0.015625
0 0.0359375 0.06484375 0.0125 0.0140625
0 0.0078125 0.16015625 0.0125 0.0171875
0 0.21640625 0.2921875 0.0171875 0.015625
0 0.2296875 0.18203125 0.0125 0.0140625
0 0.2578125 0.15859375 0.015625 0.0171875
0 0.215625 0.128125 0.0125 0.015625
0 0.1421875 0.20078125 0.0125 0.0140625
0 0.08046875 0.04765625 0.0140625 0.0171875
0 0.178125 0.19765625 0.015625 0.0140625
0 0.27578125 0.2171875 0.0109375 0.015625
0 0.4203125 0.2390625 0.0125 0.015625
0 0.490625 0.2453125 0.0125 0.015625
0 0.54375 0.25390625 0.0125 0.0171875
0 0.03515625 0.2078125 0.0109375 0.015625
0 0.46328125 0.08046875 0.0109375 0.0140625
0 0.571875 0.3046875 0.015625 0.021875
0 0.4375 0.0265625 0.0125 0.0125
0 0.4796875 0.03046875 0.015625 0.0171875
0 0.50390625 0.08515625 0.0140625 0.0140625
0 0.57734375 0.08359375 0.0109375 0.0234375
0 0.5140625 0.1125 0.0125 0.015625
0 0.54296875 0.15546875 0.0109375 0.0171875
0 0.5734375 0.1953125 0.015625 0.015625
0 0.63671875 0.20234375 0.0109375 0.0140625
0 0.64296875 0.25546875 0.0140625 0.0171875
0 0.7015625 0.33671875 0.015625 0.0171875
0 0.621875 0.0890625 0.0125 0.015625
0 0.75390625 0.053125 0.0109375 0.015625
0 0.69140625 0.26328125 0.0140625 0.0171875
0 0.74765625 0.25546875 0.0140625 0.0203125
0 0.6953125 0.20078125 0.015625 0.0171875
0 0.75078125 0.1 0.0140625 0.01875
0 0.75078125 0.128125 0.0140625 0.015625
0 0.73125 0.15859375 0.015625 0.0171875
0 0.75390625 0.1984375 0.0140625 0.015625
0 0.80625 0.059375 0.0125 0.0125
0 0.859375 0.05390625 0.0125 0.0171875
0 0.8765625 0.09453125 0.0125 0.0140625
0 0.853125 0.278125 0.0125 0.015625
0 0.79140625 0.1671875 0.0140625 0.015625
0 0.790625 0.125 0.0125 0.0125
0 0.85 0.13125 0.0125 0.015625
0 0.896875 0.40390625 0.015625 0.0171875
0 1.02734375 0.4421875 0.0171875 0.015625
0 1.08828125 0.38359375 0.0140625 0.0171875
0 1.01484375 0.3453125 0.0171875 0.01875
0 0.92890625 0.3375 0.0109375 0.0125
0 0.96171875 0.34140625 0.0140625 0.0171875
0 0.8484375 0.17578125 0.015625 0.0171875
0 0.8921875 0.21640625 0.015625 0.0171875
0 0.88984375 0.29375 0.0171875 0.01875
0 0.92109375 0.31328125 0.0140625 0.0171875
0 0.92265625 0.17890625 0.0140625 0.0140625
0 1.18203125 0.38671875 0.0140625 0.0203125
0 1.29375 0.20546875 0.0125 0.0171875
0 1.32734375 0.225 0.0140625 0.01875
0 1.33515625 0.19140625 0.0140625 0.0140625
0 1.209375 0.23125 0.015625 0.01875
0 1.16640625 0.228125 0.0140625 0.015625
0 1.25390625 0.3109375 0.0109375 0.015625
0 1.31875 0.3109375 0.0125 0.01875
0 1.13203125 0.39375 0.0140625 0.015625
0 0.6421875 0.0390625 0.0125 0.015625
0 0.709375 0.05 0.015625 0.015625
0 0.903125 0.021875 0.0125 0.015625
0 0.9453125 0.11171875 0.0125 0.0171875
0 0.90078125 0.13515625 0.0171875 0.0203125
0 1.03125 0.14921875 0.0125 0.0171875
0 0.98203125 0.13828125 0.0140625 0.0171875
0 0.93203125 0.0765625 0.0140625 0.015625
0 0.96875 0.07109375 0.0125 0.0171875
0 1.003125 0.0265625 0.0125 0.015625
0 1.23515625 0.16640625 0.0171875 0.0171875
0 1.2734375 0.15859375 0.015625 0.0171875
0 1.2734375 0.1109375 0.0125 0.015625
0 1.296875 0.05859375 0.0125 0.0171875
0 1.38125 0.18671875 0.0125 0.0171875
0 1.4234375 0.20859375 0.0125 0.0171875
0 1.465625 0.259375 0.015625 0.015625
0 1.428125 0.25703125 0.0125 0.0171875
0 1.390625 0.140625 0.0125 0.0125
0 1.44140625 0.1015625 0.0140625 0.01875
0 1.4328125 0.15 0.015625 0.015625
0 1.47890625 0.16328125 0.0140625 0.0171875
0 0.08046875 0.37421875 0.0203125 0.0234375
0 0.01875 0.33671875 0.015625 0.0203125
0 0.059375 0.3375 0.01875 0.015625
0 1.46640625 0.21171875 0.0140625 0.0171875
0 1.50390625 0.11328125 0.0140625 0.0203125
0 1.55625 0.13359375 0.015625 0.0171875
0 1.509375 0.175 0.0125 0.015625
0 1.52421875 0.234375 0.0109375 0.015625
0 1.55625 0.2375 0.015625 0.01875
0 1.578125 0.20546875 0.0125 0.0140625
0 1.55546875 0.06953125 0.0140625 0.0140625
0 1.50390625 0.0734375 0.0171875 0.01875
0 1.53359375 0.03515625 0.0140625 0.0140625
0 1.5609375 0.034375 0.015625 0.015625
0 1.42109375 0.0640625 0.0140625 0.015625
0 1.29140625 0.13046875 0.0109375 0.0140625
0 1.353125 0.134375 0.0125 0.015625
0 1.5484375 0.3234375 0.015625 0.015625
0 1.55546875 0.365625 0.0171875 0.015625
0 1.48828125 0.5390625 0.0171875 0.01875
0 1.40078125 0.4625 0.0171875 0.01875
0 1.45078125 0.46171875 0.0140625 0.0140625
0 1.3625 0.5359375 0.01875 0.021875
0 0.72421875 0.390625 0.0140625 0.01875
0 0.484375 0.478125 0.015625 0.01875
0 1.18515625 0.61171875 0.0140625 0.0203125
0 1.1140625 0.56640625 0.01875 0.0203125
0 0.74375 0.63359375 0.021875 0.0234375
0 0.65 0.71796875 0.015625 0.0203125
0 0.815625 0.71015625 0.0125 0.0171875
0 0.77578125 0.3640625 0.0171875 0.01875
0 1.575 0.59921875 0.01875 0.0234375
0 0.5859375 0.2671875 0.015625 0.01875
0 0.8109375 0.259375 0.01875 0.025
0 0.2546875 0.2796875 0.015625 0.021875
0 0.30390625 0.26953125 0.0109375 0.0203125
0 0.33046875 0.2625 0.0171875 0.01875
0 0.38125 0.25234375 0.0125 0.0171875
0 0.18125 0.121875 0.015625 0.021875
