0 0.896875 0.3640625 0.10625 0.16875
0 0.6546875 0.75390625 0.1375 0.1765625
0 1.2375 0.97265625 0.08125 0.0921875
0 0.17578125 0.86015625 0.0109375 0.0140625
0 0.153125 0.86015625 0.009375 0.0171875
0 0.190625 0.87421875 0.00625 0.0140625
0 0.1390625 0.834375 0.00625 0.0125
0 0.1078125 0.878125 0.009375 0.0125
0 0.07109375 0.8234375 0.0078125 0.0125
0 0.0453125 0.81484375 0.009375 0.0140625
0 0.0609375 0.87578125 0.00625 0.0109375
0 0.08125 0.88203125 0.00625 0.0109375
0 0.03125 0.875 0.009375 0.0125
0 0.015625 0.85546875 0.009375 0.0140625
0 0.02578125 0.90234375 0.0109375 0.0140625
0 0.04609375 0.90234375 0.0109375 0.0140625
0 0.08125 0.915625 0.009375 0.0125
0 0.10625 0.921875 0.009375 0.015625
0 0.01875 0.9359375 0.0125 0.015625
0 0.02109375 0.96484375 0.0109375 0.0109375
0 0.05078125 0.975 0.0109375 0.015625
0 0.04296875 0.94765625 0.0109375 0.0171875
0 0.0375 0.9234375 0.009375 0.015625
0 0.053125 0.928125 0.00625 0.0125
0 0.08046875 0.93671875 0.0109375 0.0171875
0 0.0671875 0.95234375 0.009375 0.0109375
0 0.084375 0.96171875 0.009375 0.0140625
0 0.08125 0.98125 0.0125 0.015625
0 0.11484375 0.9453125 0.0109375 0.015625
0 0.1171875 0.91796875 0.00625 0.0109375
0 0.1296875 0.9234375 0.00625 0.0125
0 0.15390625 0.94453125 0.0078125 0.0140625
0 0.140625 0.9625 0.00625 0.015625
0 0.13125 0.98046875 0.009375 0.0109375
0 0.12734375 0.9640625 0.0078125 0.015625
0 0.1796875 0.934375 0.009375 0.015625
0 0.22109375 0.91484375 0.0078125 0.0109375
0 0.259375 0.94453125 0.009375 0.0140625
0 0.2109375 0.9625 0.009375 0.0125
0 0.175 0.95078125 0.009375 0.0109375
0 0.12578125 0.94296875 0.0078125 0.0109375
0 0.16796875 0.96640625 0.0078125 0.0109375
0 0.19375 0.95859375 0.00625 0.0109375
0 0.2375 0.9875 0.009375 0.0125
0 0.221875 0.98671875 0.009375 0.0109375
0 0.2046875 0.98125 0.009375 0.0125
0 0.2 1.0046875 0.009375 0.0125
0 0.215625 1.0109375 0.009375 0.0125
0 0.2390625 1.0171875 0.009375 0.0125
0 0.25703125 1.028125 0.0109375 0.0125
0 0.1796875 0.99765625 0.009375 0.0140625
0 0.1421875 0.99609375 0.009375 0.0140625
0 0.16640625 1.0140625 0.0109375 0.015625
0 0.1140625 1.0 0.009375 0.015625
0 0.11640625 1.02265625 0.0109375 0.0171875
0 0.1296875 0.86875 0.009375 0.0125
0 0.13984375 1.02265625 0.0109375 0.0171875
0 0.08359375 1.003125 0.0109375 0.015625
0 0.10625 1.01484375 0.009375 0.0140625
0 0.12578125 1.040625 0.0109375 0.015625
0 0.16328125 1.0328125 0.0078125 0.015625
0 0.19453125 1.03984375 0.0078125 0.0140625
0 0.15234375 1.046875 0.0109375 0.015625
0 0.17890625 1.0765625 0.0109375 0.015625
0 0.19375 1.0828125 0.009375 0.015625
0 0.10703125 1.06875 0.0109375 0.015625
0 0.0296875 1.05078125 0.0125 0.0203125
0 0.01171875 1.07578125 0.0140625 0.0203125
0 0.046875 1.08515625 0.015625 0.0203125
0 0.09140625 1.1015625 0.0140625 0.01875
0 0.12421875 1.1140625 0.0140625 0.01875
0 0.1515625 1.115625 0.0125 0.01875
0 0.1609375 1.14765625 0.0125 0.0171875
0 0.1921875 1.16015625 0.009375 0.0171875
0 0.1203125 1.1453125 0.009375 0.015625
0 0.15 1.1734375 0.015625 0.021875
0 0.16328125 1.1765625 0.0109375 0.01875
0 0.10625 1.15 0.015625 0.021875
0 0.084375 1.1515625 0.015625 0.01875
0 0.07109375 1.11484375 0.0109375 0.0140625
0 0.053125 1.11875 0.0125 0.021875
0 0.01484375 1.11015625 0.0140625 0.0140625
0 0.00859375 1.13046875 0.0109375 0.0234375
0 0.04765625 1.14765625 0.0171875 0.0203125
0 0.04296875 1.1671875 0.0171875 0.021875
0 0.0640625 1.178125 0.015625 0.021875
0 0.10390625 1.1875 0.0171875 0.01875
0 0.07265625 1.1328125 0.0140625 0.015625
0 0.1359375 1.2015625 0.015625 0.021875
0 0.1609375 1.20703125 0.015625 0.0203125
0 0.209375 1.20703125 0.015625 0.0203125
0 0.2265625 1.1859375 0.0125 0.01875
0 0.1421875 1.2453125 0.015625 0.015625
0 0.14375 1.26015625 0.015625 0.0171875
0 0.1390625 1.275 0.0125 0.01875
0 0.121875 1.2828125 0.01875 0.021875
0 0.10078125 1.23828125 0.0171875 0.0234375
0 0.0921875 1.26640625 0.01875 0.0171875
0 0.08828125 1.29765625 0.0203125 0.0296875
0 0.11484375 1.3171875 0.0203125 0.025
0 0.08359375 1.34765625 0.0203125 0.0296875
0 0.059375 1.24140625 0.015625 0.0171875
0 0.16953125 1.24375 0.0140625 0.01875
0 0.05703125 1.25859375 0.0140625 0.0171875
0 0.04453125 1.26171875 0.0109375 0.0171875
0 0.0203125 1.246875 0.01875 0.025
0 0.040625 1.26015625 0.0125 0.0140625
0 0.01484375 1.27578125 0.0171875 0.0234375
0 0.0484375 1.2875 0.01875 0.028125
0 0.0265625 1.27578125 0.0125 0.0203125
0 0.03125 1.3265625 0.021875 0.025
0 0.02578125 1.35390625 0.0234375 0.0265625
0 0.04765625 1.346875 0.0203125 0.028125
0 0.06796875 1.390625 0.0203125 0.028125
0 0.1578125 1.39609375 0.021875 0.0296875
0 0.05078125 1.42265625 0.0234375 0.0328125
0 0.05078125 1.48359375 0.0265625 0.0359375
0 0.0984375 1.41875 0.025 0.03125
0 0.209375 0.88046875 0.009375 0.0140625
0 0.2796875 0.92890625 0.00625 0.0140625
0 0.3046875 0.9484375 0.009375 0.0125
0 0.3296875 0.95625 0.00625 0.0125
0 0.35 0.96328125 0.009375 0.0140625
0 0.365625 0.9765625 0.009375 0.01875
0 0.3203125 1.040625 0.009375 0.0125
0 0.434375 1.03828125 0.009375 0.0109375
0 0.4453125 1.01796875 0.00625 0.0109375
0 0.42578125 1.00703125 0.0078125 0.0140625
0 0.41171875 1.0234375 0.0109375 0.0125
0 0.403125 1.03515625 0.009375 0.0140625
0 0.3875 1.0421875 0.009375 0.0125
0 0.33359375 1.06171875 0.0078125 0.0140625
0 0.34453125 1.0703125 0.0078125 0.0125
0 0.2859375 1.0375 0.0125 0.01875
0 0.25078125 1.0546875 0.0109375 0.0125
0 0.27265625 1.06640625 0.0078125 0.0109375
0 0.25234375 1.0765625 0.0140625 0.01875
0 0.384375 1.096875 0.009375 0.015625
0 0.35859375 1.08984375 0.0109375 0.0140625
0 0.26640625 1.07890625 0.0078125 0.0140625
0 0.21953125 1.04921875 0.0078125 0.0109375
0 0.2109375 1.06171875 0.009375 0.0140625
0 0.25078125 1.09609375 0.0109375 0.0171875
0 0.2828125 1.10625 0.0125 0.015625
0 0.325 1.09765625 0.009375 0.0140625
0 0.33828125 1.14140625 0.0109375 0.0171875
0 0.365625 1.128125 0.009375 0.015625
0 0.26171875 1.121875 0.0109375 0.01875
0 0.21484375 1.1140625 0.0109375 0.015625
0 0.22109375 1.1375 0.0109375 0.015625
0 0.37265625 1.19609375 0.0109375 0.0140625
0 0.359375 1.1828125 0.009375 0.015625
0 0.346875 1.171875 0.0125 0.015625
0 0.34375 1.1890625 0.0125 0.01875
0 0.3578125 1.2203125 0.0125 0.01875
0 0.32734375 1.2140625 0.0109375 0.01875
0 0.31953125 1.23359375 0.0140625 0.0140625
0 0.2890625 1.17734375 0.059375 0.0859375
0 0.2390625 1.2171875 0.01875 0.021875
0 0.50078125 1.09140625 0.0078125 0.0109375
0 0.48046875 1.090625 0.0078125 0.0125
0 0.503125 1.10859375 0.009375 0.0109375
0 0.4875 1.10625 0.009375 0.0125
0 0.48203125 1.115625 0.0109375 0.015625
0 0.46015625 1.11015625 0.0109375 0.0140625
0 0.44140625 1.11640625 0.0109375 0.0171875
0 0.48828125 1.13828125 0.0109375 0.0140625
0 0.46328125 1.1359375 0.0109375 0.015625
0 0.47421875 1.1578125 0.0109375 0.015625
0 0.50703125 1.15 0.0140625 0.015625
0 0.496875 1.1703125 0.0125 0.015625
0 0.39140625 1.14609375 0.0109375 0.0140625
0 0.36015625 1.1546875 0.0109375 0.015625
0 0.40234375 1.184375 0.0109375 0.01875
0 0.4171875 1.19140625 0.009375 0.0171875
0 0.43515625 1.2109375 0.0140625 0.01875
0 0.46796875 1.225 0.0140625 0.01875
0 0.4359375 1.23671875 0.0125 0.0203125
0 0.3984375 1.228125 0.015625 0.01875
0 0.5015625 1.121875 0.009375 0.0125
0 0.52734375 1.18671875 0.0109375 0.0171875
0 0.45546875 1.2453125 0.0171875 0.021875
0 0.46171875 1.26796875 0.0109375 0.0203125
0 0.39921875 1.30546875 0.0171875 0.0203125
0 0.378125 1.35 0.015625 0.025
0 0.39453125 1.3546875 0.0140625 0.025
0 0.409375 1.35390625 0.0125 0.0171875
0 0.4109375 1.37421875 0.0125 0.0171875
0 0.38828125 1.33671875 0.0109375 0.0171875
0 0.37890625 1.40703125 0.0171875 0.0234375
0 0.3359375 1.4625 0.015625 0.028125
0 0.36875 1.47109375 0.015625 0.0265625
0 0.3953125 1.46640625 0.01875 0.0234375
0 0.37109375 1.52109375 0.0234375 0.0296875
0 0.2953125 1.51015625 0.01875 0.0265625
0 0.5296875 1.134375 0.009375 0.015625
0 0.4015625 1.1375 0.009375 0.015625
0 0.9359375 1.28515625 0.00625 0.0140625
0 0.9203125 1.3078125 0.00625 0.0125
0 0.97421875 1.32109375 0.0078125 0.0109375
0 0.9453125 1.30703125 0.009375 0.0140625
0 0.996875 1.303125 0.00625 0.009375
0 1.00234375 1.31875 0.0078125 0.009375
0 0.99375 1.33828125 0.009375 0.0140625
0 1.0109375 1.34453125 0.00625 0.0109375
0 1.00234375 1.26796875 0.0078125 0.0109375
0 1.01328125 1.28515625 0.0109375 0.0140625
0 1.04609375 1.30859375 0.0078125 0.0109375
0 0.9140625 1.3515625 0.009375 0.015625
0 0.97421875 1.3421875 0.0078125 0.0125
0 0.9 1.37734375 0.009375 0.0171875
0 0.8953125 1.39765625 0.009375 0.0140625
0 0.87734375 1.41015625 0.0109375 0.0171875
0 0.7578125 1.44140625 0.0125 0.0171875
0 0.91171875 1.4328125 0.0109375 0.015625
0 0.903125 1.44609375 0.009375 0.0171875
0 0.88984375 1.45078125 0.0109375 0.0171875
0 0.8796875 1.42734375 0.009375 0.0140625
0 1.0015625 1.4 0.009375 0.015625
0 0.98828125 1.3953125 0.0109375 0.0125
0 0.96953125 1.390625 0.0078125 0.0125
0 0.94140625 1.36875 0.0078125 0.0125
0 0.99140625 1.43203125 0.0078125 0.0109375
0 1.015625 1.4453125 0.009375 0.0125
0 0.98125 1.4484375 0.009375 0.015625
0 1.0015625 1.45703125 0.009375 0.0140625
0 1.01171875 1.46171875 0.0078125 0.0109375
0 0.76953125 1.4734375 0.0171875 0.021875
0 0.91796875 1.38671875 0.0109375 0.0140625
0 0.91484375 1.5203125 0.0140625 0.025
0 0.91640625 1.57890625 0.0171875 0.0265625
0 0.89453125 1.584375 0.0171875 0.01875
0 0.88359375 1.565625 0.0171875 0.025
0 1.0171875 1.47890625 0.009375 0.0171875
0 0.99921875 1.471875 0.0140625 0.015625
0 0.946875 1.48046875 0.0125 0.0203125
0 0.93046875 1.47890625 0.0140625 0.0171875
0 0.91015625 1.4765625 0.0109375 0.015625
0 0.97734375 1.5109375 0.0078125 0.015625
0 0.959375 1.5125 0.009375 0.015625
0 0.98359375 1.58359375 0.0140625 0.0171875
0 0.990625 1.51328125 0.009375 0.0171875
0 1.0328125 1.321875 0.00625 0.0125
0 1.35859375 1.4515625 0.0078125 0.0125
0 1.359375 1.42578125 0.00625 0.0109375
0 1.29609375 1.41796875 0.0078125 0.0109375
0 1.31484375 1.39921875 0.0046875 0.0109375
0 1.34609375 1.39765625 0.0078125 0.0109375
0 1.290625 1.3953125 0.00625 0.0125
0 1.5796875 1.4578125 0.00625 0.0125
0 1.55 1.45546875 0.00625 0.0109375
0 1.56640625 1.43671875 0.0078125 0.0109375
0 1.57578125 1.41484375 0.0078125 0.0140625
0 1.53515625 1.41484375 0.0046875 0.0078125
0 1.51328125 1.41640625 0.0078125 0.0078125
0 1.4828125 1.41875 0.00625 0.00625
0 1.38984375 1.421875 0.0140625 0.01875
0 1.45390625 1.4046875 0.0078125 0.009375
0 1.134375 1.5578125 0.0125 0.01875
0 1.11953125 1.60546875 0.0140625 0.0203125
0 1.13671875 1.609375 0.0109375 0.01875
0 1.28515625 1.61171875 0.0109375 0.0140625
0 1.28828125 1.56875 0.0109375 0.015625
0 1.30390625 1.57109375 0.0109375 0.0140625
0 1.315625 1.5625 0.009375 0.0125
0 1.33203125 1.55625 0.0109375 0.0125
0 1.33359375 1.53984375 0.0078125 0.0109375
0 1.3234375 1.54609375 0.00625 0.0078125
0 1.28203125 1.553125 0.0078125 0.009375
0 1.30078125 1.53828125 0.0078125 0.0140625
0 1.29609375 1.51796875 0.0078125 0.0109375
0 1.2859375 1.5234375 0.00625 0.009375
0 1.2765625 1.53828125 0.009375 0.0109375
0 1.29140625 1.54453125 0.0046875 0.0109375
0 1.34453125 1.540625 0.0078125 0.0125
0 1.35546875 1.55234375 0.0078125 0.0109375
0 1.33828125 1.57578125 0.0109375 0.0140625
0 1.35078125 1.5765625 0.0078125 0.015625
0 1.36328125 1.58984375 0.0078125 0.0109375
0 1.37421875 1.58046875 0.0078125 0.0109375
0 1.35390625 1.56640625 0.0078125 0.0109375
0 1.3875 1.56953125 0.00625 0.0109375
0 1.38359375 1.6203125 0.0140625 0.01875
0 1.40546875 1.584375 0.0109375 0.015625
0 1.51171875 1.6203125 0.0109375 0.01875
0 1.51328125 1.66484375 0.0109375 0.0171875
0 1.53203125 1.66796875 0.0109375 0.0171875
0 1.46484375 1.63125 0.0109375 0.015625
0 1.58984375 1.5875 0.0078125 0.015625
0 1.57734375 1.59921875 0.0109375 0.0140625
0 1.59609375 1.63203125 0.0078125 0.0171875
0 1.55234375 1.6296875 0.0140625 0.01875
0 1.5453125 1.59296875 0.0125 0.0140625
0 1.46484375 1.584375 0.0078125 0.01875
0 1.578125 1.671875 0.009375 0.01875
0 1.59375 1.671875 0.009375 0.015625
0 1.45390625 1.6671875 0.0109375 0.015625
0 1.47109375 1.67109375 0.0140625 0.0203125
0 1.55234375 1.68125 0.0109375 0.01875
0 1.44609375 1.5828125 0.0109375 0.015625
0 1.421875 1.56875 0.00625 0.0125
0 1.3796875 1.578125 0.00625 0.0125
0 0.31171875 1.0640625 0.0140625 0.01875
0 0.303125 1.11328125 0.009375 0.0109375
0 0.3359375 1.11953125 0.009375 0.0109375
0 0.31796875 1.11640625 0.0140625 0.0203125
