0 0.084375 0.35703125 0.009375 0.0140625
0 0.2 0.4265625 0.009375 0.015625
0 0.24921875 0.4421875 0.0109375 0.01875
0 0.2296875 0.496875 0.009375 0.015625
0 0.1953125 0.5 0.009375 0.015625
0 0.2109375 0.540625 0.009375 0.0125
0 0.253125 0.5375 0.00625 0.009375
0 0.1765625 0.53125 0.009375 0.015625
0 0.09375 0.47421875 0.00625 0.0109375
0 0.0828125 0.4859375 0.009375 0.0125
0 0.06875 0.503125 0.009375 0.0125
0 0.01796875 0.521875 0.0109375 0.015625
0 0.14140625 0.46640625 0.0109375 0.0140625
0 0.14609375 0.5359375 0.0078125 0.009375
0 0.4234375 0.425 0.00625 0.0125
0 0.33359375 0.46875 0.0078125 0.0125
0 0.303125 0.4359375 0.009375 0.009375
0 0.2921875 0.53125 0.015625 0.015625
0 0.340625 0.528125 0.0125 0.015625
0 0.365625 0.5296875 0.009375 0.015625
0 0.34921875 0.5109375 0.0078125 0.0125
0 0.36328125 0.5109375 0.0109375 0.015625
0 0.4046875 0.52109375 0.0125 0.0140625
0 0.29765625 0.4734375 0.0078125 0.0125
0 0.37890625 0.49609375 0.0078125 0.0109375
0 0.46015625 0.46640625 0.0109375 0.0140625
0 0.4640625 0.521875 0.009375 0.015625
0 0.49453125 0.52109375 0.0140625 0.0171875
0 0.53984375 0.5265625 0.0109375 0.015625
0 0.5671875 0.5203125 0.0125 0.015625
0 0.50546875 0.5015625 0.0078125 0.0125
0 0.51171875 0.41640625 0.0109375 0.0140625
0 0.540625 0.425 0.009375 0.0125
0 0.55546875 0.4515625 0.0078125 0.009375
0 0.57421875 0.453125 0.0109375 0.015625
0 0.61640625 0.490625 0.0078125 0.0125
0 0.62265625 0.4640625 0.0109375 0.015625
0 0.5921875 0.42421875 0.009375 0.0171875
0 0.62421875 0.44296875 0.0109375 0.0140625
0 0.5671875 0.465625 0.009375 0.009375
0 0.5390625 0.453125 0.0125 0.0125
0 0.5171875 0.45703125 0.0125 0.0078125
0 0.36640625 0.47109375 0.0078125 0.0140625
0 0.47421875 0.5015625 0.0109375 0.0125
0 0.628125 0.4125 0.009375 0.015625
0 0.67890625 0.4390625 0.0078125 0.0125
0 0.7140625 0.44765625 0.009375 0.0109375
0 0.6328125 0.50546875 0.009375 0.0140625
0 0.690625 0.51015625 0.0125 0.0140625
0 0.71484375 0.5203125 0.0109375 0.015625
0 0.76171875 0.5171875 0.0140625 0.015625
0 0.8 0.515625 0.009375 0.015625
0 0.76875 0.45546875 0.009375 0.0140625
0 0.78125 0.43671875 0.009375 0.0140625
0 0.75390625 0.4453125 0.0140625 0.015625
0 0.80859375 0.45859375 0.0109375 0.0140625
0 0.8046875 0.4859375 0.0125 0.01875
0 0.85703125 0.46875 0.0109375 0.015625
0 0.865625 0.4390625 0.009375 0.015625
0 0.89765625 0.40546875 0.0109375 0.0140625
0 0.86171875 0.4140625 0.0109375 0.0125
0 0.815625 0.38359375 0.009375 0.0140625
0 0.75390625 0.378125 0.0109375 0.0125
0 0.953125 0.5109375 0.0125 0.015625
0 0.990625 0.52421875 0.009375 0.0140625
0 0.92109375 0.5953125 0.0140625 0.01875
0 0.9859375 0.63125 0.009375 0.015625
0 0.8078125 0.60625 0.021875 0.03125
0 0.815625 0.62890625 0.025 0.0296875
0 0.6515625 0.2046875 0.00625 0.009375
0 0.63203125 0.20234375 0.0078125 0.0109375
0 0.58359375 0.27265625 0.0078125 0.0109375
0 0.68828125 0.25859375 0.0078125 0.0140625
0 0.87109375 0.13046875 0.0078125 0.0109375
0 0.83515625 0.1265625 0.0078125 0.009375
0 0.7765625 0.13671875 0.00625 0.0109375
0 0.8203125 0.20859375 0.00625 0.0109375
0 0.80078125 0.196875 0.0078125 0.0125
0 0.7671875 0.2109375 0.009375 0.0125
0 0.80390625 0.225 0.0078125 0.009375
0 0.840625 0.2578125 0.009375 0.015625
0 0.79765625 0.2625 0.0109375 0.0125
0 0.76171875 0.23046875 0.0078125 0.0078125
0 0.92265625 0.23671875 0.0078125 0.0140625
0 0.90546875 0.278125 0.0078125 0.0125
0 0.8765625 0.284375 0.00625 0.0125
0 0.67578125 0.41171875 0.0078125 0.0078125
0 0.67734375 0.484375 0.0109375 0.015625
0 1.01953125 0.19140625 0.0109375 0.0140625
0 1.0015625 0.228125 0.00625 0.015625
0 0.96328125 0.2359375 0.0078125 0.0125
0 0.95234375 0.25625 0.0109375 0.015625
0 0.9734375 0.28046875 0.009375 0.0109375
0 0.9375 0.290625 0.00625 0.0125
0 1.0421875 0.2453125 0.009375 0.0125
0 0.91875 0.20390625 0.009375 0.0109375
0 0.9859375 0.1828125 0.00625 0.009375
0 1.1046875 0.20546875 0.009375 0.0140625
0 1.0953125 0.234375 0.00625 0.009375
0 1.06640625 0.2328125 0.0078125 0.0125
0 1.0625 0.2703125 0.009375 0.0125
0 0.9875 0.27578125 0.00625 0.0109375
0 0.965625 0.27421875 0.009375 0.0140625
0 0.940625 0.278125 0.009375 0.0125
0 0.95390625 0.28828125 0.0078125 0.0140625
0 0.84453125 0.29296875 0.0140625 0.0171875
0 0.89296875 0.25234375 0.0109375 0.0140625
0 1.2921875 0.0890625 0.009375 0.0125
0 1.2234375 0.09296875 0.00625 0.0109375
0 1.2078125 0.140625 0.009375 0.009375
0 1.20625 0.17890625 0.0125 0.0109375
0 1.16875 0.18515625 0.009375 0.0140625
0 1.3140625 0.21875 0.00625 0.0125
0 1.32265625 0.22265625 0.0046875 0.0140625
0 1.2984375 0.225 0.009375 0.009375
0 1.175 0.14765625 0.00625 0.0140625
0 1.13359375 0.1828125 0.0078125 0.0125
0 1.1140625 0.21953125 0.009375 0.0171875
0 1.14609375 0.23203125 0.0078125 0.0109375
0 1.1265625 0.23203125 0.009375 0.0140625
0 1.1875 0.2125 0.00625 0.015625
0 1.26015625 0.17109375 0.0078125 0.0140625
0 1.28984375 0.24375 0.0078125 0.0125
0 1.3296875 0.25625 0.0125 0.0125
0 1.359375 0.21015625 0.009375 0.0140625
0 1.35 0.22734375 0.009375 0.0140625
0 1.4015625 0.15390625 0.009375 0.0109375
0 1.384375 0.15546875 0.00625 0.0109375
0 1.32734375 0.1890625 0.0078125 0.0125
0 1.3953125 0.19453125 0.00625 0.0078125
0 1.42890625 0.1984375 0.0078125 0.0125
0 1.43046875 0.228125 0.0109375 0.015625
0 1.4515625 0.2359375 0.009375 0.0125
0 1.39296875 0.22578125 0.0109375 0.0140625
0 1.38046875 0.25546875 0.0109375 0.0140625
0 1.575 0.10703125 0.009375 0.0171875
0 1.57265625 0.13125 0.0078125 0.0125
0 1.55078125 0.1359375 0.0109375 0.0125
0 1.50703125 0.1328125 0.0078125 0.0125
0 1.5140625 0.15078125 0.009375 0.0109375
0 1.584375 0.16796875 0.009375 0.0109375
0 1.55546875 0.20078125 0.0109375 0.0140625
0 1.48359375 0.1328125 0.0078125 0.009375
0 1.4953125 0.10703125 0.009375 0.0109375
0 1.4828125 0.18359375 0.009375 0.0109375
0 1.49296875 0.23515625 0.0109375 0.0140625
0 1.52109375 0.24140625 0.0109375 0.0140625
0 1.575 0.2484375 0.015625 0.015625
0 1.48125 0.209375 0.009375 0.0125
0 1.54921875 0.32890625 0.0140625 0.0203125
0 1.01171875 0.31875 0.0109375 0.015625
0 0.9390625 0.321875 0.009375 0.0125
0 1.08984375 0.40234375 0.0109375 0.0171875
0 1.0515625 0.44375 0.009375 0.009375
0 1.01953125 0.478125 0.0109375 0.015625
0 1.071875 0.484375 0.0125 0.015625
0 1.109375 0.43828125 0.0125 0.0140625
0 1.071875 0.43828125 0.00625 0.0109375
0 1.115625 0.48828125 0.009375 0.0171875
0 1.1 0.4765625 0.009375 0.0125
0 1.2625 0.30703125 0.009375 0.0140625
0 1.246875 0.334375 0.009375 0.0125
0 1.2234375 0.3671875 0.009375 0.0125
0 1.171875 0.40546875 0.0125 0.0109375
0 1.19609375 0.42734375 0.0140625 0.0140625
0 1.2328125 0.41953125 0.0125 0.0140625
0 1.2859375 0.3984375 0.0125 0.015625
0 1.31484375 0.41953125 0.0109375 0.0171875
0 1.334375 0.421875 0.009375 0.015625
0 1.36640625 0.44609375 0.0109375 0.0140625
0 1.3703125 0.4609375 0.009375 0.015625
0 1.36328125 0.4859375 0.0140625 0.015625
0 1.36953125 0.51484375 0.0109375 0.0140625
0 1.3078125 0.4671875 0.009375 0.009375
0 1.19453125 0.4546875 0.0078125 0.0125
0 1.21015625 0.4796875 0.0109375 0.015625
0 1.18203125 0.48671875 0.0109375 0.0140625
0 1.16328125 0.42734375 0.0109375 0.0140625
0 1.1671875 0.50859375 0.0125 0.0109375
0 1.2609375 0.453125 0.009375 0.0125
0 1.38984375 0.3953125 0.0140625 0.015625
0 1.4484375 0.3890625 0.009375 0.015625
0 1.403125 0.43671875 0.009375 0.0140625
0 1.4140625 0.46015625 0.00625 0.0140625
0 1.46953125 0.4453125 0.0109375 0.01875
0 1.51796875 0.4453125 0.0109375 0.015625
0 1.4875 0.47421875 0.009375 0.0171875
0 1.46796875 0.49453125 0.0109375 0.0171875
0 1.42109375 0.484375 0.0109375 0.015625
0 1.39921875 0.51640625 0.0140625 0.0140625
0 1.04453125 0.51640625 0.0140625 0.0140625
0 1.09296875 0.51484375 0.0109375 0.0109375
0 1.15390625 0.47578125 0.0078125 0.0140625
0 1.2765625 0.5171875 0.009375 0.0125
0 1.32734375 0.59765625 0.0171875 0.0234375
0 1.16484375 0.6359375 0.0234375 0.0375
0 1.09453125 0.65546875 0.0234375 0.0328125
0 1.0765625 0.6296875 0.0125 0.015625
0 1.0375 0.6578125 0.028125 0.040625
0 1.59296875 0.6390625 0.0140625 0.0375
0 1.5515625 0.65859375 0.01875 0.0234375
0 1.5 0.640625 0.028125 0.0375
0 1.44296875 0.59140625 0.0171875 0.0234375
0 1.35625 0.66015625 0.021875 0.0359375
0 1.02109375 0.63359375 0.0109375 0.0171875
0 0.89765625 0.6640625 0.0265625 0.0375
0 0.75703125 0.6625 0.0265625 0.03125
0 0.71328125 0.68984375 0.0265625 0.0328125
0 0.690625 0.63125 0.025 0.03125
0 0.696875 0.609375 0.0125 0.015625
0 0.64296875 0.6515625 0.0265625 0.034375
0 0.62890625 0.61953125 0.0140625 0.0171875
0 0.63359375 0.653125 0.0234375 0.03125
0 0.575 0.61328125 0.028125 0.0359375
0 0.57890625 0.66015625 0.0265625 0.0359375
0 0.51171875 0.68828125 0.0296875 0.0359375
0 0.51171875 0.6421875 0.0296875 0.034375
0 0.45625 0.6453125 0.025 0.03125
0 0.41171875 0.625 0.0140625 0.015625
0 0.34296875 0.659375 0.0265625 0.034375
0 0.2765625 0.765625 0.053125 0.075
0 0.28515625 0.65 0.0296875 0.0375
0 0.203125 0.659375 0.025 0.028125
0 0.1703125 0.64921875 0.015625 0.0203125
0 0.08125 0.65 0.03125 0.0375
0 0.15625 0.7890625 0.040625 0.071875
0 0.6609375 0.45859375 0.009375 0.0109375
0 0.2828125 0.28203125 0.009375 0.0109375
0 1.12265625 1.1640625 0.0453125 0.071875
