0 1.05234375 0.64453125 0.0328125 0.0359375
0 0.0921875 0.440625 0.015625 0.01875
0 0.0390625 0.4046875 0.0125 0.0125
0 0.0578125 0.428125 0.015625 0.01875
0 0.10859375 0.3671875 0.0109375 0.01875
0 0.16328125 0.3453125 0.0109375 0.0125
0 0.1453125 0.446875 0.0125 0.01875
0 0.121875 0.43046875 0.015625 0.0171875
0 0.278125 0.403125 0.0125 0.01875
0 0.43125 0.39609375 0.0125 0.0171875
0 0.4125 0.4234375 0.0125 0.01875
0 0.40625 0.44453125 0.009375 0.0109375
0 0.446875 0.44140625 0.0125 0.0171875
0 0.46953125 0.40234375 0.0109375 0.0171875
0 0.49296875 0.39609375 0.0109375 0.0140625
0 0.4984375 0.4265625 0.0125 0.015625
0 0.459375 0.31484375 0.0125 0.0171875
0 0.4828125 0.33125 0.0125 0.015625
0 0.53125 0.396875 0.0125 0.015625
0 0.54609375 0.38125 0.0109375 0.015625
0 0.584375 0.36015625 0.0125 0.0140625
0 0.65234375 0.440625 0.0140625 0.0125
0 0.05 0.53515625 0.01875 0.0234375
0 0.1140625 0.5375 0.015625 0.021875
0 0.1640625 0.50546875 0.0125 0.0171875
0 0.18671875 0.53125 0.0140625 0.015625
0 0.1328125 0.53515625 0.015625 0.0171875
0 0.17890625 0.58046875 0.0265625 0.0359375
0 0.21484375 0.5671875 0.0140625 0.015625
0 0.296875 0.53203125 0.0375 0.0515625
0 0.45078125 0.51171875 0.0140625 0.0171875
0 0.45859375 0.4890625 0.0171875 0.021875
0 0.56875 0.53203125 0.0125 0.0171875
0 0.578125 0.5140625 0.0125 0.01875
0 0.63359375 0.53125 0.0140625 0.01875
0 0.6234375 0.56015625 0.015625 0.0171875
0 0.60234375 0.59375 0.0140625 0.01875
0 0.60625 0.66484375 0.015625 0.0203125
0 0.65390625 0.7234375 0.0171875 0.021875
0 0.715625 0.73203125 0.01875 0.0265625
0 0.68203125 0.7140625 0.0171875 0.021875
0 0.66171875 0.68359375 0.0140625 0.0203125
0 0.0828125 0.5796875 0.015625 0.01875
0 0.07109375 0.50859375 0.0171875 0.0203125
0 0.08203125 0.47109375 0.0140625 0.0171875
0 0.0484375 0.47421875 0.015625 0.0203125
0 0.6421875 0.575 0.0125 0.01875
0 0.85234375 0.3828125 0.0109375 0.015625
0 0.86484375 0.38203125 0.0109375 0.0140625
0 0.89609375 0.39609375 0.0140625 0.0171875
0 0.8796875 0.39921875 0.009375 0.0140625
0 0.8796875 0.4578125 0.0125 0.01875
0 0.93046875 0.421875 0.0109375 0.0125
0 0.95 0.43671875 0.0125 0.0171875
0 0.96640625 0.415625 0.0140625 0.01875
0 0.97890625 0.39375 0.0109375 0.015625
0 1.034375 0.4578125 0.015625 0.01875
0 1.0296875 0.49765625 0.015625 0.0203125
0 0.90234375 0.5234375 0.0421875 0.03125
0 0.965625 0.52890625 0.01875 0.0234375
0 0.99765625 0.52890625 0.0140625 0.0203125
0 0.9984375 0.56875 0.015625 0.01875
0 1.015625 0.575 0.015625 0.01875
0 1.0390625 0.5375 0.015625 0.01875
0 1.0671875 0.58203125 0.0125 0.0203125
0 1.03828125 0.60703125 0.0171875 0.0234375
0 1.1109375 0.5984375 0.015625 0.01875
0 1.109375 0.56328125 0.015625 0.0171875
0 1.1390625 0.5953125 0.015625 0.015625
0 1.1671875 0.61015625 0.015625 0.0203125
0 1.2234375 0.60703125 0.015625 0.0203125
0 1.15625 0.55390625 0.01875 0.0203125
0 1.165625 0.5296875 0.015625 0.01875
0 1.13359375 0.53359375 0.0140625 0.0171875
0 1.171875 0.5140625 0.015625 0.015625
0 1.19375 0.54296875 0.015625 0.0203125
0 1.1890625 0.46484375 0.0125 0.0171875
0 1.1328125 0.4125 0.0125 0.01875
0 1.053125 0.41796875 0.015625 0.0203125
0 1.10078125 0.45234375 0.0109375 0.0140625
0 1.1203125 0.46171875 0.0125 0.0171875
0 1.25625 0.5375 0.015625 0.01875
0 1.27734375 0.56640625 0.0171875 0.0171875
0 1.29609375 0.5703125 0.0140625 0.01875
0 1.28671875 0.53515625 0.0140625 0.0171875
0 1.28125 0.46953125 0.015625 0.0203125
0 1.38515625 0.44296875 0.0171875 0.0171875
0 1.46171875 0.44296875 0.0140625 0.0171875
0 1.46484375 0.4921875 0.0171875 0.01875
0 1.51875 0.490625 0.015625 0.01875
0 1.56484375 0.49609375 0.0171875 0.0203125
0 1.48203125 0.47265625 0.0109375 0.0140625
0 1.52578125 0.471875 0.0171875 0.015625
0 1.321875 0.54453125 0.034375 0.0484375
0 1.4140625 0.584375 0.0375 0.046875
0 1.56484375 0.68125 0.0171875 0.025
0 1.25546875 0.6734375 0.0234375 0.01875
0 1.1984375 0.690625 0.015625 0.025
0 1.253125 0.7109375 0.01875 0.028125
0 1.27734375 0.72421875 0.0171875 0.0234375
0 0.93359375 0.73203125 0.0171875 0.0203125
0 0.9953125 0.7203125 0.021875 0.021875
0 1.115625 0.72578125 0.0125 0.0171875
0 1.12890625 0.734375 0.0171875 0.021875
0 1.15078125 0.73046875 0.0171875 0.0203125
0 0.03046875 0.725 0.0140625 0.03125
0 0.0296875 0.65390625 0.0125 0.0203125
0 0.16015625 0.04921875 0.0109375 0.0109375
0 0.1625 0.028125 0.0125 0.0125
0 0.21484375 0.02734375 0.0109375 0.0140625
0 0.23203125 0.05859375 0.0109375 0.0109375
0 0.19453125 0.05234375 0.0109375 0.0109375
0 0.265625 0.028125 0.009375 0.0125
0 0.3046875 0.0390625 0.009375 0.0125
0 0.3484375 0.0359375 0.0125 0.0125
0 0.390625 0.0390625 0.0125 0.0125
0 0.42734375 0.01796875 0.0109375 0.0109375
0 0.44609375 0.06796875 0.0109375 0.0140625
0 0.4015625 0.06640625 0.0125 0.0109375
0 0.35546875 0.06015625 0.0140625 0.0140625
0 0.60625 0.06015625 0.009375 0.0109375
0 0.6609375 0.0625 0.009375 0.0125
0 0.78125 0.0625 0.0125 0.0125
0 0.8234375 0.06640625 0.0125 0.0109375
0 0.8734375 0.05859375 0.0125 0.0140625
0 0.9171875 0.0609375 0.0125 0.0125
0 1.1265625 0.05234375 0.0125 0.0140625
0 1.284375 0.04609375 0.0125 0.0140625
0 1.3046875 0.01875 0.0125 0.0125
0 1.3421875 0.01875 0.0125 0.0125
0 1.33515625 0.04609375 0.0140625 0.0171875
0 1.41640625 0.03828125 0.0140625 0.0140625
0 1.49375 0.04453125 0.0125 0.0140625
0 1.55078125 0.040625 0.0109375 0.0125
0 0.8 0.2875 0.0125 0.015625
0 0.84609375 0.29765625 0.0109375 0.0140625
0 0.88671875 0.3015625 0.0109375 0.0125
0 0.8703125 0.26328125 0.0125 0.0140625
0 1.0078125 0.2859375 0.0125 0.015625
0 1.01796875 0.2578125 0.0109375 0.0125
0 1.0578125 0.2875 0.0125 0.015625
0 1.0640625 0.265625 0.009375 0.0125
0 1.11484375 0.30390625 0.0109375 0.0140625
0 1.10390625 0.29140625 0.0109375 0.0140625
0 1.4046875 0.34921875 0.0125 0.0109375
0 1.2921875 0.36328125 0.0125 0.0140625
0 1.24765625 0.38515625 0.0140625 0.0171875
0 1.20703125 0.37265625 0.0109375 0.0109375
0 1.22578125 0.34921875 0.0109375 0.0140625
0 1.32734375 0.46875 0.0109375 0.0125
0 1.3234375 0.49453125 0.0125 0.0140625
0 1.41484375 0.51015625 0.0109375 0.0140625
0 1.24296875 0.45625 0.0109375 0.015625
0 1.22734375 0.5234375 0.0140625 0.015625
0 1.08671875 0.50625 0.0140625 0.015625
0 1.0015625 0.4765625 0.0125 0.015625
0 1.0625 0.40078125 0.0125 0.0140625
0 1.00234375 0.37109375 0.0140625 0.0140625
0 1.065625 0.55859375 0.015625 0.0171875
0 1.178125 0.58671875 0.0125 0.0171875
0 0.97734375 0.7375 0.0171875 0.01875
0 0.68203125 0.41484375 0.0140625 0.0171875
0 0.6734375 0.37578125 0.0125 0.0140625
0 0.696875 0.3578125 0.0125 0.0125
0 0.78828125 0.384375 0.0140625 0.015625
0 0.809375 0.38515625 0.0125 0.0140625
0 0.8234375 0.3765625 0.0125 0.015625
0 0.8328125 0.38828125 0.0125 0.0140625
0 0.88984375 0.36484375 0.0109375 0.0140625
0 0.93671875 0.35078125 0.0109375 0.0140625
0 0.953125 0.3875 0.0125 0.015625
0 0.9390625 0.39453125 0.0125 0.0140625
0 0.921875 0.48671875 0.015625 0.0203125
0 0.8546875 0.475 0.0125 0.0125
0 0.6859375 0.77265625 0.01875 0.0234375
0 0.803125 0.7265625 0.01875 0.021875
0 0.58984375 0.4015625 0.0109375 0.0125
0 0.5578125 0.403125 0.0125 0.0125
0 0.60234375 0.39609375 0.0109375 0.0140625
0 0.61484375 0.46171875 0.0140625 0.0140625
0 0.6546875 0.4703125 0.0125 0.015625
0 0.46015625 0.4609375 0.0140625 0.01875
0 0.41875 0.46953125 0.0125 0.0140625
0 0.36796875 0.4390625 0.0109375 0.0125
0 0.36875 0.4234375 0.0125 0.0125
0 0.33046875 0.41953125 0.0109375 0.0140625
0 0.34296875 0.3921875 0.0109375 0.0125
0 0.39765625 0.39921875 0.0109375 0.0140625
0 0.4296875 0.41640625 0.0125 0.0140625
0 0.3921875 0.36171875 0.009375 0.0109375
0 0.38359375 0.34453125 0.0109375 0.0140625
0 0.428125 0.346875 0.009375 0.0125
0 0.41875 0.3203125 0.009375 0.009375
0 0.38125 0.3171875 0.009375 0.0125
0 0.5140625 0.32421875 0.009375 0.0109375
0 0.62890625 0.3828125 0.0109375 0.009375
0 0.55703125 0.4296875 0.0140625 0.015625
0 0.09375 0.30390625 0.0125 0.0109375
0 0.13125 0.2984375 0.0125 0.0125
0 0.0703125 0.38828125 0.015625 0.0171875
0 0.12578125 0.36640625 0.0140625 0.0140625
0 0.1703125 0.3703125 0.0125 0.015625
0 0.19140625 0.375 0.0140625 0.015625
0 0.1984375 0.39921875 0.0125 0.0171875
0 0.2171875 0.37265625 0.0125 0.0140625
0 0.21953125 0.34765625 0.0109375 0.0109375
0 0.24921875 0.34453125 0.0109375 0.0109375
0 0.26875 0.35078125 0.0125 0.0140625
0 0.26796875 0.36875 0.0109375 0.015625
0 0.28984375 0.34765625 0.0140625 0.0140625
0 0.34296875 0.35703125 0.0109375 0.0109375
0 0.30859375 0.42578125 0.0140625 0.0171875
0 0.30546875 0.45859375 0.0140625 0.0171875
0 0.321875 0.4609375 0.0125 0.015625
0 0.228125 0.38828125 0.015625 0.0171875
0 0.24453125 0.38984375 0.0109375 0.0140625
0 0.24140625 0.36875 0.0078125 0.009375
0 0.11875 0.46796875 0.0125 0.0171875
0 0.0171875 0.49765625 0.015625 0.0203125
0 0.02734375 0.45703125 0.0140625 0.0140625
0 0.0265625 0.43046875 0.015625 0.0171875
0 0.0125 0.4125 0.015625 0.015625
0 0.00625 0.37734375 0.0125 0.0140625
0 0.01640625 0.55234375 0.0171875 0.0203125
0 0.0328125 0.57734375 0.01875 0.0203125
0 0.21484375 0.55625 0.0171875 0.01875
0 1.58046875 0.47421875 0.0140625 0.0140625
0 1.54921875 0.7125 0.0203125 0.021875
0 0.83203125 0.27109375 0.0109375 0.0109375
0 0.93125 0.215625 0.009375 0.0125
0 0.8921875 0.2234375 0.0125 0.0125
0 0.77421875 0.27421875 0.0109375 0.0140625
0 0.12109375 0.01953125 0.0109375 0.0109375
0 0.271875 0.0046875 0.009375 0.009375
0 0.3125 0.00859375 0.0125 0.0140625
0 0.3515625 0.00390625 0.009375 0.0078125
0 0.37890625 0.00859375 0.0109375 0.0109375
0 0.296875 0.075 0.0125 0.0125
0 1.10625 0.4140625 0.0125 0.0125
0 0.6578125 0.61484375 0.015625 0.0171875
0 1.20390625 0.4671875 0.0109375 0.015625
0 0.98203125 0.58515625 0.0171875 0.0203125
0 0.6625 0.4015625 0.0125 0.01875
0 0.61328125 0.42421875 0.0140625 0.0171875
0 0.31640625 0.36796875 0.0109375 0.0171875
0 0.32890625 0.35625 0.0109375 0.015625
0 0.26484375 0.43828125 0.0109375 0.0171875
0 1.28203125 0.5921875 0.0171875 0.021875
0 1.24296875 0.58671875 0.0171875 0.0171875
0 1.29609375 0.509375 0.0140625 0.01875
0 1.26640625 0.48984375 0.0140625 0.0171875
0 1.22109375 0.490625 0.0171875 0.01875
0 1.23125 0.46796875 0.0125 0.0140625
0 1.32890625 0.45703125 0.0109375 0.0140625
0 0.2015625 0.5859375 0.015625 0.01875
