0 0.4609375 0.52578125 0.0375 0.0453125
0 0.796875 0.28359375 0.053125 0.0578125
0 1.16171875 0.43515625 0.0484375 0.0546875
0 0.021875 0.7234375 0.025 0.03125
0 0.06015625 0.703125 0.0171875 0.028125
0 0.109375 0.70390625 0.01875 0.0234375
0 0.18984375 0.7421875 0.0234375 0.03125
0 0.246875 0.73125 0.021875 0.025
0 0.2859375 0.72578125 0.021875 0.0265625
0 0.346875 0.75625 0.01875 0.021875
0 0.32578125 0.7 0.0171875 0.021875
0 0.309375 0.675 0.015625 0.01875
0 0.28125 0.70234375 0.015625 0.0203125
0 0.23828125 0.69609375 0.0171875 0.0234375
0 0.18046875 0.69296875 0.0203125 0.0234375
0 0.2046875 0.6671875 0.01875 0.021875
0 0.14921875 0.6671875 0.0171875 0.021875
0 0.109375 0.675 0.015625 0.021875
0 0.1359375 0.6484375 0.015625 0.01875
0 0.1828125 0.64375 0.015625 0.021875
0 0.0859375 0.6453125 0.01875 0.021875
0 0.05703125 0.67109375 0.0203125 0.0203125
0 0.0078125 0.67109375 0.015625 0.0203125
0 0.02109375 0.64140625 0.0171875 0.0234375
0 0.0875 0.6203125 0.015625 0.01875
0 0.128125 0.62421875 0.015625 0.0203125
0 0.02421875 0.61328125 0.0171875 0.0203125
0 0.23984375 0.640625 0.0171875 0.021875
0 0.25625 0.6328125 0.0125 0.01875
0 0.28515625 0.628125 0.0171875 0.025
0 0.3296875 0.6328125 0.015625 0.01875
0 0.35625 0.6859375 0.015625 0.021875
0 0.3078125 0.65234375 0.015625 0.0203125
0 0.25234375 0.6796875 0.0171875 0.01875
0 0.51796875 0.7234375 0.0203125 0.025
0 0.5359375 0.7046875 0.0125 0.021875
0 0.57578125 0.725 0.0171875 0.021875
0 0.5 0.70546875 0.015625 0.0203125
0 0.5109375 0.6875 0.0125 0.01875
0 0.59765625 0.67578125 0.0109375 0.0171875
0 0.5625 0.67578125 0.0125 0.0203125
0 0.5640625 0.6375 0.0125 0.015625
0 0.59296875 0.61171875 0.0171875 0.0171875
0 0.55703125 0.59296875 0.0109375 0.0140625
0 0.63515625 0.6140625 0.0109375 0.015625
0 0.55859375 0.65859375 0.0140625 0.0203125
0 0.371875 0.63046875 0.015625 0.0203125
0 0.29296875 0.60078125 0.0140625 0.0171875
0 0.25390625 0.5953125 0.0171875 0.021875
0 0.19375 0.57109375 0.0125 0.0140625
0 0.0453125 0.575 0.0125 0.01875
0 0.0984375 0.52421875 0.0125 0.0140625
0 0.0171875 0.52578125 0.015625 0.0203125
0 0.14375 0.53046875 0.0125 0.0171875
0 0.1671875 0.53125 0.0125 0.015625
0 0.2015625 0.52890625 0.0125 0.0171875
0 0.2390625 0.5671875 0.0125 0.015625
0 0.24765625 0.55078125 0.0140625 0.0171875
0 0.28359375 0.5578125 0.0109375 0.015625
0 0.35546875 0.60234375 0.0109375 0.0171875
0 0.3453125 0.5890625 0.0125 0.015625
0 0.3078125 0.58046875 0.0125 0.0171875
0 0.37265625 0.53671875 0.0109375 0.0140625
0 0.409375 0.540625 0.0125 0.0125
0 0.28984375 0.5125 0.0109375 0.015625
0 0.3171875 0.5171875 0.009375 0.0125
0 0.22734375 0.5109375 0.0140625 0.015625
0 0.1953125 0.50859375 0.0125 0.0140625
0 0.1375 0.5015625 0.0125 0.0125
0 0.384375 0.57109375 0.0125 0.0140625
0 0.4921875 0.57109375 0.0125 0.0171875
0 0.5109375 0.55234375 0.009375 0.0140625
0 0.525 0.575 0.0125 0.015625
0 0.5296875 0.55 0.009375 0.0125
0 0.5546875 0.55 0.009375 0.0125
0 0.58203125 0.5546875 0.0109375 0.0125
0 0.52734375 0.525 0.0109375 0.0125
0 0.39375 0.50390625 0.0125 0.0140625
0 0.34921875 0.5203125 0.0109375 0.0125
0 0.115625 0.5859375 0.015625 0.01875
0 0.1859375 0.62421875 0.015625 0.0203125
0 0.88125 0.640625 0.021875 0.028125
0 0.0203125 0.47265625 0.0125 0.0171875
0 0.04375 0.46015625 0.015625 0.0171875
0 0.08671875 0.47734375 0.0140625 0.0140625
0 0.1125 0.44921875 0.015625 0.0140625
0 0.07734375 0.44609375 0.0109375 0.0140625
0 0.1875 0.45625 0.0125 0.0125
0 0.28984375 0.49609375 0.0109375 0.0109375
0 0.31953125 0.4953125 0.0109375 0.0125
0 0.31484375 0.46171875 0.0109375 0.0140625
0 0.29765625 0.44453125 0.0109375 0.0140625
0 0.3828125 0.48828125 0.0125 0.0140625
0 0.421875 0.48046875 0.009375 0.0109375
0 0.1828125 0.48671875 0.0125 0.0140625
0 0.16640625 0.434375 0.0109375 0.0125
0 0.0046875 0.4546875 0.009375 0.0125
0 1.296875 0.71015625 0.015625 0.0140625
0 1.44609375 0.7078125 0.0140625 0.015625
0 1.4625 0.71328125 0.009375 0.0140625
0 1.4171875 0.71484375 0.009375 0.0109375
0 1.52265625 0.7140625 0.0109375 0.0125
0 1.33046875 0.71171875 0.0109375 0.0109375
0 0.9984375 0.22734375 0.04375 0.0671875
