0 0.67734375 0.11640625 0.0140625 0.0171875
0 0.67578125 0.1921875 0.0140625 0.015625
0 0.66875 0.23203125 0.009375 0.0140625
0 0.70546875 0.15703125 0.0140625 0.0203125
0 0.728125 0.19609375 0.0125 0.0171875
0 0.790625 0.228125 0.0125 0.0125
0 0.84296875 0.23359375 0.0140625 0.0171875
0 0.878125 0.2421875 0.0125 0.015625
0 0.896875 0.16484375 0.009375 0.0140625
0 0.87734375 0.12421875 0.0140625 0.0171875
0 0.82265625 0.12578125 0.0140625 0.0171875
0 0.7765625 0.12734375 0.0125 0.0140625
0 0.83828125 0.1640625 0.0109375 0.015625
0 0.925 0.1828125 0.0125 0.015625
0 0.9546875 0.13515625 0.0125 0.0140625
0 0.9 0.10234375 0.0125 0.0171875
0 0.94453125 0.20625 0.0140625 0.015625
0 1.071875 0.1078125 0.0125 0.01875
0 1.05234375 0.29609375 0.0140625 0.0203125
0 1.065625 0.32890625 0.015625 0.0203125
0 1.11171875 0.33828125 0.0140625 0.0203125
0 0.18125 0.22578125 0.015625 0.0171875
0 0.1484375 0.31875 0.015625 0.021875
0 0.0984375 0.32265625 0.015625 0.0203125
0 0.04296875 0.3046875 0.0109375 0.01875
0 0.06015625 0.3265625 0.0109375 0.01875
0 0.18828125 0.3109375 0.0140625 0.021875
0 0.22109375 0.4171875 0.0171875 0.028125
0 0.13203125 0.26796875 0.0171875 0.0171875
0 0.24375 0.23828125 0.015625 0.0203125
0 0.215625 0.26640625 0.0125 0.0171875
0 0.27109375 0.225 0.0109375 0.01875
0 0.30625 0.23671875 0.015625 0.0203125
0 0.3015625 0.26953125 0.0125 0.0203125
0 0.33203125 0.2 0.0140625 0.01875
0 0.35 0.17421875 0.0125 0.0171875
0 0.36484375 0.10390625 0.0109375 0.0171875
0 0.36953125 0.27890625 0.0140625 0.0171875
0 0.23515625 0.1625 0.0140625 0.015625
0 0.4375 0.17734375 0.0125 0.0140625
0 0.471875 0.18359375 0.0125 0.0171875
0 0.48671875 0.12265625 0.0109375 0.0140625
0 0.38984375 0.24140625 0.0109375 0.0140625
0 0.553125 0.0859375 0.0125 0.015625
0 0.56875 0.325 0.0125 0.01875
0 0.7421875 0.35859375 0.0125 0.0171875
0 0.7 0.36328125 0.015625 0.0203125
0 0.62265625 0.33828125 0.0140625 0.0171875
0 0.6140625 0.2796875 0.015625 0.01875
0 0.59921875 0.3359375 0.0171875 0.01875
0 0.66171875 0.28671875 0.0140625 0.0171875
0 0.68984375 0.31015625 0.0140625 0.0171875
0 0.66015625 0.346875 0.0140625 0.01875
0 0.60390625 0.24921875 0.0140625 0.0171875
0 0.61875 0.228125 0.0125 0.015625
0 0.665625 0.25234375 0.0125 0.0140625
0 0.7109375 0.25859375 0.0125 0.0140625
0 0.7234375 0.303125 0.0125 0.015625
0 0.7515625 0.30390625 0.0125 0.0140625
0 0.7890625 0.27578125 0.0125 0.0140625
0 0.8234375 0.27578125 0.0125 0.0203125
0 0.83046875 0.3421875 0.0140625 0.015625
0 0.8078125 0.36171875 0.0125 0.0171875
0 0.825 0.378125 0.015625 0.01875
0 0.778125 0.371875 0.0125 0.015625
0 0.86171875 0.384375 0.0171875 0.01875
0 0.86640625 0.34609375 0.0140625 0.0203125
0 0.90625 0.3484375 0.0125 0.01875
0 0.92734375 0.38515625 0.0140625 0.0171875
0 0.965625 0.3953125 0.015625 0.01875
0 0.9390625 0.35390625 0.0125 0.0203125
0 0.984375 0.36171875 0.015625 0.0203125
0 0.996875 0.39453125 0.015625 0.0203125
0 1.03359375 0.40390625 0.0140625 0.0203125
0 0.96484375 0.31015625 0.0140625 0.0171875
0 0.928125 0.31328125 0.009375 0.0171875
0 0.9953125 0.3359375 0.0125 0.01875
0 1.01796875 0.3671875 0.0140625 0.01875
0 1.028125 0.3328125 0.0125 0.015625
0 0.99921875 0.28984375 0.0140625 0.0171875
0 0.71640625 0.0484375 0.0109375 0.015625
0 0.7703125 0.0453125 0.0125 0.015625
0 0.809375 0.046875 0.009375 0.015625
0 0.84375 0.0546875 0.0125 0.0125
0 0.9296875 0.06171875 0.0125 0.0140625
0 0.97265625 0.05 0.0109375 0.01875
0 1.04375 0.06328125 0.015625 0.0171875
0 1.01640625 0.05703125 0.0109375 0.0109375
0 1.08203125 0.378125 0.0171875 0.021875
0 1.07265625 0.409375 0.0140625 0.025
0 1.125 0.415625 0.0125 0.01875
0 1.13515625 0.384375 0.0140625 0.01875
0 1.1578125 0.42421875 0.0125 0.0203125
0 1.19375 0.4515625 0.015625 0.015625
0 1.19453125 0.40078125 0.0140625 0.0203125
0 1.23984375 0.40546875 0.0140625 0.0265625
0 1.21796875 0.35234375 0.0140625 0.0171875
0 1.1640625 0.3421875 0.01875 0.01875
0 1.134375 0.296875 0.0125 0.01875
0 1.175 0.3046875 0.015625 0.015625
0 1.203125 0.26171875 0.0125 0.0171875
0 1.16953125 0.265625 0.0140625 0.015625
0 1.13515625 0.2515625 0.0140625 0.01875
0 1.0921875 0.2015625 0.0125 0.015625
0 1.02578125 0.25 0.0140625 0.01875
0 1.13515625 0.18203125 0.0140625 0.0171875
0 1.1625 0.1828125 0.009375 0.015625
0 1.18515625 0.2234375 0.0140625 0.01875
0 1.2265625 0.23359375 0.009375 0.0171875
0 1.22734375 0.2046875 0.0140625 0.015625
0 1.2109375 0.146875 0.0125 0.01875
0 1.21796875 0.1125 0.0140625 0.01875
0 1.17578125 0.14609375 0.0140625 0.0171875
0 1.09921875 0.0640625 0.0140625 0.015625
0 1.14296875 0.03046875 0.0140625 0.0171875
0 1.01796875 0.4875 0.0203125 0.028125
0 0.95703125 0.4890625 0.0203125 0.025
0 1.1953125 0.2 0.0125 0.015625
0 1.20859375 0.32109375 0.0140625 0.0171875
0 1.24296875 0.3578125 0.0109375 0.01875
0 1.2578125 0.4359375 0.01875 0.021875
0 1.29765625 0.4453125 0.0171875 0.021875
0 1.3546875 0.4515625 0.015625 0.021875
0 1.3921875 0.52265625 0.015625 0.0171875
0 1.253125 0.30625 0.015625 0.01875
0 1.27109375 0.37109375 0.0140625 0.0203125
0 1.30703125 0.36796875 0.0171875 0.0203125
0 1.328125 0.4125 0.015625 0.01875
0 1.3421875 0.4265625 0.015625 0.021875
0 1.41328125 0.42890625 0.0171875 0.0234375
0 1.46875 0.38984375 0.015625 0.0203125
0 1.5375 0.415625 0.015625 0.028125
0 1.575 0.46171875 0.015625 0.0296875
0 1.52421875 0.40234375 0.0140625 0.0203125
0 1.5734375 0.365625 0.01875 0.021875
0 1.53671875 0.34921875 0.0171875 0.0203125
0 1.45703125 0.3296875 0.0171875 0.025
0 1.39375 0.32734375 0.015625 0.0203125
0 1.3328125 0.3515625 0.0125 0.015625
0 1.28828125 0.27734375 0.0171875 0.0203125
0 1.246875 0.26796875 0.015625 0.0203125
0 1.259375 0.2328125 0.0125 0.01875
0 1.32421875 0.1578125 0.0140625 0.015625
0 1.28515625 0.19765625 0.0109375 0.0140625
0 1.35625 0.165625 0.015625 0.01875
0 1.39765625 0.17109375 0.0140625 0.0171875
0 1.35546875 0.27890625 0.0140625 0.0203125
0 1.33203125 0.284375 0.0109375 0.015625
0 1.39609375 0.25078125 0.0140625 0.0171875
0 1.425 0.24609375 0.0125 0.0171875
0 1.4015625 0.296875 0.0125 0.01875
0 1.42734375 0.2953125 0.0171875 0.01875
0 1.4796875 0.21796875 0.015625 0.0203125
0 1.48125 0.2578125 0.015625 0.015625
0 1.53046875 0.21875 0.0109375 0.015625
0 1.5609375 0.21796875 0.015625 0.0203125
0 1.53984375 0.140625 0.0140625 0.015625
0 1.53125 0.18203125 0.0125 0.0171875
0 1.5046875 0.09140625 0.0125 0.0140625
0 1.54296875 0.09140625 0.0109375 0.0140625
0 1.57578125 0.09296875 0.0203125 0.0203125
0 1.4546875 0.09140625 0.0125 0.0171875
0 1.40390625 0.08984375 0.0140625 0.0140625
0 1.5890625 0.14765625 0.015625 0.0203125
0 1.57421875 0.18671875 0.0140625 0.0203125
0 0.70234375 0.49140625 0.0171875 0.0265625
0 0.81484375 0.52265625 0.0171875 0.0296875
0 1.07421875 0.5140625 0.0234375 0.01875
0 0.1359375 0.1609375 0.0125 0.01875
0 0.24296875 0.06484375 0.0109375 0.0140625
0 0.28984375 0.07109375 0.0109375 0.0140625
0 0.33359375 0.1125 0.0109375 0.015625
0 0.3046875 0.16875 0.0125 0.015625
0 0.1734375 0.9609375 0.028125 0.046875
0 0.2609375 1.0125 0.03125 0.040625
0 0.2875 1.03125 0.025 0.040625
0 0.46328125 1.14453125 0.0265625 0.0359375
0 0.68984375 1.146875 0.0234375 0.04375
0 0.7328125 0.94453125 0.034375 0.0421875
0 0.9984375 1.03359375 0.03125 0.0453125
0 1.1984375 1.11875 0.025 0.046875
0 0.08203125 0.02265625 0.0140625 0.0171875
0 0.14453125 0.0125 0.0140625 0.015625
0 0.18046875 0.03671875 0.0140625 0.0140625
0 0.184375 0.015625 0.0125 0.015625
0 0.23046875 0.0109375 0.0140625 0.0125
0 0.27421875 0.04453125 0.0109375 0.0140625
0 0.3125 0.01484375 0.015625 0.0140625
0 0.3265625 0.0390625 0.009375 0.015625
0 0.33515625 0.075 0.0109375 0.015625
0 0.28046875 0.10546875 0.0140625 0.0171875
0 0.2328125 0.10859375 0.0125 0.0140625
0 0.13203125 0.23203125 0.0140625 0.0171875
0 0.1734375 0.2640625 0.015625 0.015625
0 0.26328125 0.2734375 0.0140625 0.0125
0 0.2546875 0.16953125 0.009375 0.0140625
0 0.23359375 0.13359375 0.0140625 0.0171875
0 0.25625 0.134375 0.0125 0.015625
0 0.28359375 0.2015625 0.0140625 0.01875
0 0.2953125 0.1953125 0.0125 0.01875
0 0.36953125 0.03515625 0.0140625 0.0140625
0 0.3765625 0.0703125 0.0125 0.015625
0 0.4109375 0.03515625 0.0125 0.0171875
0 0.45390625 0.04375 0.0109375 0.015625
0 0.4828125 0.03828125 0.0125 0.0171875
0 0.51171875 0.02734375 0.0140625 0.0203125
0 0.4359375 0.009375 0.0125 0.0125
0 0.4078125 0.21484375 0.0125 0.0140625
0 0.41953125 0.2625 0.0109375 0.0125
0 0.01640625 0.321875 0.0109375 0.015625
0 0.53125 0.32578125 0.0125 0.0140625
0 0.56953125 0.28203125 0.0140625 0.0171875
0 0.628125 0.1921875 0.015625 0.015625
0 0.7421875 0.26171875 0.0125 0.0171875
0 0.79296875 0.24609375 0.0109375 0.0140625
0 0.7640625 0.19921875 0.0125 0.0140625
0 0.80546875 0.19609375 0.0109375 0.0140625
0 0.88515625 0.20390625 0.0109375 0.0171875
0 0.6765625 0.3515625 0.0125 0.01875
0 0.86875 0.43828125 0.01875 0.0171875
0 0.53984375 0.040625 0.0140625 0.015625
0 0.5640625 0.01171875 0.0125 0.0109375
0 0.5796875 0.04765625 0.0125 0.0140625
0 0.6046875 0.015625 0.0125 0.015625
0 0.73359375 0.01484375 0.0140625 0.0140625
0 0.78359375 0.009375 0.0140625 0.015625
0 0.82734375 0.01953125 0.0140625 0.0171875
0 0.8625 0.0109375 0.015625 0.015625
0 0.88359375 0.0546875 0.0140625 0.015625
0 0.9078125 0.0125 0.0125 0.015625
0 0.9390625 0.025 0.0125 0.0125
0 0.97578125 0.0234375 0.0140625 0.01875
0 1.0171875 0.02578125 0.015625 0.0203125
0 1.04609375 0.02734375 0.0140625 0.0171875
0 1.09765625 0.0265625 0.0140625 0.015625
0 1.16953125 0.0296875 0.0140625 0.01875
0 1.1609375 0.0703125 0.015625 0.01875
0 1.0453125 0.1078125 0.015625 0.015625
0 0.98671875 0.10078125 0.0140625 0.0171875
0 0.9203125 0.1296875 0.0125 0.015625
0 1.2609375 0.07109375 0.015625 0.0203125
0 1.26796875 0.12578125 0.0171875 0.0203125
0 1.2796875 0.13203125 0.015625 0.0171875
0 1.34921875 0.01015625 0.0109375 0.0109375
0 1.3890625 0.00859375 0.0125 0.0109375
0 1.4203125 0.0125 0.0125 0.0125
0 1.44140625 0.0109375 0.0140625 0.0125
0 1.4953125 0.015625 0.0125 0.015625
0 1.53515625 0.01953125 0.0140625 0.0140625
0 1.35234375 0.1015625 0.0109375 0.0125
0 1.31796875 0.2015625 0.0140625 0.0125
0 1.3671875 0.20390625 0.0125 0.0140625
0 1.31015625 0.2359375 0.0140625 0.01875
0 1.4453125 0.228125 0.0125 0.015625
0 1.33671875 0.0421875 0.0109375 0.0125
0 1.04296875 0.375 0.0140625 0.015625
0 1.1828125 0.425 0.015625 0.01875
0 1.29609375 0.32890625 0.0140625 0.0171875
0 1.57734375 0.02578125 0.0140625 0.0140625
0 1.5875 0.0609375 0.015625 0.015625
0 0.53203125 0.60625 0.0234375 0.025
0 0.56015625 1.13125 0.0328125 0.034375
0 0.703125 1.06484375 0.028125 0.0328125
0 0.4234375 0.7953125 0.021875 0.03125
0 1.42578125 0.34375 0.0171875 0.01875
0 1.49765625 0.26171875 0.0109375 0.0140625
0 1.14765625 0.2375 0.0140625 0.0125
0 1.1109375 0.24140625 0.0125 0.0109375
0 1.084375 0.29765625 0.0125 0.0203125
0 0.996875 0.1328125 0.0125 0.015625
0 1.0359375 0.1390625 0.0125 0.015625
0 0.8609375 0.0984375 0.0125 0.015625
0 0.8078125 0.09609375 0.0125 0.0140625
0 0.75078125 0.09140625 0.0109375 0.0140625
0 0.6921875 0.0890625 0.0125 0.0125
0 0.725 0.11875 0.0125 0.015625
0 0.85625 0.19296875 0.0125 0.0171875
0 0.65625 0.15 0.0125 0.015625
0 0.975 0.165625 0.0125 0.015625
0 0.17265625 0.16953125 0.0109375 0.0140625
0 0.18125 0.134375 0.0125 0.015625
0 0.13828125 0.1328125 0.0109375 0.0125
0 0.18359375 0.06875 0.0109375 0.015625
0 0.146875 0.0765625 0.0125 0.015625
0 0.1453125 0.0484375 0.0125 0.015625
0 0.4546875 0.14453125 0.0125 0.0171875
0 0.45703125 0.2078125 0.0140625 0.01875
0 0.4078125 0.28125 0.0125 0.015625
0 0.45859375 0.2875 0.0109375 0.0125
0 0.3984375 0.00546875 0.0125 0.0109375
0 0.2421875 0.03984375 0.009375 0.0140625
0 0.31640625 0.1359375 0.0109375 0.015625
0 0.37109375 0.1328125 0.0109375 0.015625
0 0.440625 0.1203125 0.0125 0.015625
0 0.45546875 0.084375 0.0109375 0.015625
0 0.50546875 0.084375 0.0140625 0.015625
0 0.51640625 0.1171875 0.0140625 0.015625
0 0.49921875 0.1546875 0.0109375 0.015625
0 1.3265625 0.08984375 0.0125 0.0171875
0 1.3109375 0.0390625 0.009375 0.0125
0 1.36484375 0.0375 0.0109375 0.0125
0 1.5015625 0.04765625 0.0125 0.0140625
0 1.35 0.125 0.0125 0.015625
0 1.4625 0.05 0.0125 0.015625
0 1.30546875 0.08046875 0.0109375 0.0171875
