0 0.0921875 0.14296875 0.053125 0.0828125
0 0.2328125 0.2390625 0.046875 0.0625
0 0.37421875 0.1375 0.0515625 0.071875
0 0.49375 0.0484375 0.0375 0.065625
0 0.6046875 0.07109375 0.040625 0.0515625
0 0.7265625 0.08671875 0.046875 0.0578125
0 0.684375 0.20390625 0.046875 0.0546875
0 0.39609375 0.38515625 0.0828125 0.0984375
0 0.9390625 0.35703125 0.084375 0.1203125
0 1.07734375 0.19765625 0.0515625 0.0671875
0 1.08828125 0.09375 0.0515625 0.071875
0 1.26484375 0.21484375 0.0453125 0.0703125
0 1.471875 0.04140625 0.046875 0.0515625
0 1.27734375 0.02109375 0.0484375 0.0421875
