0 0.8265625 0.54765625 0.15625 0.1484375
0 0.60390625 0.71328125 0.1140625 0.1171875
0 0.0296875 1.53125 0.059375 0.08125
0 0.12578125 1.7984375 0.0265625 0.0375
0 0.2296875 1.8359375 0.034375 0.040625
0 0.2171875 1.8171875 0.025 0.0375
0 0.19921875 1.79453125 0.0203125 0.0359375
0 0.265625 1.734375 0.021875 0.028125
0 1.24140625 1.80859375 0.0265625 0.0359375
0 1.1609375 1.796875 0.021875 0.034375
0 1.334375 1.7859375 0.021875 0.03125
0 1.378125 1.77578125 0.025 0.0328125
0 1.40703125 1.7828125 0.0234375 0.028125
0 1.43359375 1.784375 0.0171875 0.025
0 1.52578125 1.7875 0.0234375 0.028125
0 1.47421875 1.78984375 0.0171875 0.0296875
0 1.459375 1.77734375 0.015625 0.0234375
0 1.23984375 1.7671875 0.0171875 0.025
0 1.265625 1.7875 0.015625 0.028125
0 1.2875 1.80390625 0.01875 0.0265625
0 1.50703125 1.75234375 0.0171875 0.0203125
0 0.25546875 1.8046875 0.0234375 0.028125
0 0.21015625 1.7078125 0.0171875 0.021875
0 0.29453125 1.8328125 0.0265625 0.034375
0 0.32890625 1.88203125 0.0328125 0.0453125
0 0.36015625 1.78828125 0.0234375 0.0328125
0 0.35 1.85546875 0.034375 0.0421875
0 0.2984375 1.815625 0.028125 0.034375
0 0.409375 1.83046875 0.040625 0.0484375
0 0.38203125 1.6984375 0.0203125 0.025
0 0.8984375 1.8125 0.025 0.034375
0 0.8046875 1.80859375 0.021875 0.0265625
0 0.8328125 1.7875 0.015625 0.025
0 0.84921875 1.73203125 0.0171875 0.0234375
0 0.85234375 1.871875 0.0296875 0.05
0 0.05390625 1.4734375 0.0171875 0.01875
0 0.05234375 1.3140625 0.0140625 0.0125
0 0.14453125 1.3453125 0.0171875 0.021875
0 0.19453125 1.35625 0.0109375 0.015625
0 0.23671875 1.35390625 0.0140625 0.0171875
0 0.275 1.36015625 0.015625 0.0140625
0 0.30859375 1.36171875 0.0140625 0.0171875
0 0.3578125 1.346875 0.015625 0.01875
0 0.38125 1.3640625 0.0125 0.015625
0 0.409375 1.36171875 0.0125 0.0171875
0 0.09609375 1.49140625 0.0171875 0.0203125
0 0.12265625 1.49140625 0.0171875 0.0171875
0 0.13359375 1.5234375 0.0203125 0.028125
0 0.0890625 1.52890625 0.01875 0.0234375
0 0.16953125 1.5328125 0.0171875 0.025
0 0.17265625 1.55703125 0.0140625 0.0171875
0 0.1578125 1.59609375 0.01875 0.0234375
0 0.13359375 1.56328125 0.0171875 0.0234375
0 0.1921875 1.559375 0.015625 0.01875
0 0.20625 1.58203125 0.015625 0.0171875
0 0.23671875 1.5203125 0.0140625 0.021875
0 0.24375 1.4875 0.015625 0.01875
0 0.25859375 1.51640625 0.0140625 0.0171875
0 0.24140625 1.55546875 0.0140625 0.0203125
0 0.30703125 1.55078125 0.0140625 0.0203125
0 0.30234375 1.49140625 0.0171875 0.0203125
0 0.2421875 1.4015625 0.01875 0.021875
0 0.39140625 1.50078125 0.0171875 0.0203125
0 0.3671875 1.565625 0.015625 0.021875
0 0.39609375 1.57109375 0.0140625 0.0203125
0 0.33515625 1.60625 0.0171875 0.01875
0 0.4 1.59765625 0.015625 0.0171875
0 0.16640625 1.8515625 0.0453125 0.05
0 0.15078125 1.628125 0.0203125 0.025
0 0.175 1.6125 0.015625 0.01875
0 0.19453125 1.621875 0.0171875 0.01875
0 0.18671875 1.64921875 0.0171875 0.0203125
0 0.15859375 1.68203125 0.0234375 0.0265625
0 0.19765625 1.67265625 0.0234375 0.0234375
0 0.22265625 1.66171875 0.0171875 0.0203125
0 0.24296875 1.65234375 0.0171875 0.0203125
0 0.275 1.6640625 0.015625 0.021875
0 0.315625 1.62578125 0.01875 0.0296875
0 0.2828125 1.6109375 0.01875 0.01875
0 0.32578125 1.65390625 0.0203125 0.0296875
0 0.36640625 1.62734375 0.0203125 0.0234375
0 0.3703125 1.721875 0.01875 0.028125
0 0.33515625 1.690625 0.0171875 0.021875
0 0.32890625 1.71328125 0.0203125 0.0265625
0 0.3 1.7546875 0.021875 0.03125
0 0.325 1.78984375 0.025 0.0328125
0 0.3328125 1.76484375 0.021875 0.0265625
0 0.31796875 1.74609375 0.0171875 0.0234375
0 0.36328125 1.7609375 0.0203125 0.028125
0 0.38671875 1.659375 0.0203125 0.021875
0 0.246875 1.7109375 0.01875 0.01875
0 0.79296875 1.73515625 0.0265625 0.0328125
0 0.8953125 1.7828125 0.028125 0.021875
0 0.84609375 1.78046875 0.0171875 0.0234375
0 1.2125 1.77890625 0.021875 0.0265625
0 1.2265625 1.72578125 0.01875 0.0203125
0 1.2828125 1.73046875 0.021875 0.0203125
0 1.1890625 1.80859375 0.025 0.0296875
0 1.25234375 1.7203125 0.0140625 0.01875
0 1.246875 1.70390625 0.0125 0.0140625
0 1.2640625 1.68984375 0.015625 0.0171875
0 1.3546875 1.7 0.01875 0.025
0 1.39765625 1.7203125 0.0171875 0.021875
0 1.41875 1.72421875 0.015625 0.0171875
0 1.43046875 1.74375 0.0140625 0.025
0 1.4484375 1.75859375 0.015625 0.0171875
0 1.4875 1.74921875 0.01875 0.0234375
0 1.0375 1.53203125 0.0125 0.0171875
0 1.07890625 1.53203125 0.0140625 0.0203125
0 1.109375 1.5328125 0.0125 0.01875
0 1.3578125 1.58515625 0.015625 0.0234375
0 1.37734375 1.5609375 0.0140625 0.021875
0 1.3921875 1.5609375 0.0125 0.01875
0 1.47890625 1.6078125 0.0203125 0.025
0 1.31015625 1.5984375 0.0171875 0.01875
0 0.01875 1.31640625 0.015625 0.0203125
0 0.0453125 1.225 0.0125 0.0125
0 0.08671875 1.22578125 0.0140625 0.0140625
0 0.125 1.23828125 0.0125 0.0171875
0 0.1890625 1.0921875 0.0125 0.015625
0 0.23671875 1.09453125 0.0109375 0.0140625
0 0.18515625 1.7453125 0.0203125 0.028125
0 0.23828125 1.7515625 0.0171875 0.021875
0 0.19375 1.521875 0.01875 0.021875
