0 0.34296875 0.5125 0.0234375 0.028125
0 0.2625 0.51328125 0.01875 0.0265625
0 0.12734375 0.61328125 0.0296875 0.0421875
0 0.434375 0.6015625 0.03125 0.05
0 0.3953125 0.659375 0.01875 0.046875
0 0.29296875 0.6140625 0.0296875 0.04375
0 0.7 0.44765625 0.021875 0.0296875
0 0.7390625 0.48046875 0.01875 0.0234375
0 0.79296875 0.4828125 0.0234375 0.028125
0 0.678125 0.67421875 0.021875 0.0328125
0 0.61875 0.74140625 0.025 0.0390625
0 0.7546875 0.72890625 0.025 0.0359375
0 0.81484375 0.671875 0.0203125 0.040625
0 0.4015625 0.79765625 0.028125 0.0359375
0 0.096875 0.55390625 0.028125 0.0328125
0 0.96796875 0.49375 0.0234375 0.03125
0 0.903125 0.51015625 0.025 0.0328125
0 1.003125 0.6765625 0.025 0.034375
0 1.3078125 0.471875 0.021875 0.03125
0 1.384375 0.4265625 0.021875 0.028125
0 0.92109375 0.415625 0.0203125 0.03125
0 1.090625 0.4546875 0.025 0.0375
0 1.346875 0.38671875 0.01875 0.0328125
0 1.0375 0.734375 0.025 0.03125
0 1.4125 0.37421875 0.021875 0.0296875
0 1.29375 0.35078125 0.021875 0.0296875
0 0.78203125 0.3484375 0.0234375 0.03125
0 0.57890625 0.29453125 0.0203125 0.0296875
0 0.3109375 0.42578125 0.01875 0.0265625
0 0.253125 0.43515625 0.015625 0.0203125
0 0.1125 0.45859375 0.01875 0.0234375
0 0.12109375 0.496875 0.0203125 0.028125
0 0.740625 0.4375 0.01875 0.025
0 0.66875 0.459375 0.021875 0.025
0 0.85234375 0.43046875 0.0203125 0.0296875
0 0.9703125 0.36484375 0.021875 0.0296875
0 1.06328125 0.3875 0.0171875 0.03125
0 0.76640625 0.38515625 0.0234375 0.0265625
0 0.68125 0.3765625 0.021875 0.028125
0 0.7140625 0.353125 0.015625 0.025
0 0.94296875 0.48125 0.0171875 0.03125
0 0.98984375 0.4375 0.0203125 0.028125
0 1.16953125 0.3171875 0.0171875 0.025
0 1.1953125 0.284375 0.01875 0.028125
0 1.33203125 0.315625 0.0171875 0.025
0 1.4390625 0.3578125 0.021875 0.03125
0 1.221875 0.46328125 0.01875 0.0359375
0 1.26484375 0.41015625 0.0140625 0.0296875
0 0.0328125 0.5546875 0.021875 0.03125
0 0.090625 0.4 0.021875 0.03125
0 0.07109375 0.35546875 0.0171875 0.0265625
0 0.09296875 0.334375 0.0171875 0.021875
0 0.27265625 0.378125 0.0171875 0.028125
0 0.246875 0.3515625 0.01875 0.028125
0 0.16953125 0.45703125 0.0203125 0.0265625
0 0.1671875 0.35546875 0.015625 0.0203125
0 0.321875 0.334375 0.015625 0.021875
0 0.2921875 0.3390625 0.015625 0.021875
0 0.19765625 0.48984375 0.0203125 0.0265625
0 0.11875 0.378125 0.015625 0.021875
0 0.04296875 0.3640625 0.0140625 0.021875
0 0.35078125 0.39375 0.0203125 0.03125
0 0.334375 0.30703125 0.01875 0.0265625
0 0.2796875 0.3046875 0.015625 0.028125
0 0.16015625 0.32421875 0.0203125 0.0265625
0 0.40546875 0.4078125 0.0234375 0.028125
0 0.3515625 0.3515625 0.01875 0.021875
0 0.521875 0.29296875 0.01875 0.0265625
0 0.3265625 0.2421875 0.01875 0.025
0 0.28046875 0.26796875 0.0171875 0.0234375
0 0.434375 0.228125 0.015625 0.021875
0 0.39375 0.24375 0.015625 0.021875
0 0.5015625 0.23828125 0.015625 0.0234375
0 0.45078125 0.30078125 0.0203125 0.0234375
0 0.62890625 0.2234375 0.0171875 0.021875
0 0.540625 0.20234375 0.01875 0.0234375
0 0.65 0.28203125 0.021875 0.0296875
0 0.61328125 0.34140625 0.0171875 0.0265625
0 0.62734375 0.47109375 0.0234375 0.0296875
0 0.6015625 0.46328125 0.021875 0.0328125
0 0.559375 0.48984375 0.021875 0.0265625
0 0.71484375 0.30390625 0.0203125 0.0265625
0 0.6703125 0.17734375 0.01875 0.0234375
0 0.8671875 0.334375 0.01875 0.028125
0 0.53359375 0.40625 0.0203125 0.03125
0 0.80390625 0.40546875 0.0234375 0.0265625
0 1.45546875 0.49609375 0.0171875 0.0265625
0 1.13515625 0.54609375 0.0234375 0.0453125
0 1.3078125 0.60859375 0.025 0.0265625
0 1.27265625 0.26640625 0.0203125 0.0265625
0 1.49140625 0.33359375 0.0203125 0.0296875
0 1.55390625 0.25234375 0.0203125 0.0234375
0 1.459375 0.2296875 0.021875 0.028125
0 1.3296875 0.23984375 0.01875 0.0234375
0 1.11484375 0.1484375 0.0171875 0.021875
0 1.36328125 0.36875 0.0203125 0.034375
0 1.290625 0.4359375 0.021875 0.028125
0 1.1953125 0.11171875 0.015625 0.0234375
0 1.25234375 0.14296875 0.0171875 0.0234375
0 1.35703125 0.13203125 0.0203125 0.0265625
0 1.3359375 0.14609375 0.015625 0.0234375
0 1.29375 0.15703125 0.01875 0.0203125
0 1.31875 0.10625 0.015625 0.025
0 1.51796875 0.134375 0.0203125 0.025
0 0.9375 0.696875 0.034375 0.046875
0 1.48828125 0.6515625 0.0203125 0.03125
0 0.84375 0.15078125 0.015625 0.0203125
0 0.9640625 0.30859375 0.01875 0.0265625
0 0.175 0.290625 0.01875 0.021875
0 0.44453125 0.18515625 0.0171875 0.0203125
0 0.54765625 0.16484375 0.0140625 0.0203125
0 0.21640625 0.1578125 0.0171875 0.021875
0 0.41015625 0.2046875 0.0203125 0.021875
0 0.240625 0.29140625 0.021875 0.0234375
0 0.303125 0.23125 0.021875 0.021875
0 0.359375 0.2296875 0.01875 0.021875
0 0.6109375 0.559375 0.021875 0.021875
0 0.54609375 0.353125 0.0203125 0.021875
0 0.86796875 0.37421875 0.0171875 0.0234375
0 0.36484375 0.29296875 0.0171875 0.0203125
0 0.49140625 0.27734375 0.0171875 0.0203125
0 1.00390625 0.1828125 0.0140625 0.021875
0 1.13359375 0.2015625 0.0203125 0.021875
0 0.5515625 0.06796875 0.015625 0.0203125
0 0.55234375 0.03828125 0.0171875 0.0234375
0 1.25078125 0.11875 0.0171875 0.01875
0 1.3921875 0.25 0.015625 0.021875
0 1.51796875 0.27890625 0.0171875 0.0234375
0 1.584375 0.20390625 0.01875 0.0265625
0 1.5625 0.11953125 0.015625 0.0203125
0 1.53359375 0.16171875 0.0203125 0.0234375
0 1.4828125 0.1125 0.015625 0.025
0 1.50078125 0.1234375 0.0171875 0.021875
0 1.38203125 0.1171875 0.0171875 0.025
0 1.46484375 0.3296875 0.0171875 0.021875
0 0.19453125 0.04453125 0.0140625 0.0171875
0 0.1140625 0.121875 0.01875 0.021875
0 0.15234375 0.20234375 0.0171875 0.0203125
0 0.2375 0.06015625 0.015625 0.0171875
0 0.28671875 0.05625 0.0140625 0.01875
0 0.34375 0.04765625 0.015625 0.0171875
0 0.06875 0.04765625 0.015625 0.0171875
0 1.42734375 0.10234375 0.0515625 0.0578125
0 0.43515625 0.3390625 0.0140625 0.01875
0 0.47109375 0.33046875 0.0140625 0.0203125
0 0.43359375 0.2859375 0.0171875 0.01875
0 0.553125 0.31171875 0.015625 0.0234375
0 1.10234375 0.409375 0.0234375 0.028125
0 0.8203125 0.1875 0.015625 0.025
0 0.86640625 0.1765625 0.0140625 0.021875
0 1.4234375 0.21484375 0.021875 0.0296875
0 0.01484375 0.6171875 0.0203125 0.025
0 0.01328125 0.7515625 0.0265625 0.0375
0 0.584375 0.36796875 0.01875 0.0234375
0 0.028125 0.04453125 0.0125 0.0171875
0 0.00625 0.38984375 0.0125 0.0234375
0 0.0265625 0.53046875 0.01875 0.0265625
0 1.59453125 0.82578125 0.0109375 0.0265625
