0 1.4390625 0.19609375 0.0625 0.0703125
0 0.9828125 0.05 0.09375 0.1
0 0.634375 0.1296875 0.09375 0.10625
0 0.29375 0.3234375 0.04375 0.059375
0 0.053125 0.53984375 0.021875 0.0265625
0 0.0984375 0.540625 0.028125 0.034375
0 0.34609375 0.540625 0.0265625 0.03125
0 0.41484375 0.5421875 0.0234375 0.03125
0 0.4640625 0.5265625 0.021875 0.025
0 0.428125 0.45 0.021875 0.025
0 0.37890625 0.41640625 0.0140625 0.0203125
0 0.3640625 0.35859375 0.009375 0.0140625
0 0.34453125 0.34140625 0.0109375 0.0171875
0 0.39375 0.346875 0.0125 0.015625
0 0.43984375 0.346875 0.0140625 0.015625
0 0.38046875 0.32578125 0.0109375 0.0171875
0 0.0765625 0.35703125 0.015625 0.0203125
0 0.090625 0.40390625 0.0125 0.0171875
0 0.05703125 0.41171875 0.0140625 0.0171875
0 0.03203125 0.3609375 0.0140625 0.01875
0 0.04453125 0.32734375 0.0140625 0.0171875
0 0.0125 0.3203125 0.0125 0.015625
0 1.0671875 0.50625 0.01875 0.025
0 1.1671875 0.509375 0.015625 0.01875
0 1.17890625 0.478125 0.0109375 0.01875
0 1.21015625 0.5 0.0171875 0.021875
0 1.18984375 0.51328125 0.0140625 0.0140625
0 1.265625 0.490625 0.01875 0.025
0 1.203125 0.41953125 0.0125 0.0171875
0 1.28515625 0.37421875 0.0109375 0.0140625
0 1.21484375 0.3703125 0.0109375 0.015625
0 1.57734375 0.37421875 0.0203125 0.0359375
0 1.2453125 0.353125 0.009375 0.0125
0 1.17421875 0.39140625 0.0109375 0.0171875
0 1.30859375 0.340625 0.0109375 0.015625
0 1.28359375 0.33515625 0.0109375 0.0140625
0 1.29296875 0.2890625 0.0078125 0.0125
0 1.3171875 0.2953125 0.009375 0.0125
0 1.24765625 0.296875 0.0078125 0.009375
0 1.2328125 0.39765625 0.0125 0.0171875
