0 0.01484375 0.16953125 0.0140625 0.0203125
0 0.31640625 0.0296875 0.0171875 0.025
0 0.37734375 0.02421875 0.0203125 0.0171875
0 0.29375 0.06875 0.015625 0.021875
0 0.23984375 0.07109375 0.0171875 0.0203125
0 0.33359375 0.09296875 0.0171875 0.0203125
0 0.32890625 0.125 0.0171875 0.021875
0 0.26328125 0.1296875 0.0203125 0.025
0 0.25703125 0.19765625 0.0171875 0.0265625
0 0.27421875 0.17109375 0.0203125 0.0265625
0 0.33125 0.175 0.0125 0.025
0 0.32265625 0.19609375 0.0140625 0.0234375
0 0.29375 0.21171875 0.015625 0.0328125
0 0.35703125 0.3 0.0203125 0.028125
0 0.334375 0.2546875 0.01875 0.0375
0 0.2796875 0.23828125 0.01875 0.0265625
0 0.28671875 0.36328125 0.0203125 0.0265625
0 0.390625 0.05703125 0.021875 0.0296875
0 0.45546875 0.059375 0.0171875 0.025
0 0.459375 0.0296875 0.0125 0.01875
0 0.51875 0.03203125 0.0125 0.0203125
0 0.5265625 0.0703125 0.01875 0.025
0 0.5546875 0.03515625 0.015625 0.0203125
0 0.5796875 0.0671875 0.01875 0.025
0 0.6078125 0.10625 0.015625 0.025
0 0.67109375 0.090625 0.0171875 0.025
0 0.61171875 0.16953125 0.0171875 0.0234375
0 0.55703125 0.16484375 0.0203125 0.0296875
0 0.5234375 0.134375 0.01875 0.025
0 0.4625 0.12734375 0.01875 0.0265625
0 0.4078125 0.12578125 0.025 0.0203125
0 0.3953125 0.09921875 0.01875 0.0234375
0 0.4015625 0.1625 0.015625 0.025
0 0.47578125 0.16796875 0.0234375 0.0234375
0 0.42109375 0.19375 0.0171875 0.025
0 0.503125 0.24296875 0.01875 0.0265625
0 0.565625 0.2453125 0.01875 0.025
0 0.59140625 0.26875 0.0203125 0.028125
0 0.6234375 0.24921875 0.034375 0.0453125
0 0.58984375 0.3125 0.0203125 0.025
0 0.49921875 0.30859375 0.0203125 0.0296875
0 0.4 0.23515625 0.015625 0.0296875
0 0.68359375 0.15 0.0296875 0.065625
0 0.6046875 0.05625 0.015625 0.021875
0 0.58984375 0.04921875 0.0171875 0.0171875
0 0.74921875 0.09609375 0.0140625 0.0203125
0 0.7609375 0.13359375 0.015625 0.0234375
0 0.78671875 0.1734375 0.0203125 0.021875
0 0.8015625 0.07578125 0.01875 0.0234375
0 0.8625 0.18046875 0.034375 0.0703125
0 0.97734375 0.040625 0.0203125 0.021875
0 0.93125 0.19375 0.021875 0.028125
0 0.9921875 0.30625 0.01875 0.028125
0 1.06953125 0.01875 0.0140625 0.015625
0 1.02890625 0.040625 0.0171875 0.021875
0 1.08125 0.1 0.015625 0.025
0 1.15 0.10859375 0.015625 0.0265625
0 1.09609375 0.13671875 0.0171875 0.0234375
0 1.1921875 0.16484375 0.021875 0.0234375
0 1.0203125 0.13828125 0.01875 0.0265625
0 1.0046875 0.2046875 0.021875 0.03125
0 1.05703125 0.20234375 0.0171875 0.0234375
0 1.02109375 0.25078125 0.0203125 0.0234375
0 1.04453125 0.26796875 0.0234375 0.0265625
0 1.065625 0.3109375 0.025 0.03125
0 1.12109375 0.28046875 0.0203125 0.0328125
0 1.08828125 0.2859375 0.0140625 0.015625
0 1.14609375 0.30390625 0.0171875 0.0265625
0 1.16484375 0.24453125 0.0234375 0.0296875
0 1.26796875 0.2328125 0.0234375 0.028125
0 1.221875 0.3109375 0.021875 0.028125
0 1.07890625 0.36015625 0.0234375 0.0265625
0 1.3046875 0.315625 0.01875 0.025
0 1.16328125 0.3703125 0.0234375 0.03125
0 1.23671875 0.37109375 0.0234375 0.0296875
0 1.31328125 0.371875 0.0296875 0.034375
0 1.43046875 0.36640625 0.0234375 0.0328125
0 1.4109375 0.04765625 0.01875 0.0234375
0 1.56171875 0.0453125 0.0140625 0.021875
0 1.55703125 0.10625 0.0140625 0.025
0 1.40078125 0.1171875 0.0171875 0.01875
0 1.46484375 0.1953125 0.0140625 0.01875
0 1.484375 0.228125 0.025 0.01875
0 1.54453125 0.1765625 0.0140625 0.025
0 1.57890625 0.159375 0.0171875 0.021875
0 1.58515625 0.18671875 0.0140625 0.0203125
0 1.565625 0.1984375 0.015625 0.025
0 1.5578125 0.2796875 0.021875 0.034375
0 1.57734375 0.334375 0.0203125 0.025
0 1.578125 0.36953125 0.03125 0.0296875
0 1.33984375 0.375 0.0234375 0.028125
0 1.26796875 0.43671875 0.0140625 0.0265625
0 1.3265625 0.06953125 0.01875 0.0203125
