0 0.18828125 0.2953125 0.0640625 0.090625
0 0.38828125 0.3140625 0.0546875 0.071875
0 0.5546875 0.3078125 0.05625 0.078125
0 0.7109375 0.28828125 0.05 0.0703125
0 0.85546875 0.278125 0.0453125 0.08125
0 0.990625 0.29609375 0.05625 0.0640625
0 1.15703125 0.30625 0.0484375 0.078125
0 1.325 0.34921875 0.04375 0.0703125
0 1.240625 0.52109375 0.053125 0.0765625
0 1.05 0.51328125 0.05625 0.0765625
0 0.87109375 0.49921875 0.0578125 0.0859375
0 0.6609375 0.4984375 0.059375 0.084375
0 0.4765625 0.50859375 0.059375 0.0828125
0 0.296875 0.5296875 0.05625 0.075
