0 1.475 0.415625 0.05625 0.078125
0 1.4484375 0.4515625 0.04375 0.040625
0 1.334375 0.48828125 0.05 0.0640625
0 1.24375 0.5078125 0.05625 0.071875
0 1.11953125 0.4828125 0.0484375 0.0625
0 1.16015625 0.375 0.0421875 0.05
0 0.9640625 0.06484375 0.0375 0.0359375
0 1.06953125 0.13828125 0.0421875 0.0546875
0 1.15078125 0.2703125 0.0515625 0.06875
0 0.96015625 0.18515625 0.0390625 0.0546875
0 0.97734375 0.24140625 0.0390625 0.0546875
0 0.9125 0.3234375 0.053125 0.09375
0 1.09609375 0.4453125 0.0453125 0.053125
0 1.003125 0.3890625 0.046875 0.065625
0 1.040625 0.52265625 0.084375 0.1078125
0 0.85859375 0.49140625 0.0546875 0.0859375
0 0.82421875 0.48203125 0.0359375 0.0453125
0 0.78984375 0.10546875 0.0328125 0.0515625
0 0.79375 0.2578125 0.04375 0.05625
0 0.6234375 0.05859375 0.034375 0.0453125
0 0.6546875 0.121875 0.040625 0.053125
0 0.59453125 0.3046875 0.0390625 0.05
0 0.49453125 0.0625 0.0453125 0.046875
0 0.36640625 0.0859375 0.0421875 0.05625
0 0.36640625 0.13984375 0.0484375 0.0609375
0 0.40390625 0.340625 0.0515625 0.059375
0 0.6265625 0.42578125 0.053125 0.0703125
0 0.7203125 0.48046875 0.053125 0.0703125
0 0.47265625 0.44375 0.0796875 0.13125
0 0.38203125 0.5078125 0.0421875 0.0625
0 0.0328125 0.12421875 0.040625 0.0546875
0 0.1359375 0.12734375 0.046875 0.0546875
0 0.24609375 0.075 0.0390625 0.053125
0 0.215625 0.16640625 0.05 0.0578125
0 0.28828125 0.28828125 0.0421875 0.0578125
0 0.12109375 0.30546875 0.0421875 0.0546875
0 0.175 0.3703125 0.05 0.05625
0 0.07421875 0.38984375 0.0421875 0.0578125
0 0.14140625 0.434375 0.0578125 0.071875
0 0.2703125 0.528125 0.05 0.06875
0 0.4125 0.68515625 0.053125 0.0703125
0 0.0890625 0.75234375 0.05625 0.0546875
0 0.28359375 0.83671875 0.0578125 0.0796875
0 0.02265625 0.23359375 0.0390625 0.0515625
0 0.721875 0.02734375 0.053125 0.0546875
0 0.24375 0.40078125 0.053125 0.0734375
