0 0.1765625 0.1328125 0.06875 0.096875
0 0.37890625 0.1703125 0.0734375 0.08125
0 0.52421875 0.1421875 0.0640625 0.0875
0 0.72578125 0.146875 0.0734375 0.096875
0 0.94609375 0.13984375 0.0671875 0.0984375
0 1.17734375 0.11796875 0.0828125 0.1015625
0 1.3765625 0.1140625 0.071875 0.090625
0 0.2671875 0.40390625 0.06875 0.1203125
0 0.4578125 0.3515625 0.08125 0.115625
0 0.63671875 0.346875 0.0703125 0.096875
0 0.828125 0.30390625 0.06875 0.0921875
0 1.0640625 0.421875 0.084375 0.115625
0 1.21953125 0.37734375 0.0734375 0.1046875
0 1.4171875 0.37578125 0.065625 0.1046875
