0 1.46484375 0.1796875 0.0671875 0.09375
0 1.359375 0.30859375 0.065625 0.0828125
0 1.29921875 0.2015625 0.0578125 0.075
0 1.12578125 0.2734375 0.0671875 0.06875
0 1.09296875 0.184375 0.0734375 0.08125
0 1.04921875 0.09140625 0.0296875 0.0390625
0 0.98828125 0.09375 0.0359375 0.05
0 0.2421875 0.0171875 0.04375 0.028125
0 0.5 0.015625 0.034375 0.028125
0 0.29140625 0.1890625 0.0765625 0.103125
0 0.43203125 0.2234375 0.0796875 0.090625
0 0.71953125 0.29609375 0.0578125 0.0765625
0 0.9671875 0.57109375 0.2 0.2703125
0 1.58203125 0.06328125 0.0328125 0.0578125
