0 0.0203125 0.3484375 0.015625 0.028125
0 0.04609375 0.3734375 0.0234375 0.021875
0 0.0671875 0.41171875 0.03125 0.0296875
0 0.04453125 0.4484375 0.0265625 0.03125
0 0.234375 0.3390625 0.021875 0.021875
0 0.20234375 0.37421875 0.0234375 0.0328125
0 0.28828125 0.54921875 0.0234375 0.0328125
0 0.259375 0.50859375 0.028125 0.0328125
0 0.27109375 0.61015625 0.0296875 0.0421875
0 0.19296875 0.5890625 0.0265625 0.04375
0 0.1546875 0.546875 0.0375 0.040625
0 0.04296875 0.58359375 0.0484375 0.0734375
0 0.31875 0.6109375 0.040625 0.04375
0 0.3953125 0.6609375 0.025 0.04375
0 0.30546875 0.659375 0.0328125 0.040625
0 0.2984375 0.703125 0.03125 0.040625
0 0.26484375 0.77421875 0.0421875 0.0484375
0 0.1890625 0.7109375 0.0375 0.040625
0 0.1796875 0.65390625 0.03125 0.0453125
0 0.06875 0.6390625 0.05625 0.075
0 0.30546875 0.321875 0.0234375 0.034375
0 0.3328125 0.45 0.03125 0.034375
0 0.5203125 0.37421875 0.05 0.1015625
0 0.56875 0.35078125 0.025 0.0265625
0 0.68203125 0.459375 0.0296875 0.0375
0 0.6625 0.66953125 0.034375 0.0390625
0 0.121875 0.571875 0.028125 0.046875
0 0.9234375 0.328125 0.03125 0.040625
0 0.7640625 0.37109375 0.021875 0.0265625
0 0.7375 0.4125 0.028125 0.034375
0 0.77109375 0.459375 0.0359375 0.046875
0 0.70546875 0.4 0.0203125 0.03125
0 0.7015625 0.51953125 0.028125 0.0359375
0 0.69921875 0.57421875 0.0328125 0.0390625
0 0.74609375 0.65234375 0.0359375 0.0484375
0 0.88671875 0.4328125 0.0890625 0.1125
0 0.72265625 0.8 0.0296875 0.0375
0 0.37421875 0.77265625 0.0328125 0.0328125
0 1.115625 0.41328125 0.028125 0.0359375
0 1.146875 0.45078125 0.034375 0.0328125
0 1.1453125 0.36953125 0.03125 0.0421875
0 1.2078125 0.32109375 0.034375 0.0390625
0 1.22109375 0.36640625 0.0328125 0.0390625
0 1.3125 0.325 0.028125 0.04375
0 1.278125 0.41328125 0.025 0.0390625
0 1.3453125 0.39375 0.028125 0.0375
0 1.3203125 0.47265625 0.034375 0.0421875
0 1.31484375 0.575 0.0296875 0.040625
0 1.29609375 0.62109375 0.0296875 0.0421875
0 1.27109375 0.5375 0.0265625 0.040625
0 1.171875 0.471875 0.121875 0.08125
0 1.478125 0.3328125 0.03125 0.040625
0 1.5890625 0.34609375 0.01875 0.0390625
0 1.578125 0.39921875 0.025 0.0390625
0 1.56171875 0.45859375 0.0359375 0.0421875
0 1.42890625 0.3734375 0.0265625 0.046875
0 1.43125 0.415625 0.03125 0.04375
0 1.4359375 0.4625 0.028125 0.040625
0 1.35 0.53046875 0.03125 0.0421875
0 1.4703125 0.51015625 0.0375 0.0453125
0 1.57890625 0.5328125 0.0265625 0.040625
0 1.47578125 0.5734375 0.0359375 0.04375
0 1.24921875 0.6875 0.0359375 0.046875
0 1.159375 0.76171875 0.028125 0.0390625
0 1.1734375 0.80625 0.0375 0.05
0 1.3421875 0.80234375 0.046875 0.0546875
0 1.4109375 0.7328125 0.04375 0.059375
0 1.46328125 0.76484375 0.0359375 0.0421875
0 1.54921875 0.63046875 0.0390625 0.0546875
0 1.49453125 0.678125 0.0390625 0.059375
