0 0.26953125 0.409375 0.0265625 0.05
0 0.3609375 0.40078125 0.025 0.0421875
0 0.39375 0.41171875 0.0375 0.0421875
0 0.19765625 0.38125 0.0484375 0.06875
0 0.23984375 0.40390625 0.0328125 0.0484375
0 0.425 0.41484375 0.01875 0.0390625
0 0.4828125 0.42734375 0.04375 0.0515625
0 0.971875 0.30859375 0.165625 0.3046875
0 1.1125 0.26640625 0.109375 0.2359375
0 1.41875 0.42890625 0.025 0.0328125
0 1.35390625 0.42578125 0.0265625 0.0359375
0 1.01640625 0.4484375 0.0140625 0.01875
0 1.4796875 0.44296875 0.015625 0.0234375
0 1.5609375 0.4265625 0.01875 0.028125
