0 0.5046875 0.40859375 0.109375 0.1671875
0 1.19375 0.6703125 0.109375 0.13125
0 0.86171875 0.7890625 0.0359375 0.05
0 0.128125 0.9703125 0.028125 0.04375
0 0.13828125 1.08125 0.0328125 0.040625
0 0.30078125 0.821875 0.0359375 0.046875
0 0.1609375 0.82421875 0.0375 0.0390625
0 0.1453125 0.68515625 0.03125 0.0328125
0 0.146875 0.77265625 0.025 0.0359375
0 0.7375 0.82734375 0.04375 0.0515625
0 0.74296875 1.09765625 0.0390625 0.0453125
0 1.48203125 0.71328125 0.0328125 0.0484375
0 1.48984375 0.9515625 0.0359375 0.046875
0 1.56796875 0.6453125 0.0328125 0.040625
0 1.36640625 0.7 0.0421875 0.046875
0 0.05625 1.1203125 0.025 0.05
0 0.096875 1.19609375 0.04375 0.0546875
0 0.13515625 1.24296875 0.0390625 0.0578125
0 0.18359375 1.134375 0.0421875 0.05
0 0.2140625 1.10234375 0.034375 0.0359375
0 0.30859375 1.13203125 0.0390625 0.0390625
0 0.18046875 1.1890625 0.0359375 0.046875
0 0.21953125 1.209375 0.0390625 0.04375
0 0.30703125 1.2828125 0.0484375 0.059375
0 0.24140625 1.34765625 0.0453125 0.0484375
0 0.26171875 1.3875 0.0421875 0.046875
0 0.171875 1.39609375 0.053125 0.0484375
0 0.08203125 1.37734375 0.0390625 0.0484375
0 0.12421875 1.32890625 0.0390625 0.0578125
0 0.0859375 1.43984375 0.05 0.0640625
0 0.5140625 1.403125 0.040625 0.046875
0 0.5796875 1.46875 0.05 0.040625
0 0.7140625 1.45859375 0.05 0.0609375
0 0.88671875 1.38984375 0.0546875 0.0640625
0 0.6203125 1.10078125 0.0375 0.0421875
0 0.6515625 1.1296875 0.0375 0.04375
0 0.64453125 1.1640625 0.0453125 0.046875
0 0.70078125 1.23671875 0.0484375 0.0609375
0 0.8640625 1.1671875 0.040625 0.04375
0 0.9015625 1.2265625 0.05625 0.090625
0 0.88046875 1.2859375 0.0515625 0.059375
0 0.7140625 0.696875 0.03125 0.034375
0 0.8953125 0.67734375 0.03125 0.0421875
0 0.97265625 0.73515625 0.0328125 0.0453125
0 1.0015625 0.8109375 0.034375 0.046875
0 0.90234375 0.79375 0.0265625 0.03125
0 1.134375 0.06640625 0.03125 0.0328125
0 1.20546875 0.06484375 0.0265625 0.0296875
0 1.2359375 0.1015625 0.03125 0.034375
0 1.215625 0.1515625 0.034375 0.0375
0 1.30859375 0.07265625 0.0328125 0.0390625
0 1.365625 0.10078125 0.03125 0.0390625
0 1.39453125 0.140625 0.0328125 0.046875
0 1.45625 0.06640625 0.028125 0.0453125
0 1.4609375 0.14921875 0.034375 0.0390625
0 1.5734375 0.0828125 0.034375 0.05
0 1.56640625 0.20078125 0.0328125 0.0421875
0 1.4515625 0.21640625 0.03125 0.0421875
0 1.47734375 0.23671875 0.0328125 0.0421875
0 1.46953125 0.30859375 0.0328125 0.0453125
0 1.55625 0.31015625 0.03125 0.0421875
0 1.56953125 0.37734375 0.0359375 0.0453125
0 1.48125 0.3921875 0.028125 0.0375
0 1.48515625 0.4421875 0.0328125 0.053125
0 1.30078125 0.16953125 0.0296875 0.0421875
0 1.26171875 0.2703125 0.0328125 0.0375
0 1.3140625 0.2875 0.034375 0.0375
0 1.38359375 0.3265625 0.0328125 0.034375
0 1.28984375 0.334375 0.0328125 0.0375
0 1.20234375 0.34453125 0.0296875 0.0359375
0 1.1921875 0.38125 0.028125 0.0375
0 1.25390625 0.45703125 0.0296875 0.0359375
0 1.29375 0.3875 0.028125 0.0375
0 1.365625 0.37734375 0.03125 0.0390625
0 1.37734375 0.43515625 0.0359375 0.0390625
0 1.40234375 0.49375 0.0421875 0.053125
0 1.25546875 0.58984375 0.0296875 0.0359375
0 1.27109375 0.64140625 0.0296875 0.0453125
0 1.290625 0.53828125 0.028125 0.0296875
0 1.3640625 0.56015625 0.0375 0.0390625
0 1.4921875 0.503125 0.034375 0.034375
0 1.57421875 0.5609375 0.0390625 0.053125
0 1.49375 0.58984375 0.0375 0.0453125
0 1.39453125 0.76875 0.0390625 0.053125
0 1.26875 0.7953125 0.0375 0.040625
0 0.93203125 1.096875 0.0515625 0.059375
0 0.97578125 1.15859375 0.0484375 0.0453125
0 0.98984375 1.4015625 0.0578125 0.059375
0 1.0203125 1.465625 0.053125 0.046875
0 1.2328125 1.24453125 0.05 0.0734375
0 1.290625 1.190625 0.046875 0.059375
0 1.33671875 1.0859375 0.0484375 0.046875
0 1.37109375 1.16015625 0.0453125 0.0609375
0 1.40234375 1.12890625 0.0359375 0.0390625
0 1.41875 1.1984375 0.046875 0.05625
0 1.36640625 1.28359375 0.0484375 0.0484375
0 1.45859375 1.2515625 0.0453125 0.053125
0 1.5546875 1.34453125 0.046875 0.0640625
0 1.53203125 1.309375 0.0390625 0.053125
0 1.5453125 1.2625 0.0375 0.04375
0 1.5890625 1.26953125 0.021875 0.0484375
0 1.54453125 1.18671875 0.0453125 0.0515625
0 1.57265625 1.13984375 0.0421875 0.0546875
0 0.815625 1.2515625 0.040625 0.05625
0 0.0609375 0.7578125 0.040625 0.046875
0 0.08359375 0.703125 0.0328125 0.04375
0 0.0140625 0.71484375 0.028125 0.0328125
0 0.06328125 0.55390625 0.0265625 0.0328125
0 0.13125 0.5375 0.028125 0.034375
0 0.27890625 0.58046875 0.0296875 0.0390625
0 0.2625 0.69921875 0.03125 0.0484375
0 0.31171875 0.7375 0.0359375 0.04375
0 0.2453125 0.81953125 0.040625 0.0484375
0 0.33828125 0.671875 0.0390625 0.046875
0 0.58125 0.48671875 0.0375 0.0421875
0 0.66796875 0.4875 0.0296875 0.0375
0 0.7375 0.4890625 0.028125 0.040625
0 0.75390625 0.5453125 0.0296875 0.040625
0 0.69140625 0.41171875 0.0296875 0.0390625
0 0.075 0.4109375 0.034375 0.046875
0 0.03203125 0.43515625 0.0265625 0.0296875
0 0.58203125 0.4484375 0.0265625 0.034375
0 0.83203125 0.53671875 0.0296875 0.0421875
0 0.696875 0.76640625 0.0375 0.0484375
0 0.7953125 0.7265625 0.034375 0.053125
0 0.0453125 0.271875 0.01875 0.025
0 0.0578125 0.32265625 0.021875 0.0296875
0 0.09609375 0.34296875 0.0265625 0.0328125
0 0.115625 0.30625 0.025 0.03125
0 0.15859375 0.31640625 0.0296875 0.0359375
0 0.09921875 0.26640625 0.0203125 0.0234375
0 0.16328125 0.2515625 0.0234375 0.028125
0 0.21875 0.30078125 0.025 0.0328125
0 0.16171875 0.18203125 0.0234375 0.0296875
0 0.096875 0.1671875 0.025 0.03125
0 0.2984375 0.253125 0.025 0.0375
0 0.0578125 0.18515625 0.021875 0.0234375
0 0.10390625 0.1109375 0.0203125 0.021875
0 0.17421875 0.10703125 0.0203125 0.0296875
0 0.134375 0.1484375 0.015625 0.01875
0 0.40703125 0.2796875 0.0328125 0.034375
0 0.4296875 0.2390625 0.028125 0.034375
0 0.47421875 0.228125 0.0234375 0.028125
0 0.50703125 0.1734375 0.0296875 0.034375
0 0.54921875 0.178125 0.0265625 0.034375
0 0.58046875 0.13359375 0.0234375 0.0296875
0 0.64296875 0.12421875 0.0234375 0.0265625
0 0.746875 0.196875 0.028125 0.0375
0 0.765625 0.16015625 0.025 0.0328125
0 0.56015625 0.365625 0.0265625 0.040625
0 0.603125 0.39140625 0.028125 0.0390625
0 0.59921875 0.29140625 0.0328125 0.0390625
0 0.67421875 0.375 0.0359375 0.05
0 0.67421875 0.31171875 0.0328125 0.0390625
0 0.70703125 0.265625 0.0296875 0.040625
0 0.725 0.3109375 0.025 0.034375
0 0.81015625 0.29375 0.0296875 0.04375
0 0.83046875 0.084375 0.0296875 0.034375
0 0.83203125 0.13046875 0.0296875 0.0359375
0 0.90390625 0.084375 0.0265625 0.03125
0 0.91484375 0.178125 0.0359375 0.04375
0 0.9390625 0.1328125 0.03125 0.0375
0 0.90859375 0.24765625 0.0359375 0.0390625
0 0.9515625 0.22578125 0.028125 0.0421875
0 0.975 0.19765625 0.03125 0.0421875
0 1.0421875 0.16796875 0.028125 0.0453125
0 1.04765625 0.09140625 0.0296875 0.0390625
0 0.99296875 0.07734375 0.0296875 0.0328125
0 1.14765625 0.17578125 0.0296875 0.0453125
0 1.0953125 0.246875 0.028125 0.0375
0 1.16015625 0.2390625 0.0296875 0.0375
0 1.05 0.28671875 0.028125 0.0359375
0 0.996875 0.296875 0.025 0.034375
0 0.8421875 0.35625 0.0375 0.046875
0 0.91953125 0.346875 0.0296875 0.03125
0 1.00625 0.3578125 0.03125 0.03125
0 0.86640625 0.465625 0.0265625 0.034375
0 0.9484375 0.46484375 0.028125 0.0390625
0 0.9390625 0.52265625 0.034375 0.0421875
0 1.13359375 0.52734375 0.0328125 0.0359375
0 1.15078125 0.46171875 0.0328125 0.0453125
0 1.2140625 0.5453125 0.03125 0.034375
0 1.48828125 1.10546875 0.0453125 0.0515625
0 1.14453125 0.575 0.0359375 0.0375
0 0.04609375 1.25078125 0.0359375 0.0546875
0 0.8953125 0.0359375 0.021875 0.025
0 0.9625 0.02890625 0.025 0.0296875
0 1.13671875 0.0234375 0.0265625 0.03125
0 1.27109375 0.025 0.0265625 0.03125
0 1.4921875 0.04375 0.025 0.028125
0 0.0125 1.32578125 0.025 0.0578125
0 0.9578125 1.3140625 0.05 0.05625
