0 1.29375 0.28046875 0.05625 0.0671875
0 1.21015625 0.471875 0.0546875 0.065625
0 1.1375 0.278125 0.053125 0.0625
0 0.96640625 0.28671875 0.0546875 0.0640625
0 1.0453125 0.47421875 0.05 0.0578125
0 0.87421875 0.4859375 0.0546875 0.0625
0 0.79140625 0.28515625 0.0515625 0.0609375
0 0.6171875 0.28125 0.05 0.059375
0 0.47578125 0.2625 0.0515625 0.065625
0 0.33671875 0.19140625 0.0609375 0.0734375
0 0.40390625 0.46484375 0.0515625 0.0703125
0 0.56015625 0.471875 0.0546875 0.0625
0 0.71171875 0.47265625 0.0484375 0.0640625
