0 0.21171875 0.42578125 0.0203125 0.0203125
0 0.346875 0.4390625 0.01875 0.025
0 0.39453125 0.44453125 0.0140625 0.0140625
0 0.43046875 0.44921875 0.0140625 0.0140625
0 0.4453125 0.37734375 0.0125 0.0171875
0 0.39453125 0.36640625 0.0140625 0.0171875
0 0.36015625 0.34296875 0.0140625 0.0171875
0 0.30859375 0.3515625 0.0140625 0.015625
0 0.13046875 0.4484375 0.0140625 0.015625
0 0.05859375 0.31796875 0.0109375 0.0109375
0 0.05625 0.29140625 0.0125 0.0140625
0 0.684375 0.46953125 0.021875 0.0234375
0 0.67890625 0.4203125 0.0171875 0.01875
0 0.553125 0.459375 0.0125 0.015625
0 0.575 0.421875 0.015625 0.01875
0 0.44609375 0.29921875 0.0140625 0.0203125
0 0.80625 0.37578125 0.0125 0.0203125
0 0.7734375 0.38828125 0.0125 0.0171875
0 0.5125 0.38046875 0.0125 0.0171875
0 1.1296875 0.48671875 0.021875 0.0328125
0 1.08125 0.48203125 0.015625 0.0234375
0 0.88671875 0.33984375 0.0109375 0.0171875
0 1.46796875 0.48359375 0.0203125 0.0265625
0 1.55703125 0.56640625 0.0171875 0.0234375
0 1.21171875 0.51640625 0.0171875 0.0203125
0 1.2296875 0.328125 0.0125 0.015625
0 1.26328125 0.35 0.0109375 0.0125
0 1.45625 0.384375 0.0125 0.01875
0 1.35625 0.3703125 0.0125 0.015625
0 1.346875 0.3359375 0.0125 0.015625
0 1.4984375 0.30078125 0.0125 0.0140625
0 1.46875 0.35078125 0.0125 0.0140625
0 1.33671875 0.54921875 0.0140625 0.0171875
0 1.32265625 0.534375 0.0140625 0.01875
0 1.3234375 0.51015625 0.015625 0.0171875
0 0.0609375 0.4171875 0.0125 0.01875
0 0.07265625 0.38515625 0.0109375 0.0171875
0 0.0734375 0.35390625 0.0125 0.0171875
0 0.16171875 0.33671875 0.0109375 0.0140625
0 0.1890625 0.33359375 0.0125 0.0140625
0 0.0046875 0.290625 0.009375 0.0125
0 0.3078125 0.32734375 0.0125 0.0140625
0 0.34765625 0.3234375 0.0109375 0.0125
0 0.39375 0.3171875 0.0125 0.015625
0 0.42734375 0.3140625 0.0140625 0.015625
0 0.48046875 0.39609375 0.0109375 0.0140625
0 0.4703125 0.44296875 0.0125 0.0140625
0 0.325 0.4234375 0.0125 0.015625
0 0.4546875 0.3453125 0.0125 0.0125
0 0.409375 0.3484375 0.0125 0.015625
0 0.49921875 0.34296875 0.0140625 0.0140625
0 0.4828125 0.32265625 0.0125 0.0140625
0 0.53203125 0.36171875 0.0109375 0.0140625
0 0.5578125 0.39921875 0.0125 0.0171875
0 0.596875 0.37890625 0.0125 0.0140625
0 0.5609375 0.32734375 0.015625 0.0171875
0 0.5421875 0.43359375 0.0125 0.0140625
0 0.63359375 0.3625 0.0140625 0.015625
0 0.625 0.409375 0.009375 0.0125
0 0.64609375 0.4203125 0.0140625 0.015625
0 0.71484375 0.38359375 0.0140625 0.0171875
0 0.71875 0.35078125 0.0125 0.0171875
0 0.6796875 0.3515625 0.0125 0.015625
0 0.64296875 0.28359375 0.0140625 0.0203125
0 0.73515625 0.30390625 0.0140625 0.0203125
0 0.69375 0.31171875 0.0125 0.0140625
0 0.72265625 0.284375 0.0109375 0.0125
0 0.76328125 0.35859375 0.0140625 0.0171875
0 0.80625 0.35 0.0125 0.015625
0 0.84609375 0.359375 0.0109375 0.015625
0 0.8484375 0.30625 0.0125 0.0125
0 0.7890625 0.303125 0.0125 0.01875
0 0.925 0.31640625 0.0125 0.0140625
0 1.08828125 0.36953125 0.0140625 0.0171875
0 1.05546875 0.35859375 0.0109375 0.0171875
0 1.1109375 0.41015625 0.015625 0.0140625
0 0.9484375 0.41640625 0.0125 0.0171875
0 0.9953125 0.3796875 0.0125 0.015625
0 1.03828125 0.4 0.0109375 0.0125
0 0.86328125 0.3828125 0.0140625 0.015625
0 1.32578125 0.37265625 0.0140625 0.0171875
0 1.2125 0.44921875 0.0125 0.0171875
0 1.28203125 0.52265625 0.0171875 0.0171875
0 1.3609375 0.42578125 0.0125 0.0140625
0 1.2734375 0.49296875 0.015625 0.0140625
0 1.24765625 0.45234375 0.0109375 0.0171875
0 1.43046875 0.39765625 0.0109375 0.0140625
0 1.39765625 0.40078125 0.0109375 0.0140625
0 1.38125 0.3875 0.0125 0.015625
0 1.44609375 0.36015625 0.0109375 0.0140625
0 1.43359375 0.33515625 0.0109375 0.0109375
0 1.5015625 0.3625 0.0125 0.015625
0 1.478125 0.3796875 0.0125 0.015625
0 1.50234375 0.4875 0.0140625 0.015625
0 1.56640625 0.47734375 0.0140625 0.0140625
0 1.58828125 0.4953125 0.0140625 0.01875
0 1.55390625 0.4390625 0.0140625 0.015625
0 1.51640625 0.44453125 0.0140625 0.0171875
0 1.5640625 0.3359375 0.015625 0.01875
0 1.54140625 0.3078125 0.0140625 0.015625
0 1.56484375 0.30390625 0.0140625 0.0140625
0 1.5015625 0.31796875 0.0125 0.0109375
0 1.4078125 0.30859375 0.0125 0.0140625
0 1.36796875 0.35390625 0.0109375 0.0109375
0 1.43515625 0.303125 0.0109375 0.0125
0 1.45390625 0.29140625 0.0109375 0.0140625
0 1.4703125 0.28203125 0.009375 0.0140625
0 1.4953125 0.27109375 0.0125 0.0140625
0 1.55390625 0.265625 0.0109375 0.015625
0 1.5390625 0.25859375 0.009375 0.0109375
0 1.484375 0.234375 0.0125 0.0125
0 1.43359375 0.35234375 0.0109375 0.0140625
0 1.57890625 0.24765625 0.0140625 0.0140625
0 1.52265625 0.2390625 0.0078125 0.0125
0 1.54296875 0.24609375 0.0109375 0.0140625
0 1.396875 0.5234375 0.015625 0.03125
0 1.56015625 0.53515625 0.0140625 0.0203125
0 1.4140625 0.4234375 0.0125 0.015625
