0 1.2890625 0.54765625 0.025 0.0359375
0 1.19609375 0.54140625 0.0265625 0.0359375
0 1.08671875 0.53515625 0.0234375 0.0328125
0 0.978125 0.5265625 0.01875 0.03125
0 0.88046875 0.540625 0.0234375 0.03125
0 0.790625 0.53203125 0.021875 0.0296875
0 0.6984375 0.53828125 0.025 0.0328125
0 0.5890625 0.515625 0.025 0.034375
0 0.4828125 0.521875 0.021875 0.03125
0 0.50078125 0.5203125 0.0015625 0.0
0 0.37890625 0.5234375 0.0234375 0.028125
0 0.2265625 0.44140625 0.028125 0.0359375
0 0.17109375 0.509375 0.0359375 0.04375
0 0.278125 0.5140625 0.025 0.034375
0 0.32265625 0.45390625 0.0234375 0.0328125
0 0.39765625 0.446875 0.0234375 0.03125
0 0.48203125 0.453125 0.0265625 0.034375
0 0.54609375 0.4484375 0.0203125 0.034375
0 0.62109375 0.4453125 0.0203125 0.034375
0 0.7078125 0.4375 0.025 0.0375
0 0.790625 0.4265625 0.025 0.034375
0 0.871875 0.4484375 0.021875 0.034375
0 0.9453125 0.446875 0.021875 0.03125
0 1.03046875 0.46015625 0.0234375 0.0328125
0 1.11640625 0.46171875 0.0234375 0.0359375
0 1.2015625 0.478125 0.025 0.03125
0 1.29375 0.48203125 0.028125 0.0328125
0 1.3859375 0.46328125 0.028125 0.0390625
0 1.47734375 0.55703125 0.0265625 0.0390625
0 1.37734375 0.55390625 0.0265625 0.0359375
