0 0.13515625 0.3015625 0.0484375 0.05625
0 0.22421875 0.31640625 0.0515625 0.0546875
0 0.29296875 0.45546875 0.0484375 0.0734375
0 0.4484375 0.3078125 0.046875 0.059375
0 0.64609375 0.3296875 0.0390625 0.05625
0 0.61328125 0.51953125 0.0390625 0.0671875
0 0.84765625 0.3484375 0.0390625 0.0625
0 0.73984375 0.3140625 0.0390625 0.05
0 0.8125 0.5359375 0.04375 0.065625
0 0.93828125 0.3328125 0.0390625 0.053125
0 1.04296875 0.39765625 0.0421875 0.0546875
0 1.12265625 0.3578125 0.0390625 0.046875
0 1.028125 0.5515625 0.04375 0.059375
0 1.2328125 0.34140625 0.040625 0.0453125
0 1.2015625 0.52421875 0.04375 0.0703125
0 1.3484375 0.353125 0.040625 0.05625
0 1.425 0.5390625 0.046875 0.065625
0 1.4765625 0.45546875 0.04375 0.0578125
