0 0.16875 0.2234375 0.059375 0.05625
0 0.2765625 0.18203125 0.053125 0.0609375
0 0.1296875 0.25546875 0.040625 0.0453125
0 0.26015625 0.4734375 0.0578125 0.0625
0 0.47265625 0.453125 0.0578125 0.075
0 0.49296875 0.34296875 0.0546875 0.0546875
0 0.646875 0.225 0.04375 0.059375
0 0.62421875 0.3109375 0.0421875 0.05625
0 0.6390625 0.3609375 0.046875 0.06875
0 0.61015625 0.47734375 0.0640625 0.0703125
0 0.7703125 0.28046875 0.059375 0.0765625
0 0.9125 0.2 0.04375 0.065625
0 0.99765625 0.1703125 0.0546875 0.05625
0 1.10703125 0.1515625 0.0703125 0.090625
0 1.2109375 0.10390625 0.084375 0.0890625
0 0.7578125 0.2 0.025 0.03125
0 1.4609375 0.246875 0.034375 0.04375
0 0.85390625 0.21640625 0.0453125 0.0515625
0 0.67890625 0.21640625 0.0328125 0.0421875
0 0.37734375 0.4328125 0.0234375 0.03125
0 0.54765625 0.22578125 0.0296875 0.0328125
