0 0.18125 0.25625 0.034375 0.034375
0 0.27578125 0.234375 0.0296875 0.040625
0 0.31484375 0.24140625 0.0296875 0.0328125
0 0.3765625 0.25 0.028125 0.046875
0 0.41875 0.24375 0.028125 0.046875
0 0.46640625 0.26328125 0.0328125 0.0484375
0 0.51796875 0.24921875 0.0234375 0.0453125
0 0.56015625 0.2359375 0.0296875 0.0375
0 0.6078125 0.2625 0.03125 0.046875
0 0.6421875 0.24609375 0.03125 0.0453125
0 0.67421875 0.2203125 0.0265625 0.040625
0 0.709375 0.2640625 0.034375 0.040625
0 0.75390625 0.21953125 0.0234375 0.0328125
0 0.78984375 0.20390625 0.0296875 0.0453125
0 0.8328125 0.24296875 0.03125 0.0484375
0 0.909375 0.22265625 0.028125 0.0453125
0 0.303125 0.37578125 0.0375 0.0453125
0 0.40703125 0.38046875 0.0359375 0.0484375
0 0.5546875 0.425 0.0375 0.046875
0 0.67109375 0.39609375 0.0328125 0.0453125
0 0.76796875 0.38984375 0.0328125 0.0453125
0 0.86328125 0.3890625 0.0328125 0.046875
0 0.3296875 0.4921875 0.040625 0.053125
0 0.48125 0.48828125 0.0375 0.0578125
0 0.6515625 0.49375 0.040625 0.05625
0 0.84921875 0.4984375 0.0390625 0.059375
0 0.95546875 0.24921875 0.0296875 0.0484375
0 0.98203125 0.21640625 0.0234375 0.0421875
0 1.0328125 0.2296875 0.025 0.034375
0 1.0640625 0.24921875 0.03125 0.0421875
0 0.95390625 0.41328125 0.0328125 0.0390625
0 1.02734375 0.4984375 0.0390625 0.053125
0 1.05625 0.35703125 0.0375 0.0484375
0 1.13125 0.2328125 0.028125 0.034375
0 1.16484375 0.2453125 0.0390625 0.04375
0 1.284375 0.25 0.03125 0.0375
0 1.3375 0.2609375 0.03125 0.0375
0 1.43671875 0.28046875 0.0390625 0.0453125
0 1.22578125 0.409375 0.0359375 0.04375
0 1.375 0.44296875 0.034375 0.0421875
