0 0.40703125 0.09921875 0.0859375 0.1203125
0 0.7546875 0.234375 0.134375 0.171875
0 1.27578125 0.15234375 0.0296875 0.0421875
0 1.0046875 0.27734375 0.015625 0.0203125
0 1.0296875 0.278125 0.0125 0.01875
0 1.06796875 0.27734375 0.0171875 0.0234375
0 1.078125 0.2625 0.015625 0.01875
0 1.1296875 0.26171875 0.015625 0.0203125
0 1.159375 0.246875 0.01875 0.015625
0 1.328125 0.20859375 0.01875 0.0234375
0 1.38828125 0.2078125 0.0171875 0.021875
0 1.4546875 0.17890625 0.01875 0.0203125
0 0.14375 0.47109375 0.01875 0.0234375
0 0.89765625 0.296875 0.0171875 0.01875
