0 0.4703125 0.2796875 0.034375 0.04375
0 0.53203125 0.2875 0.0453125 0.059375
0 0.62578125 0.26484375 0.0421875 0.0484375
0 0.71015625 0.2546875 0.0390625 0.046875
0 0.77734375 0.24375 0.0609375 0.065625
0 0.928125 0.2890625 0.046875 0.046875
0 0.98203125 0.253125 0.0421875 0.040625
0 1.06015625 0.24375 0.0515625 0.046875
0 1.190625 0.25859375 0.040625 0.0390625
0 1.3078125 0.23203125 0.0625 0.0515625
0 0.87578125 0.24140625 0.0359375 0.0390625
0 0.68203125 0.25703125 0.0359375 0.0453125
0 0.58828125 0.26875 0.0359375 0.034375
