0 0.1328125 0.2953125 0.0375 0.0375
0 0.2640625 0.28515625 0.034375 0.0359375
0 0.3140625 0.290625 0.0375 0.0375
0 0.3765625 0.290625 0.034375 0.046875
0 0.165625 0.49140625 0.05 0.0484375
0 0.2359375 0.49609375 0.05 0.0453125
0 0.34765625 0.4328125 0.0359375 0.040625
0 0.5375 0.40390625 0.040625 0.0546875
0 0.4609375 0.30078125 0.028125 0.0296875
0 0.52578125 0.29296875 0.0328125 0.0421875
0 0.50859375 0.26796875 0.0265625 0.0390625
0 0.5640625 0.2953125 0.021875 0.0375
0 0.02421875 0.30859375 0.0484375 0.0515625
0 0.6 0.315625 0.028125 0.0375
0 0.63828125 0.27265625 0.0296875 0.0421875
0 0.66640625 0.3234375 0.0265625 0.0375
0 0.71328125 0.3140625 0.0296875 0.034375
0 0.73828125 0.2703125 0.0234375 0.0375
0 0.75546875 0.23984375 0.0296875 0.0296875
0 0.78984375 0.28671875 0.0359375 0.0390625
0 0.8234375 0.25546875 0.028125 0.0390625
0 0.72578125 0.4078125 0.0265625 0.0375
0 0.7015625 0.5546875 0.040625 0.053125
0 0.7453125 0.57890625 0.05 0.0578125
0 0.80703125 0.47734375 0.0359375 0.0515625
0 0.84765625 0.403125 0.0296875 0.0375
0 0.87890625 0.2765625 0.0296875 0.04375
0 0.9 0.2359375 0.028125 0.040625
0 0.934375 0.31015625 0.034375 0.0328125
0 0.884375 0.50078125 0.04375 0.0453125
0 0.9890625 0.3875 0.025 0.034375
0 1.21328125 0.31171875 0.0328125 0.0453125
0 1.27109375 0.25078125 0.0265625 0.0484375
0 1.30234375 0.28828125 0.0390625 0.0359375
0 1.38046875 0.36484375 0.0390625 0.0515625
0 1.1359375 0.49375 0.04375 0.05625
0 1.09453125 0.62421875 0.0609375 0.0796875
0 1.19453125 0.27890625 0.0328125 0.0390625
0 1.41171875 0.25859375 0.0390625 0.0515625
0 1.44921875 0.30546875 0.0390625 0.0390625
0 1.346875 0.55703125 0.05625 0.0609375
0 1.16640625 0.24296875 0.0296875 0.0296875
0 1.01484375 0.4203125 0.0296875 0.034375
0 1.07265625 0.3 0.0359375 0.04375
0 0.97109375 0.271875 0.0265625 0.040625
0 0.99609375 0.275 0.0265625 0.034375
0 1.0421875 0.2734375 0.028125 0.0375
0 1.10078125 0.25390625 0.0328125 0.0421875
0 1.1625 0.2734375 0.03125 0.04375
0 1.13359375 0.40625 0.0328125 0.040625
