0 0.70625 0.1515625 0.0875 0.128125
0 1.00078125 0.3375 0.0984375 0.1375
0 0.07109375 0.41640625 0.0265625 0.0359375
0 0.00859375 0.53046875 0.0140625 0.0359375
0 0.121875 0.546875 0.028125 0.040625
0 0.1484375 0.528125 0.025 0.0375
0 0.1703125 0.415625 0.021875 0.034375
0 0.246875 0.54921875 0.028125 0.0296875
0 0.28125 0.5328125 0.028125 0.034375
0 0.30390625 0.45703125 0.0234375 0.0359375
0 0.34765625 0.4625 0.0234375 0.028125
0 0.259375 0.49765625 0.01875 0.0328125
0 0.23984375 0.49140625 0.0203125 0.0265625
0 1.19453125 0.38125 0.0234375 0.025
0 1.19296875 0.42578125 0.0296875 0.0359375
0 1.1890625 0.4640625 0.028125 0.028125
0 1.26484375 0.4578125 0.0359375 0.034375
0 1.2953125 0.42578125 0.028125 0.0359375
0 1.28671875 0.38828125 0.0265625 0.0265625
0 1.38359375 0.325 0.0234375 0.028125
0 1.334375 0.4296875 0.03125 0.0375
0 1.40546875 0.42890625 0.0328125 0.0359375
0 1.36328125 0.47109375 0.0296875 0.0359375
0 1.46640625 0.42421875 0.0328125 0.0453125
0 1.4453125 0.39609375 0.03125 0.0390625
0 1.44921875 0.32734375 0.0234375 0.0328125
0 1.49453125 0.31796875 0.0203125 0.0328125
0 1.46953125 0.4765625 0.0328125 0.040625
0 1.49921875 0.45859375 0.0171875 0.0390625
0 1.53125 0.31171875 0.025 0.0328125
0 1.55859375 0.44921875 0.0328125 0.0390625
0 1.51953125 0.45234375 0.0265625 0.0328125
0 1.5921875 0.4421875 0.015625 0.034375
