0 0.1140625 0.484375 0.046875 0.059375
0 0.01015625 0.50859375 0.0203125 0.0453125
0 0.28828125 0.49453125 0.0453125 0.0546875
0 0.45546875 0.4921875 0.0390625 0.059375
0 0.515625 0.490625 0.0375 0.046875
0 0.6484375 0.503125 0.034375 0.04375
0 0.77109375 0.4953125 0.0359375 0.040625
0 0.87421875 0.49453125 0.0421875 0.0421875
0 0.98984375 0.4859375 0.0421875 0.04375
0 1.06875 0.49609375 0.040625 0.0578125
0 1.1921875 0.47109375 0.04375 0.0578125
0 1.37890625 0.49921875 0.0421875 0.0671875
0 1.415625 0.49921875 0.053125 0.0703125
0 1.5515625 0.5875 0.046875 0.10625
