0 1.18046875 0.27734375 0.0609375 0.0859375
0 1.4046875 0.290625 0.071875 0.0875
0 1.05 0.46484375 0.05625 0.0703125
0 0.91171875 0.4546875 0.0578125 0.08125
0 0.775 0.4578125 0.065625 0.078125
0 1.0125 0.7125 0.059375 0.078125
0 0.77421875 0.6859375 0.0703125 0.08125
0 0.2671875 0.46015625 0.059375 0.0765625
0 0.44453125 0.4703125 0.0578125 0.06875
0 0.6015625 0.4625 0.059375 0.071875
0 0.5671875 0.7078125 0.0625 0.078125
0 0.4796875 0.73828125 0.0625 0.0796875
0 0.33125 0.728125 0.065625 0.078125
0 0.221875 0.225 0.06875 0.096875
