0 1.3921875 0.2015625 0.05 0.06875
0 1.27109375 0.25 0.0484375 0.0625
0 1.2109375 0.27578125 0.05 0.0640625
0 1.17265625 0.4515625 0.0546875 0.065625
0 1.3 0.4984375 0.05625 0.059375
0 1.10703125 0.240625 0.0453125 0.053125
0 1.02109375 0.24765625 0.0484375 0.0609375
0 0.95078125 0.26015625 0.0453125 0.0609375
0 0.903125 0.2625 0.053125 0.065625
0 1.01171875 0.42890625 0.0546875 0.0703125
0 0.909375 0.553125 0.05625 0.065625
0 0.615625 0.4859375 0.0625 0.08125
0 0.4265625 0.26796875 0.053125 0.0609375
0 0.5671875 0.2453125 0.05 0.071875
0 0.628125 0.20546875 0.053125 0.0703125
0 0.7078125 0.2796875 0.046875 0.059375
0 0.775 0.2625 0.046875 0.0625
0 0.83828125 0.26015625 0.0453125 0.0515625
0 0.30859375 0.30078125 0.0546875 0.0640625
0 0.21015625 0.25390625 0.0578125 0.0765625
