0 1.33125 0.39609375 0.078125 0.0984375
0 0.0453125 0.16328125 0.028125 0.0328125
0 0.1453125 0.05859375 0.021875 0.0328125
0 0.22265625 0.1421875 0.0234375 0.028125
0 0.32421875 0.0671875 0.0265625 0.03125
0 0.40625 0.21953125 0.0125 0.0140625
0 0.528125 0.2296875 0.015625 0.021875
0 0.48359375 0.2203125 0.0109375 0.015625
0 0.446875 0.2125 0.009375 0.0125
0 0.50859375 0.18125 0.0078125 0.0125
0 0.56328125 0.09296875 0.0109375 0.0140625
0 0.68984375 0.084375 0.0109375 0.0125
0 0.6234375 0.1203125 0.009375 0.0125
