0 1.4484375 0.8640625 0.0125 0.01875
0 1.0453125 0.5328125 0.00625 0.009375
0 0.0390625 0.71796875 0.009375 0.0109375
0 1.2046875 0.75625 0.0125 0.0125
0 1.55 0.5 0.009375 0.009375
0 0.7359375 0.54375 0.00625 0.009375
0 0.4296875 0.51015625 0.00625 0.0078125
0 0.675 0.5375 0.00625 0.00625
0 0.44140625 0.6765625 0.0078125 0.009375
0 1.0125 0.79453125 0.009375 0.0109375
0 1.02265625 0.6 0.0078125 0.009375
0 0.9828125 0.59453125 0.00625 0.0078125
0 1.1375 0.62109375 0.00625 0.0078125
0 0.5296875 0.53515625 0.00625 0.0078125
0 0.3984375 0.76875 0.00625 0.009375
