0 1.471875 0.4390625 0.034375 0.046875
0 1.390625 0.58828125 0.03125 0.0359375
0 1.2796875 0.58359375 0.028125 0.0390625
0 1.278125 0.43515625 0.028125 0.0359375
0 1.3625 0.4203125 0.028125 0.034375
0 0.10234375 0.4359375 0.0296875 0.0375
0 0.19453125 0.44453125 0.0296875 0.0359375
0 0.27578125 0.43203125 0.0265625 0.0359375
0 0.37265625 0.4328125 0.0265625 0.034375
0 0.44609375 0.43515625 0.0265625 0.0359375
0 0.54140625 0.42890625 0.0265625 0.0359375
0 0.3703125 0.5828125 0.03125 0.0375
0 0.24453125 0.59375 0.0296875 0.0375
0 0.4953125 0.5984375 0.028125 0.0375
0 0.62265625 0.4171875 0.0265625 0.0375
0 0.7015625 0.42890625 0.025 0.0359375
0 0.6171875 0.58515625 0.03125 0.0390625
0 0.7421875 0.5859375 0.028125 0.034375
0 0.790625 0.41015625 0.025 0.0359375
0 0.86953125 0.4390625 0.0265625 0.034375
0 0.95625 0.43125 0.025 0.03125
0 0.8578125 0.58046875 0.028125 0.0359375
0 0.9578125 0.58125 0.028125 0.0375
0 1.0359375 0.4375 0.025 0.03125
0 1.059375 0.56875 0.028125 0.0375
0 1.10546875 0.43515625 0.0234375 0.0328125
0 1.18671875 0.43828125 0.0234375 0.0328125
0 1.1625 0.57421875 0.028125 0.0328125
