0 0.1375 0.3015625 0.053125 0.065625
0 0.29765625 0.2828125 0.0546875 0.06875
0 0.346875 0.4296875 0.053125 0.06875
0 0.45625 0.29921875 0.046875 0.0671875
0 0.4453125 0.43671875 0.05 0.0703125
0 0.5515625 0.440625 0.05 0.059375
0 0.59453125 0.2984375 0.0484375 0.059375
0 0.734375 0.27890625 0.046875 0.0609375
0 0.69296875 0.41171875 0.0515625 0.0671875
0 0.85703125 0.28515625 0.0453125 0.0546875
0 0.98828125 0.2890625 0.0484375 0.059375
0 0.97734375 0.4265625 0.0515625 0.065625
0 0.828125 0.38828125 0.053125 0.0734375
0 1.28125 0.3078125 0.05 0.071875
0 1.44453125 0.31796875 0.0484375 0.0578125
0 1.3296875 0.46328125 0.05 0.0671875
0 1.13203125 0.28984375 0.0453125 0.0640625
0 1.08984375 0.428125 0.0484375 0.065625
0 1.20859375 0.4453125 0.0484375 0.065625
