0 1.21796875 0.490625 0.0234375 0.028125
0 1.3140625 0.4984375 0.009375 0.0125
0 1.2921875 0.50625 0.009375 0.0125
0 1.24453125 0.50234375 0.0109375 0.0109375
0 1.47890625 0.51796875 0.0109375 0.0140625
0 1.51640625 0.509375 0.0078125 0.009375
0 1.42265625 0.5046875 0.0109375 0.0125
0 1.38984375 0.48046875 0.0078125 0.0109375
0 1.41328125 0.48984375 0.0078125 0.0109375
0 1.42421875 0.48359375 0.0078125 0.0109375
0 1.446875 0.5078125 0.009375 0.0125
0 1.46796875 0.48671875 0.0078125 0.0109375
0 1.52734375 0.48359375 0.0078125 0.0109375
0 1.078125 0.53828125 0.009375 0.0140625
0 1.03359375 0.5390625 0.0078125 0.0125
0 0.83671875 0.43515625 0.0390625 0.0515625
0 0.93515625 0.4796875 0.0203125 0.03125
0 0.71953125 0.578125 0.0453125 0.06875
0 0.48828125 0.5265625 0.0140625 0.021875
0 0.2609375 0.453125 0.028125 0.0375
0 0.40390625 0.52578125 0.0171875 0.0234375
0 0.33671875 0.55078125 0.0109375 0.0140625
0 0.3640625 0.5578125 0.009375 0.0125
0 0.11328125 0.50625 0.0109375 0.0125
0 0.03828125 0.52734375 0.0140625 0.0140625
0 0.46484375 0.55 0.0109375 0.0125
0 0.43359375 0.5546875 0.0078125 0.0125
0 1.50078125 0.5328125 0.0078125 0.0125
0 1.55859375 0.50078125 0.0109375 0.0171875
