0 1.44609375 0.52734375 0.0421875 0.0609375
0 1.32578125 0.55234375 0.0421875 0.0609375
0 1.34296875 0.403125 0.0421875 0.05625
0 1.25546875 0.3828125 0.0390625 0.053125
0 1.22421875 0.459375 0.0421875 0.0625
0 1.184375 0.54921875 0.040625 0.0578125
0 1.13671875 0.43671875 0.0453125 0.0578125
0 0.9984375 0.53671875 0.046875 0.0640625
0 1.0765625 0.39609375 0.04375 0.0546875
0 1.01640625 0.346875 0.0390625 0.05625
0 0.95 0.35859375 0.04375 0.0515625
0 0.8671875 0.3734375 0.040625 0.053125
0 0.890625 0.45859375 0.040625 0.0578125
0 0.80625 0.45625 0.040625 0.053125
0 0.76875 0.34375 0.0375 0.053125
0 0.6859375 0.36015625 0.040625 0.0609375
0 0.7046875 0.5390625 0.040625 0.05625
0 0.2078125 0.44765625 0.053125 0.0703125
0 0.31640625 0.58359375 0.0484375 0.0703125
0 0.2984375 0.32421875 0.046875 0.0640625
0 0.3546875 0.3046875 0.05 0.065625
0 0.4015625 0.58203125 0.046875 0.0640625
0 0.615625 0.53828125 0.040625 0.0578125
0 0.5109375 0.35625 0.04375 0.0625
0 0.6296875 0.3703125 0.040625 0.05625
0 0.51328125 0.50390625 0.0421875 0.0578125
