0 0.103125 0.51875 0.0375 0.0625
0 0.19375 0.509375 0.021875 0.025
0 0.5453125 0.59375 0.04375 0.053125
0 0.43984375 0.534375 0.0296875 0.05
0 0.49609375 0.5125 0.0265625 0.046875
0 0.403125 0.52265625 0.025 0.0484375
0 0.36484375 0.4984375 0.0328125 0.053125
0 0.54140625 0.48671875 0.0234375 0.0390625
0 0.7625 0.4796875 0.04375 0.065625
0 0.8703125 0.50703125 0.04375 0.0609375
0 0.91796875 0.49375 0.0234375 0.0375
0 0.9734375 0.5390625 0.0375 0.05625
0 0.99765625 0.46796875 0.0296875 0.0390625
0 1.05234375 0.509375 0.0390625 0.059375
0 1.1 0.53203125 0.040625 0.0671875
0 1.18359375 0.51171875 0.0484375 0.0578125
0 1.14765625 0.55 0.0328125 0.034375
0 1.2859375 0.62109375 0.04375 0.0640625
0 1.25859375 0.759375 0.0546875 0.06875
0 1.40234375 0.55 0.0296875 0.046875
0 1.53125 0.5453125 0.025 0.046875
0 0.38984375 0.76875 0.0546875 0.05625
0 0.4765625 0.471875 0.021875 0.028125
0 0.4296875 0.4703125 0.025 0.028125
0 0.28125 0.47421875 0.021875 0.0265625
0 0.16328125 0.55234375 0.0234375 0.0296875
0 0.51875 0.45234375 0.021875 0.0265625
0 0.59609375 0.44453125 0.0140625 0.0234375
0 0.61875 0.50078125 0.025 0.0359375
0 1.29296875 0.55546875 0.0328125 0.0390625
