0 1.25390625 0.41328125 0.0421875 0.0515625
0 1.45 0.4140625 0.0375 0.053125
0 1.334375 0.4125 0.0375 0.053125
0 0.09765625 0.42265625 0.0390625 0.0515625
0 0.2078125 0.40625 0.0375 0.053125
0 0.31015625 0.4046875 0.0359375 0.053125
0 0.415625 0.41484375 0.040625 0.0578125
0 0.4953125 0.41328125 0.0375 0.0578125
0 0.5765625 0.42421875 0.0375 0.0546875
0 0.3890625 0.584375 0.034375 0.046875
0 0.68046875 0.40078125 0.0359375 0.0453125
0 0.75 0.40703125 0.046875 0.0453125
0 0.63671875 0.5984375 0.0390625 0.05
0 0.85625 0.61328125 0.04375 0.0484375
0 1.0734375 0.38828125 0.040625 0.0546875
0 0.97421875 0.3984375 0.0359375 0.046875
0 0.88359375 0.39453125 0.0390625 0.0578125
0 1.09921875 0.59375 0.0390625 0.05
0 1.15546875 0.40859375 0.0390625 0.0484375
