0 0.196875 0.5640625 0.078125 0.0875
0 0.41953125 0.55078125 0.0671875 0.0921875
0 0.41484375 0.79453125 0.0734375 0.1015625
0 0.2109375 0.81328125 0.078125 0.0921875
0 0.53671875 0.38671875 0.0671875 0.0984375
0 0.59453125 0.55546875 0.0703125 0.0921875
0 0.79453125 0.54921875 0.0703125 0.0859375
0 0.60078125 0.82890625 0.0734375 0.0921875
0 0.75703125 0.82890625 0.0734375 0.0984375
0 1.1109375 0.39453125 0.075 0.1140625
0 0.9859375 0.55625 0.06875 0.084375
0 1.23984375 0.54609375 0.0796875 0.1078125
0 0.9453125 0.84375 0.075 0.1
0 1.14453125 0.83046875 0.0703125 0.0859375
0 1.44296875 0.51171875 0.0765625 0.0890625
0 1.375 0.81640625 0.071875 0.0984375
