0 0.96796875 0.25390625 0.1203125 0.1140625
0 0.78515625 0.3671875 0.1109375 0.140625
0 0.33984375 0.24453125 0.0703125 0.0921875
0 0.1984375 0.27578125 0.04375 0.0609375
0 0.1203125 0.35625 0.0375 0.05625
0 0.478125 0.27578125 0.0375 0.0515625
0 0.41640625 0.18203125 0.0328125 0.0515625
0 1.29609375 0.1453125 0.0359375 0.0625
0 1.2640625 0.21640625 0.0375 0.0546875
0 1.15625 0.1015625 0.0375 0.05
0 0.63203125 0.36171875 0.0328125 0.0515625
0 0.578125 0.24765625 0.028125 0.0453125
0 0.6890625 0.23046875 0.0375 0.0484375
0 0.6640625 0.15234375 0.040625 0.0546875
0 0.7265625 0.1171875 0.034375 0.046875
0 0.78828125 0.11953125 0.0265625 0.0484375
0 0.8234375 0.1875 0.034375 0.053125
0 0.12421875 0.15703125 0.0390625 0.0578125
0 0.26171875 0.053125 0.0359375 0.05625
0 0.4640625 0.08671875 0.034375 0.0484375
0 0.634375 0.04921875 0.0375 0.0515625
0 1.503125 0.03359375 0.046875 0.0546875
0 1.43984375 0.040625 0.0453125 0.046875
0 1.3640625 0.02890625 0.053125 0.0546875
0 1.3796875 0.1453125 0.046875 0.05625
0 1.365625 0.225 0.0375 0.046875
0 1.5296875 0.21796875 0.05 0.0609375
0 1.525 0.37421875 0.04375 0.0609375
0 0.55625 0.13203125 0.04375 0.0546875
0 0.81953125 0.05859375 0.0359375 0.0421875
0 0.1125 0.2890625 0.04375 0.046875
0 0.3390625 0.10625 0.0375 0.05
0 0.41953125 0.10625 0.0453125 0.059375
0 0.7140625 0.0546875 0.040625 0.053125
0 0.87265625 0.059375 0.0390625 0.053125
0 1.2359375 0.028125 0.034375 0.05
0 1.09921875 0.028125 0.0359375 0.05
0 0.028125 0.0984375 0.034375 0.04375
0 0.03828125 0.16171875 0.0453125 0.0484375
0 0.0203125 0.27890625 0.0375 0.0546875
0 1.5796875 0.0953125 0.040625 0.053125
0 1.56875 0.25390625 0.040625 0.0578125
0 1.58046875 0.33671875 0.0390625 0.0578125
0 1.390625 0.3765625 0.0375 0.05
0 1.19375 0.15390625 0.040625 0.0515625
