0 0.7890625 0.1421875 0.046875 0.053125
0 0.771875 0.196875 0.059375 0.0625
0 0.6984375 0.13125 0.059375 0.078125
0 0.29609375 0.14140625 0.0671875 0.0828125
0 0.3890625 0.11640625 0.05625 0.0765625
0 0.44453125 0.16953125 0.0578125 0.0703125
0 0.490625 0.140625 0.046875 0.05625
0 0.575 0.165625 0.053125 0.075
0 0.6046875 0.26484375 0.065625 0.0828125
0 0.10546875 0.121875 0.0671875 0.1
0 0.14453125 0.27578125 0.1015625 0.1109375
0 0.384375 0.44765625 0.084375 0.1046875
0 1.22265625 0.11171875 0.0609375 0.0703125
0 1.28984375 0.12890625 0.0765625 0.0734375
0 1.4453125 0.1125 0.06875 0.078125
0 1.0796875 0.140625 0.06875 0.084375
0 1.0265625 0.16484375 0.0625 0.0796875
0 0.628125 0.15234375 0.046875 0.0671875
0 0.9078125 0.16015625 0.0625 0.0859375
0 0.86015625 0.1453125 0.0484375 0.06875
