0 0.83203125 0.875 0.0703125 0.121875
0 0.3703125 0.38359375 0.065625 0.0796875
0 0.33046875 0.24609375 0.0640625 0.0953125
0 0.334375 0.10859375 0.046875 0.0484375
0 0.609375 0.2734375 0.075 0.090625
0 0.65625 0.40625 0.06875 0.0625
0 0.81640625 0.26640625 0.0796875 0.0796875
0 0.1875 0.34375 0.065625 0.09375
0 0.078125 0.23984375 0.04375 0.0609375
0 0.8765625 0.4984375 0.153125 0.196875
0 1.1796875 0.4828125 0.065625 0.084375
0 1.3671875 0.49765625 0.06875 0.0828125
0 1.5359375 0.65 0.071875 0.10625
