0 0.73828125 0.35625 0.0421875 0.059375
0 0.8375 0.3359375 0.034375 0.05
0 0.94765625 0.36875 0.0421875 0.05625
0 0.96875 0.315625 0.040625 0.053125
0 1.04296875 0.29921875 0.0390625 0.0578125
0 1.0625 0.3734375 0.04375 0.05625
0 1.10078125 0.33984375 0.0359375 0.0546875
0 1.20625 0.34609375 0.040625 0.0546875
0 1.31640625 0.35390625 0.0421875 0.0640625
0 1.434375 0.36796875 0.04375 0.0640625
0 0.23359375 0.3296875 0.0359375 0.05625
0 0.3515625 0.34296875 0.0375 0.0484375
0 0.4109375 0.32109375 0.0375 0.0453125
0 0.478125 0.3484375 0.040625 0.05625
0 0.56015625 0.353125 0.0390625 0.053125
0 0.5828125 0.29375 0.0375 0.053125
0 0.66640625 0.33359375 0.0390625 0.0546875
0 0.7015625 0.2921875 0.0375 0.046875
