0 1.21328125 0.1296875 0.0109375 0.01875
0 0.69375 0.16328125 0.015625 0.0171875
0 0.0328125 0.1015625 0.0125 0.015625
0 0.06796875 0.08046875 0.0109375 0.0140625
0 0.23984375 0.02890625 0.0171875 0.0234375
0 0.12890625 0.0546875 0.0140625 0.01875
0 0.040625 0.14765625 0.0125 0.0171875
0 0.12421875 0.171875 0.0140625 0.015625
0 0.08828125 0.17734375 0.0140625 0.0171875
0 0.16328125 0.19609375 0.0140625 0.0171875
0 0.1421875 0.17421875 0.0125 0.0140625
0 0.14609375 0.03515625 0.0140625 0.0140625
0 0.053125 0.096875 0.009375 0.01875
0 0.03203125 0.07890625 0.0140625 0.0171875
0 0.2390625 0.2203125 0.034375 0.021875
0 0.42578125 0.16484375 0.0109375 0.0140625
0 0.46171875 0.13203125 0.0109375 0.0171875
0 0.39296875 0.26484375 0.0171875 0.0203125
0 0.36015625 0.16640625 0.0140625 0.0171875
0 0.371875 0.1390625 0.0125 0.01875
0 0.61796875 0.17109375 0.0140625 0.0140625
0 0.528125 0.1578125 0.0125 0.01875
0 0.6359375 0.13125 0.0125 0.015625
0 0.58828125 0.13828125 0.0109375 0.0171875
0 0.88984375 0.15703125 0.0140625 0.0140625
0 0.0953125 0.1515625 0.0125 0.015625
0 0.121875 0.14765625 0.0125 0.0140625
0 0.08828125 0.13046875 0.0109375 0.0140625
0 0.0671875 0.153125 0.009375 0.015625
0 0.0453125 0.02109375 0.0125 0.0140625
0 0.078125 0.01796875 0.0125 0.0140625
0 0.10703125 0.021875 0.0109375 0.009375
0 0.11484375 0.04140625 0.0109375 0.0140625
0 0.1578125 0.01953125 0.009375 0.0140625
0 0.1671875 0.08671875 0.015625 0.0171875
0 0.15703125 0.06171875 0.0109375 0.0140625
0 0.21328125 0.01796875 0.0140625 0.0140625
0 0.20859375 0.03828125 0.0140625 0.0171875
0 0.26171875 0.01640625 0.0140625 0.0171875
0 0.28828125 0.02265625 0.0109375 0.0109375
0 0.315625 0.01875 0.009375 0.0125
0 0.26171875 0.0359375 0.0109375 0.015625
0 0.30703125 0.05703125 0.0109375 0.0140625
0 0.31640625 0.04296875 0.0109375 0.0140625
0 0.34140625 0.04140625 0.0109375 0.0140625
0 0.346875 0.01875 0.009375 0.0125
0 0.184375 0.01796875 0.009375 0.0140625
0 0.19140625 0.05703125 0.0109375 0.0140625
0 0.1765625 0.04140625 0.0125 0.0140625
0 0.15078125 0.125 0.0109375 0.015625
0 0.14609375 0.1453125 0.0109375 0.01875
0 0.1890625 0.14765625 0.0125 0.0140625
0 0.12578125 0.125 0.0140625 0.015625
0 0.01875 0.16171875 0.0125 0.0171875
0 0.08046875 0.19609375 0.0109375 0.0171875
0 0.11171875 0.19921875 0.0140625 0.0140625
0 0.134375 0.19765625 0.0125 0.0171875
0 0.0984375 0.228125 0.0125 0.015625
0 0.31015625 0.125 0.0140625 0.01875
0 0.3 0.1 0.0125 0.015625
0 0.325 0.0875 0.0125 0.01875
0 0.34140625 0.075 0.0109375 0.015625
0 0.38828125 0.02109375 0.0109375 0.0140625
0 0.36328125 0.01953125 0.0078125 0.0140625
0 0.3640625 0.04453125 0.0125 0.0140625
0 0.3625 0.06484375 0.0125 0.0140625
0 0.38671875 0.09609375 0.0109375 0.0140625
0 0.38359375 0.1203125 0.0140625 0.015625
0 0.36328125 0.11953125 0.0140625 0.0140625
0 0.2890625 0.08359375 0.0125 0.0140625
0 0.39296875 0.04140625 0.0109375 0.0140625
0 0.3828125 0.05703125 0.0125 0.0140625
0 0.39375 0.0765625 0.0125 0.0125
0 0.4046875 0.09765625 0.0125 0.0140625
0 0.41796875 0.078125 0.0109375 0.0125
0 0.434375 0.053125 0.009375 0.015625
0 0.42109375 0.040625 0.0109375 0.01875
0 0.4578125 0.05390625 0.009375 0.0140625
0 0.4859375 0.0546875 0.015625 0.0125
0 0.4671875 0.0703125 0.009375 0.0125
0 0.44375 0.0796875 0.0125 0.015625
0 0.45 0.103125 0.009375 0.0125
0 0.4265625 0.09765625 0.0125 0.0171875
0 0.4140625 0.1234375 0.015625 0.015625
0 0.4125 0.14140625 0.0125 0.0140625
0 0.43203125 0.13984375 0.0140625 0.0140625
0 0.4421875 0.1171875 0.0125 0.0125
0 0.3890625 0.1625 0.0125 0.015625
0 0.38046875 0.1765625 0.0171875 0.015625
0 0.46328125 0.17421875 0.0109375 0.0140625
0 0.48984375 0.1359375 0.0109375 0.0125
0 0.49375 0.09375 0.015625 0.015625
0 0.47421875 0.1140625 0.0109375 0.015625
0 0.49296875 0.1125 0.0109375 0.0125
0 0.5265625 0.09921875 0.0125 0.0140625
0 0.5203125 0.1125 0.0125 0.0125
0 0.54296875 0.06796875 0.0140625 0.0140625
0 0.5171875 0.07265625 0.0125 0.0171875
0 0.4953125 0.07421875 0.009375 0.0109375
0 0.5453125 0.090625 0.0125 0.015625
0 0.54140625 0.11953125 0.0140625 0.0109375
0 0.540625 0.1390625 0.0125 0.015625
0 0.51875 0.1359375 0.0125 0.015625
0 0.50234375 0.15703125 0.0109375 0.0109375
0 0.49765625 0.18125 0.0109375 0.015625
0 0.51796875 0.17734375 0.0109375 0.0171875
0 0.38359375 0.1984375 0.0140625 0.01875
0 0.57265625 0.071875 0.0109375 0.015625
0 0.57734375 0.09609375 0.0109375 0.0109375
0 0.56875 0.11171875 0.009375 0.0140625
0 0.59453125 0.09140625 0.0109375 0.0140625
0 0.59375 0.1109375 0.015625 0.0125
0 0.6171875 0.1125 0.0125 0.015625
0 0.6453125 0.109375 0.0125 0.0125
0 0.58125 0.1578125 0.0125 0.0125
0 0.56328125 0.13984375 0.0140625 0.0140625
0 0.55390625 0.1578125 0.0109375 0.0125
0 0.54375 0.17421875 0.009375 0.0109375
0 0.55625 0.1796875 0.015625 0.015625
0 0.59453125 0.1796875 0.0109375 0.015625
0 0.5703125 0.175 0.0125 0.015625
0 0.67578125 0.13671875 0.0109375 0.0140625
0 0.70703125 0.1453125 0.0109375 0.015625
0 0.72890625 0.14609375 0.0109375 0.0140625
0 0.7453125 0.1640625 0.0125 0.0125
0 0.7203125 0.16328125 0.0125 0.0140625
0 0.675 0.1578125 0.009375 0.0125
0 0.66875 0.171875 0.009375 0.0125
0 0.64453125 0.16953125 0.0109375 0.0109375
0 0.65 0.1515625 0.0125 0.0125
0 0.61640625 0.1359375 0.0109375 0.0125
0 0.76640625 0.1671875 0.0109375 0.015625
0 0.85234375 0.153125 0.0109375 0.0125
0 0.8125 0.15 0.0125 0.0125
0 0.01015625 0.08203125 0.0109375 0.0171875
0 0.0109375 0.0046875 0.009375 0.009375
0 0.0359375 0.00390625 0.009375 0.0078125
0 0.10625 0.00625 0.009375 0.009375
0 0.07421875 0.0046875 0.0078125 0.00625
0 0.14375 0.00703125 0.0125 0.0109375
0 0.13359375 0.0234375 0.0109375 0.015625
0 0.21640625 0.1671875 0.0140625 0.01875
0 0.2140625 0.15 0.0125 0.01875
0 0.009375 0.20546875 0.009375 0.0171875
0 0.0125 0.18359375 0.0125 0.0109375
0 1.54453125 0.034375 0.0140625 0.015625
0 1.20546875 0.11796875 0.0109375 0.0140625
0 0.00390625 0.10859375 0.0078125 0.0140625
0 0.3234375 0.10234375 0.009375 0.0109375
