0 0.04296875 0.56328125 0.0171875 0.0203125
0 0.0765625 0.58125 0.015625 0.028125
0 0.153125 0.553125 0.01875 0.021875
0 0.20703125 0.54375 0.0234375 0.03125
0 0.34609375 0.5296875 0.0265625 0.034375
0 0.32890625 0.5984375 0.0234375 0.028125
0 0.4625 0.60859375 0.015625 0.0203125
0 0.57578125 0.55 0.0109375 0.015625
0 0.60390625 0.5421875 0.0078125 0.0125
0 0.6859375 0.5578125 0.034375 0.05625
0 0.89765625 0.45234375 0.0109375 0.0109375
0 0.8875 0.5453125 0.025 0.040625
0 1.0421875 0.5453125 0.009375 0.0125
0 1.134375 0.5828125 0.00625 0.0125
0 1.22578125 0.58203125 0.0109375 0.0109375
0 1.27265625 0.56328125 0.0140625 0.0109375
0 1.4734375 0.54765625 0.015625 0.0328125
0 0.21640625 0.49375 0.0109375 0.0125
0 0.0484375 0.4984375 0.015625 0.0125
0 0.4640625 0.43125 0.0125 0.0125
0 0.884375 0.4828125 0.021875 0.028125
