0 0.365625 0.6390625 0.0125 0.0125
0 0.22421875 0.6328125 0.0265625 0.028125
0 0.596875 0.565625 0.015625 0.01875
0 0.6171875 0.57265625 0.0125 0.0203125
0 0.6390625 0.5765625 0.015625 0.021875
0 0.6859375 0.5609375 0.015625 0.028125
0 0.89609375 0.5734375 0.0140625 0.01875
0 0.83046875 0.63203125 0.0109375 0.0140625
0 0.83203125 0.5796875 0.0078125 0.0125
0 0.91015625 0.6546875 0.0109375 0.01875
0 0.928125 0.58203125 0.009375 0.0171875
0 0.94765625 0.6203125 0.0109375 0.0125
0 1.01953125 0.59453125 0.0109375 0.0109375
0 1.06484375 0.60546875 0.0046875 0.0109375
0 1.1265625 0.578125 0.009375 0.0125
0 1.19375 0.5921875 0.009375 0.021875
0 1.23046875 0.59765625 0.0140625 0.0171875
0 1.26875 0.590625 0.009375 0.015625
0 1.40078125 0.58515625 0.0140625 0.0171875
0 1.2765625 0.640625 0.015625 0.028125
0 1.46484375 0.58671875 0.0078125 0.0140625
