0 1.15 0.83046875 0.01875 0.0171875
0 1.134375 0.88125 0.0125 0.015625
0 1.1125 0.73515625 0.0125 0.0203125
0 1.06875 0.7328125 0.0125 0.01875
0 1.04765625 0.72265625 0.0109375 0.0140625
0 1.040625 0.75390625 0.009375 0.0171875
0 1.3453125 0.64921875 0.00625 0.0140625
0 1.49296875 0.75390625 0.0078125 0.0171875
0 1.325 0.66875 0.009375 0.015625
0 1.20234375 0.53203125 0.0078125 0.0109375
0 1.46171875 0.51640625 0.0078125 0.0109375
0 1.521875 0.53671875 0.00625 0.0109375
0 1.55 0.45859375 0.00625 0.0078125
0 0.96875 1.015625 0.015625 0.025
0 1.0890625 1.05859375 0.015625 0.0140625
0 0.2765625 0.82890625 0.015625 0.0203125
0 0.3796875 0.9453125 0.01875 0.015625
0 0.42421875 0.90390625 0.0171875 0.0140625
0 0.25078125 0.72578125 0.0140625 0.0171875
0 0.53671875 1.01640625 0.0078125 0.0296875
0 0.559375 0.9578125 0.021875 0.015625
0 0.76796875 0.884375 0.0171875 0.01875
0 0.80703125 0.97734375 0.0140625 0.0171875
0 0.80625 0.7 0.009375 0.01875
0 0.7546875 0.6796875 0.00625 0.015625
0 0.86484375 0.75234375 0.0078125 0.0171875
0 0.94140625 0.746875 0.0078125 0.01875
0 1.16484375 0.67734375 0.0109375 0.0171875
0 1.046875 0.96953125 0.0125 0.0203125
0 1.1375 0.93203125 0.015625 0.0203125
0 1.0625 0.89921875 0.015625 0.0171875
0 0.3921875 0.753125 0.009375 0.0125
0 0.40234375 0.77734375 0.0109375 0.0109375
0 1.18515625 0.85546875 0.0140625 0.0203125
0 1.14921875 0.65078125 0.0109375 0.0171875
0 1.18359375 0.65546875 0.0078125 0.0140625
0 1.2125 0.73203125 0.009375 0.0140625
0 1.39375 0.74375 0.0125 0.015625
0 1.384375 0.69921875 0.009375 0.0109375
