0 0.21328125 0.48515625 0.0453125 0.0578125
0 0.3515625 0.3625 0.028125 0.0625
0 0.56171875 0.33515625 0.0296875 0.0453125
0 0.59765625 0.42421875 0.0484375 0.0640625
0 0.7875 0.36015625 0.03125 0.0484375
0 0.703125 0.35703125 0.021875 0.0421875
0 0.18828125 0.3921875 0.0265625 0.03125
0 0.94609375 0.40859375 0.0453125 0.0796875
0 0.91015625 0.35625 0.0484375 0.05625
0 1.12109375 0.3953125 0.0453125 0.0625
0 1.07734375 0.35546875 0.0265625 0.0328125
0 1.18671875 0.46875 0.0421875 0.065625
0 1.38515625 0.4359375 0.0515625 0.059375
0 1.3671875 0.353125 0.03125 0.04375
0 1.21484375 0.3640625 0.0328125 0.05
0 1.171875 0.35078125 0.034375 0.0453125
0 1.13671875 0.30390625 0.0234375 0.0453125
0 1.41953125 0.32734375 0.0234375 0.0265625
0 1.52890625 0.35390625 0.0265625 0.0359375
0 0.75 0.309375 0.025 0.034375
0 0.0390625 0.34765625 0.025 0.0421875
0 0.5984375 0.32890625 0.021875 0.0328125
0 0.959375 0.3484375 0.021875 0.01875
0 1.28984375 0.34375 0.0203125 0.025
0 1.51796875 0.490625 0.0234375 0.03125
0 1.4125 0.40078125 0.021875 0.0296875
