0 1.5265625 0.33359375 0.059375 0.0703125
0 1.48671875 0.24609375 0.0609375 0.0734375
0 1.4859375 0.09296875 0.0625 0.0734375
0 1.36015625 0.3125 0.0609375 0.06875
0 1.2625 0.26875 0.059375 0.071875
0 1.2234375 0.38984375 0.065625 0.0765625
0 1.18125 0.33359375 0.05625 0.0828125
0 1.03984375 0.31953125 0.0609375 0.0671875
0 1.01640625 0.24140625 0.0578125 0.0671875
0 0.88046875 0.25625 0.0640625 0.071875
0 0.91328125 0.40078125 0.0609375 0.0703125
0 0.72890625 0.31953125 0.0546875 0.0734375
0 0.6921875 0.25703125 0.06875 0.0734375
0 1.2046875 0.10625 0.071875 0.078125
0 0.10703125 0.09765625 0.0828125 0.0984375
0 0.3 0.1796875 0.06875 0.0875
0 0.56484375 0.35546875 0.0609375 0.0734375
0 0.57890625 0.25 0.0671875 0.071875
0 0.47890625 0.31953125 0.0578125 0.0703125
0 0.37109375 0.3546875 0.0640625 0.071875
0 0.77109375 0.1890625 0.0671875 0.075
