0 0.95078125 0.75546875 0.0140625 0.0171875
0 0.89140625 0.6390625 0.0109375 0.0125
0 0.72734375 0.55234375 0.0109375 0.0109375
0 1.15703125 0.59453125 0.0109375 0.0140625
0 0.08203125 0.96875 0.0203125 0.021875
0 0.14453125 0.5578125 0.0109375 0.0125
0 0.2078125 0.58359375 0.00625 0.0078125
0 0.0921875 0.57734375 0.009375 0.0078125
0 0.04453125 0.565625 0.0109375 0.009375
0 0.13359375 0.53828125 0.0078125 0.0109375
0 0.11953125 0.478125 0.0046875 0.00625
0 0.10390625 0.45234375 0.0078125 0.0078125
0 0.140625 0.4390625 0.00625 0.009375
0 0.17578125 0.4859375 0.0078125 0.00625
0 0.39140625 0.5203125 0.0078125 0.009375
0 0.32734375 0.534375 0.0078125 0.009375
0 1.0625 0.4328125 0.009375 0.009375
0 0.39765625 0.61796875 0.0078125 0.0109375
