0 0.22421875 0.2125 0.0203125 0.021875
0 0.234375 0.17890625 0.015625 0.0171875
0 0.209375 0.190625 0.0125 0.01875
0 0.53515625 0.2015625 0.0609375 0.071875
0 0.49296875 0.17890625 0.0078125 0.0140625
0 0.4296875 0.18671875 0.0125 0.0171875
0 0.64375 0.22734375 0.009375 0.0171875
0 0.7390625 0.19765625 0.0125 0.0171875
0 0.7359375 0.16640625 0.0125 0.0140625
0 0.7765625 0.15703125 0.009375 0.0171875
0 1.0890625 0.24140625 0.021875 0.0359375
0 1.29921875 0.2234375 0.0515625 0.075
0 1.40625 0.23671875 0.015625 0.0203125
0 1.3984375 0.0828125 0.00625 0.009375
0 1.41328125 0.1265625 0.0109375 0.015625
0 1.39453125 0.1265625 0.0078125 0.0125
