0 0.13359375 0.6703125 0.0359375 0.028125
0 0.271875 0.6109375 0.028125 0.040625
0 0.38359375 0.59453125 0.0265625 0.0328125
0 0.42578125 0.51953125 0.0234375 0.0328125
0 0.4765625 0.63203125 0.028125 0.0265625
0 0.60625 0.5453125 0.028125 0.028125
0 0.50390625 0.5234375 0.0109375 0.0125
0 0.7453125 0.68828125 0.021875 0.0234375
0 0.85390625 0.71328125 0.0265625 0.0265625
0 1.06484375 0.7765625 0.0203125 0.021875
0 1.11640625 0.74765625 0.0140625 0.0203125
0 1.31484375 0.73203125 0.0171875 0.0171875
0 1.32890625 0.73984375 0.0109375 0.0140625
0 1.125 0.68984375 0.015625 0.0171875
0 1.0859375 0.71328125 0.0125 0.0171875
0 1.01484375 0.671875 0.0109375 0.0125
0 1.196875 0.853125 0.01875 0.015625
0 1.28203125 0.8328125 0.0171875 0.01875
0 0.92265625 0.6203125 0.0109375 0.015625
0 0.7890625 0.575 0.009375 0.0125
0 0.66875 0.509375 0.00625 0.009375
0 0.640625 0.50390625 0.00625 0.0078125
0 0.6234375 0.5078125 0.00625 0.009375
0 0.5984375 0.49140625 0.00625 0.0078125
0 0.18984375 0.39453125 0.0109375 0.0140625
0 0.34609375 0.41640625 0.0109375 0.0109375
0 0.37578125 0.421875 0.0078125 0.009375
0 0.421875 0.40078125 0.00625 0.0078125
0 0.23203125 0.35234375 0.0078125 0.0109375
0 0.34765625 0.396875 0.0078125 0.009375
0 0.4421875 0.40625 0.00625 0.009375
0 0.39453125 0.4078125 0.0078125 0.0125
0 0.69453125 0.55078125 0.0140625 0.0140625
0 1.4859375 0.76015625 0.009375 0.0078125
