0 0.96875 0.25546875 0.075 0.0890625
0 1.42734375 0.37890625 0.0171875 0.0203125
0 1.5 0.37578125 0.015625 0.0234375
0 1.509375 0.3484375 0.01875 0.01875
0 1.55390625 0.30625 0.0203125 0.021875
0 1.5390625 0.38203125 0.021875 0.0234375
0 1.26171875 0.33125 0.0203125 0.028125
0 1.3359375 0.2953125 0.0125 0.03125
0 1.2328125 0.29609375 0.01875 0.0203125
0 1.1890625 0.28984375 0.01875 0.0234375
0 1.2953125 0.30546875 0.0125 0.0140625
0 1.3859375 0.2578125 0.01875 0.025
0 1.19453125 0.26640625 0.0171875 0.0171875
0 1.2609375 0.26484375 0.015625 0.0203125
0 1.31328125 0.25703125 0.0109375 0.0234375
0 1.31015625 0.2109375 0.0171875 0.025
0 1.26640625 0.2 0.0171875 0.025
0 1.20078125 0.2265625 0.0171875 0.021875
0 1.2078125 0.20625 0.015625 0.021875
0 1.1703125 0.1984375 0.015625 0.021875
0 1.52734375 0.19375 0.0171875 0.021875
0 1.47578125 0.19453125 0.0171875 0.0203125
0 1.4890625 0.16640625 0.015625 0.0203125
0 1.5203125 0.15625 0.015625 0.021875
0 1.59375 0.12578125 0.0125 0.0203125
0 1.53203125 0.109375 0.0109375 0.015625
0 1.5765625 0.07578125 0.0125 0.0171875
0 1.5453125 0.040625 0.0125 0.015625
0 1.5890625 0.03671875 0.009375 0.0171875
0 1.36328125 0.203125 0.0140625 0.01875
0 1.36640625 0.15703125 0.0140625 0.0203125
0 1.42265625 0.1609375 0.0140625 0.01875
0 1.48125 0.10390625 0.0125 0.0171875
0 1.43671875 0.10546875 0.0140625 0.0203125
0 1.43515625 0.14765625 0.0140625 0.0203125
0 1.484375 0.1359375 0.0125 0.01875
0 1.3296875 0.1390625 0.015625 0.021875
0 1.3375 0.1015625 0.015625 0.01875
0 1.3828125 0.10390625 0.0125 0.0171875
0 1.321875 0.075 0.015625 0.01875
0 1.34765625 0.04921875 0.0140625 0.0171875
0 1.171875 0.1796875 0.015625 0.021875
0 1.228125 0.18203125 0.015625 0.0171875
0 1.1546875 0.284375 0.015625 0.021875
0 1.28203125 0.13203125 0.0171875 0.0203125
0 1.225 0.128125 0.021875 0.01875
0 1.23515625 0.10390625 0.0140625 0.0203125
0 1.2390625 0.07578125 0.015625 0.0171875
0 1.25 0.04296875 0.0125 0.0171875
0 1.20703125 0.04375 0.0140625 0.01875
0 1.171875 0.0484375 0.0125 0.015625
0 1.17109375 0.128125 0.0140625 0.01875
0 1.19921875 0.11484375 0.0140625 0.0171875
0 1.09296875 0.196875 0.0171875 0.021875
0 1.06875 0.16953125 0.01875 0.0203125
0 1.04921875 0.13671875 0.0171875 0.0171875
0 1.0546875 0.1078125 0.0125 0.01875
0 1.125 0.13125 0.0125 0.015625
0 1.13125 0.15703125 0.015625 0.0171875
0 1.15 0.109375 0.015625 0.01875
0 1.12734375 0.05390625 0.0140625 0.0171875
0 1.06796875 0.08046875 0.0140625 0.0171875
0 1.06796875 0.05 0.0140625 0.01875
0 1.03125 0.07421875 0.015625 0.0203125
0 1.009375 0.10703125 0.015625 0.0203125
0 1.00703125 0.14375 0.0140625 0.01875
0 1.01484375 0.16796875 0.0140625 0.0171875
0 0.9546875 0.14765625 0.015625 0.0203125
0 0.97578125 0.11484375 0.0140625 0.0171875
0 0.90390625 0.22734375 0.0140625 0.0203125
0 0.88984375 0.2671875 0.0140625 0.021875
0 0.8671875 0.22890625 0.0125 0.0203125
0 0.87265625 0.2 0.0140625 0.015625
0 0.94296875 0.16875 0.0140625 0.01875
0 0.92109375 0.19765625 0.0140625 0.0234375
0 1.43984375 0.19453125 0.0140625 0.0203125
0 0.80234375 0.23046875 0.0140625 0.0171875
0 0.82265625 0.20078125 0.0171875 0.0171875
0 0.79140625 0.20078125 0.0171875 0.0203125
0 0.76875 0.22578125 0.015625 0.0171875
0 0.75390625 0.265625 0.0171875 0.021875
0 0.7125 0.22734375 0.015625 0.0203125
0 0.671875 0.26328125 0.01875 0.0203125
0 0.76640625 0.140625 0.0109375 0.015625
0 0.7828125 0.11328125 0.0125 0.0171875
0 0.81953125 0.11484375 0.0109375 0.0171875
0 0.80390625 0.090625 0.0109375 0.01875
0 0.8265625 0.0703125 0.0125 0.015625
0 0.89609375 0.06328125 0.0140625 0.0203125
0 0.9390625 0.06171875 0.0125 0.0171875
0 1.0109375 0.08984375 0.0125 0.0171875
0 0.72421875 0.14140625 0.0140625 0.0203125
0 0.72578125 0.1140625 0.0140625 0.015625
0 0.7515625 0.06640625 0.0125 0.0171875
0 0.78515625 0.06953125 0.0140625 0.0140625
0 0.6984375 0.11484375 0.0125 0.0171875
0 0.68828125 0.15078125 0.0140625 0.0171875
0 0.64765625 0.19921875 0.0140625 0.0171875
0 0.6140625 0.19765625 0.015625 0.0203125
0 0.6359375 0.1703125 0.0125 0.015625
0 0.65703125 0.14375 0.0109375 0.015625
0 0.665625 0.109375 0.009375 0.015625
0 0.73203125 0.09609375 0.0109375 0.0171875
0 0.71015625 0.0640625 0.0109375 0.015625
0 0.665625 0.06796875 0.0125 0.0140625
0 0.6328125 0.121875 0.0125 0.015625
0 0.609375 0.15078125 0.0125 0.0140625
0 0.578125 0.23671875 0.015625 0.0203125
0 0.62421875 0.07109375 0.0140625 0.0171875
0 0.590625 0.0703125 0.0125 0.01875
0 0.5578125 0.0921875 0.0125 0.015625
0 0.61875 0.1140625 0.009375 0.015625
0 0.603125 0.1203125 0.0125 0.015625
0 0.54453125 0.1734375 0.0109375 0.01875
0 0.56328125 0.19453125 0.0140625 0.0171875
0 0.54609375 0.23203125 0.0171875 0.0203125
0 0.55703125 0.26328125 0.0140625 0.0203125
0 0.47265625 0.26875 0.0140625 0.01875
0 0.4828125 0.196875 0.0125 0.015625
0 0.45546875 0.2015625 0.0140625 0.01875
0 0.42421875 0.2328125 0.0140625 0.015625
0 0.47109375 0.23046875 0.0171875 0.0203125
0 0.47578125 0.17421875 0.0140625 0.0171875
0 0.53359375 0.153125 0.0109375 0.015625
0 0.5140625 0.134375 0.0125 0.015625
0 0.5546875 0.12109375 0.0125 0.0171875
0 0.5078125 0.0984375 0.0125 0.015625
0 0.53671875 0.0984375 0.0109375 0.0125
0 0.52578125 0.0796875 0.0109375 0.015625
0 0.55390625 0.07265625 0.0109375 0.0140625
0 0.390625 0.23828125 0.0125 0.0171875
0 0.41328125 0.20234375 0.0140625 0.0203125
0 0.403125 0.1765625 0.015625 0.015625
0 0.35546875 0.25625 0.0140625 0.015625
0 0.34609375 0.23046875 0.0140625 0.0171875
0 0.4625 0.15 0.0125 0.0125
0 0.43125 0.1734375 0.0125 0.015625
0 0.5125 0.16484375 0.0125 0.0171875
0 0.44609375 0.13125 0.0109375 0.015625
0 0.4703125 0.10078125 0.0125 0.0171875
0 0.4609375 0.0734375 0.009375 0.0125
0 0.42265625 0.07578125 0.0109375 0.0140625
0 0.41484375 0.13203125 0.0140625 0.0171875
0 0.4296875 0.09609375 0.0125 0.0140625
0 0.371875 0.13046875 0.015625 0.0203125
0 0.39140625 0.10390625 0.0109375 0.0140625
0 0.37421875 0.103125 0.0109375 0.0125
0 0.38359375 0.0765625 0.0109375 0.0125
0 0.35234375 0.078125 0.0109375 0.0125
0 0.3453125 0.09765625 0.0125 0.0171875
0 0.3453125 0.17734375 0.0125 0.0203125
0 0.34296875 0.12734375 0.0140625 0.0171875
0 0.33046875 0.2 0.0109375 0.015625
0 0.30625 0.2359375 0.0125 0.015625
0 0.321875 0.25703125 0.015625 0.0171875
0 0.2546875 0.2625 0.0125 0.015625
0 0.2046875 0.26328125 0.015625 0.0171875
0 0.16875 0.2640625 0.015625 0.01875
0 0.12578125 0.26171875 0.0140625 0.0171875
0 0.1 0.26328125 0.015625 0.0171875
0 0.06796875 0.25859375 0.0171875 0.0171875
0 0.0359375 0.259375 0.015625 0.01875
0 0.10390625 0.234375 0.0140625 0.015625
0 0.17109375 0.23203125 0.0140625 0.0171875
0 0.23828125 0.23515625 0.0171875 0.0203125
0 0.265625 0.2140625 0.0125 0.015625
0 0.3015625 0.203125 0.0125 0.015625
0 0.31953125 0.178125 0.0140625 0.015625
0 0.284375 0.175 0.015625 0.015625
0 0.2578125 0.1703125 0.015625 0.015625
0 0.2171875 0.17890625 0.0125 0.0140625
0 0.19296875 0.18046875 0.0109375 0.0140625
0 0.21015625 0.1578125 0.0109375 0.015625
0 0.15 0.17265625 0.0125 0.0140625
0 0.090625 0.2125 0.015625 0.015625
0 0.1 0.1828125 0.009375 0.009375
0 0.06171875 0.234375 0.0140625 0.015625
0 0.025 0.2390625 0.0125 0.015625
0 0.046875 0.18359375 0.0125 0.0140625
0 0.0640625 0.14140625 0.009375 0.0109375
0 0.09765625 0.13671875 0.0109375 0.0140625
0 0.13203125 0.13203125 0.0078125 0.0109375
0 0.16796875 0.11328125 0.0140625 0.0140625
0 0.2203125 0.109375 0.009375 0.0125
0 0.27890625 0.12890625 0.0109375 0.0140625
0 0.30625 0.1328125 0.0125 0.015625
0 0.259375 0.14140625 0.0125 0.0140625
0 0.275 0.0875 0.0125 0.015625
0 0.2484375 0.0796875 0.0125 0.0125
0 0.22265625 0.0765625 0.0109375 0.0125
0 0.159375 0.0875 0.0125 0.015625
0 0.125 0.10625 0.015625 0.015625
0 0.34609375 0.03125 0.0109375 0.0125
0 0.44140625 0.02421875 0.0109375 0.0140625
0 0.2578125 0.03203125 0.0125 0.0140625
0 0.19765625 0.03203125 0.0109375 0.0140625
0 0.04765625 0.040625 0.0109375 0.015625
0 0.02578125 0.040625 0.0109375 0.0125
0 0.51875 0.209375 0.0125 0.015625
0 0.0125 0.140625 0.009375 0.015625
0 1.18984375 0.08125 0.0171875 0.021875
