0 0.1375 0.64375 0.0375 0.034375
0 0.02421875 0.640625 0.0140625 0.0125
0 0.059375 0.72890625 0.015625 0.0203125
0 0.1640625 0.42109375 0.00625 0.0109375
0 0.12578125 0.5296875 0.0140625 0.0125
0 0.30390625 0.4453125 0.0078125 0.009375
0 0.5171875 0.4359375 0.00625 0.009375
0 0.4953125 0.4375 0.00625 0.00625
0 0.7453125 0.2921875 0.028125 0.034375
0 0.60546875 0.37734375 0.0078125 0.0109375
0 0.5328125 0.725 0.00625 0.00625
0 0.73984375 0.6546875 0.0046875 0.00625
0 0.68828125 0.5765625 0.0046875 0.00625
0 0.6984375 0.56953125 0.003125 0.0046875
0 0.675 0.58515625 0.003125 0.0046875
0 0.6546875 0.584375 0.00625 0.00625
0 0.42890625 0.45234375 0.0109375 0.0140625
0 0.159375 1.06875 0.0125 0.015625
