0 0.14609375 0.44453125 0.0203125 0.0203125
0 0.10234375 0.4390625 0.0109375 0.01875
0 0.0796875 0.4296875 0.009375 0.0125
0 0.05 0.44453125 0.0125 0.0203125
0 0.06953125 0.53671875 0.0203125 0.0203125
0 0.0578125 0.55 0.0125 0.01875
0 0.1484375 0.528125 0.015625 0.025
0 0.1671875 0.5234375 0.025 0.028125
0 0.3015625 0.5265625 0.021875 0.03125
0 0.31640625 0.471875 0.0109375 0.015625
0 0.29296875 0.44453125 0.0109375 0.0140625
0 0.46484375 0.44609375 0.0109375 0.0140625
0 0.51640625 0.43125 0.0109375 0.015625
0 0.5765625 0.42578125 0.009375 0.0171875
0 0.61953125 0.5234375 0.0140625 0.021875
0 0.65078125 0.53671875 0.0234375 0.0328125
0 0.8015625 0.5140625 0.028125 0.03125
0 0.75859375 0.4140625 0.0140625 0.015625
0 0.9578125 0.42890625 0.0125 0.0171875
0 0.98203125 0.41953125 0.0140625 0.0203125
0 1.16796875 0.51875 0.0265625 0.04375
0 1.24296875 0.5203125 0.0109375 0.01875
0 1.26796875 0.52734375 0.0109375 0.0140625
0 1.24609375 0.5921875 0.0203125 0.034375
0 1.18828125 0.6171875 0.0234375 0.0375
0 1.41328125 0.47578125 0.0171875 0.0140625
0 1.28984375 0.43984375 0.0109375 0.0140625
0 1.57109375 0.396875 0.0078125 0.0125
0 0.38125 0.44609375 0.015625 0.0203125
