0 0.05859375 0.26640625 0.0328125 0.0421875
0 0.11953125 0.24140625 0.0359375 0.0453125
0 0.17421875 0.2734375 0.0328125 0.040625
0 0.2109375 0.28203125 0.03125 0.0390625
0 0.25078125 0.2828125 0.0328125 0.046875
0 0.31796875 0.2703125 0.0296875 0.040625
0 0.346875 0.23359375 0.028125 0.0421875
0 0.40078125 0.28359375 0.0296875 0.0390625
0 0.46171875 0.265625 0.0296875 0.040625
0 0.47578125 0.2328125 0.0296875 0.034375
0 0.4984375 0.27421875 0.028125 0.0421875
0 0.5375 0.28203125 0.03125 0.0359375
0 0.5859375 0.25703125 0.03125 0.0421875
0 0.59375 0.30859375 0.028125 0.0390625
0 0.60859375 0.2328125 0.0265625 0.03125
0 0.6515625 0.25703125 0.03125 0.0390625
0 0.65703125 0.303125 0.0296875 0.040625
0 0.696875 0.375 0.0375 0.05625
0 0.6921875 0.22265625 0.028125 0.0359375
0 0.740625 0.25859375 0.028125 0.0390625
0 0.73984375 0.33046875 0.0265625 0.0359375
0 0.79453125 0.315625 0.0265625 0.040625
0 0.7890625 0.25 0.025 0.0375
0 0.83359375 0.28125 0.0296875 0.0375
0 0.8453125 0.2515625 0.028125 0.03125
0 0.88203125 0.278125 0.0265625 0.040625
0 0.91015625 0.25 0.0234375 0.028125
0 0.91953125 0.27890625 0.0265625 0.0390625
0 0.95078125 0.2765625 0.0296875 0.040625
0 0.97109375 0.26171875 0.0234375 0.0359375
0 0.946875 0.24609375 0.025 0.0265625
0 0.95703125 0.415625 0.0359375 0.046875
0 1.01171875 0.259375 0.0265625 0.034375
0 1.0265625 0.26953125 0.03125 0.0421875
0 1.0625 0.25859375 0.025 0.0390625
0 1.09140625 0.27265625 0.0265625 0.0390625
0 1.12890625 0.2765625 0.0296875 0.04375
0 1.16875 0.26953125 0.03125 0.0390625
0 1.19296875 0.28359375 0.0296875 0.0421875
0 1.24453125 0.25546875 0.0328125 0.0390625
0 1.27734375 0.27578125 0.0328125 0.0453125
0 1.33046875 0.271875 0.0328125 0.040625
0 1.35 0.3015625 0.034375 0.04375
0 1.39765625 0.26640625 0.0328125 0.0453125
0 1.46640625 0.27734375 0.0359375 0.0453125
0 1.5171875 0.2796875 0.0375 0.046875
0 1.53203125 0.140625 0.0046875 0.00625
0 1.47734375 0.13671875 0.0046875 0.0078125
0 1.1140625 0.13828125 0.00625 0.0078125
0 0.771875 0.12578125 0.00625 0.0078125
0 0.71015625 0.13203125 0.0046875 0.0078125
0 0.71796875 0.13515625 0.0046875 0.0078125
0 1.04765625 0.13828125 0.0046875 0.0046875
