0 0.9953125 1.009375 0.0625 0.084375
0 0.86484375 0.80625 0.0234375 0.034375
0 0.253125 0.93515625 0.046875 0.0453125
0 0.384375 0.70390625 0.01875 0.0265625
0 0.3296875 0.734375 0.0125 0.015625
0 0.6359375 0.759375 0.01875 0.021875
0 1.3515625 0.73671875 0.025 0.0296875
0 1.53671875 0.790625 0.0359375 0.046875
0 1.2203125 0.7125 0.015625 0.01875
0 1.1640625 0.71015625 0.015625 0.0234375
0 1.11328125 0.6984375 0.0265625 0.03125
0 1.18828125 0.6921875 0.0140625 0.015625
0 1.44140625 0.7109375 0.0109375 0.0125
0 1.48984375 0.7015625 0.0109375 0.0125
0 1.40234375 0.7 0.0109375 0.0125
0 1.3421875 0.6890625 0.0125 0.015625
0 1.3953125 0.66640625 0.009375 0.0109375
0 1.57421875 0.68515625 0.0109375 0.0140625
0 1.08046875 0.7125 0.0078125 0.009375
0 1.26171875 0.71484375 0.0171875 0.0140625
0 0.7859375 0.70859375 0.015625 0.0203125
0 1.26640625 0.7875 0.0515625 0.05625
0 0.428125 0.70859375 0.015625 0.0203125
0 0.56796875 0.9171875 0.0234375 0.034375
0 0.10234375 0.91953125 0.0453125 0.0671875
