0 0.015625 1.03046875 0.03125 0.0578125
0 0.1953125 1.0328125 0.04375 0.05625
0 0.25 1.0078125 0.040625 0.05625
0 0.43125 0.96953125 0.028125 0.0546875
0 0.61875 0.9625 0.034375 0.05625
0 1.396875 0.99296875 0.021875 0.0453125
0 0.04921875 0.753125 0.0234375 0.04375
0 0.18984375 0.57109375 0.0296875 0.0453125
0 0.03828125 0.50390625 0.0234375 0.0296875
0 0.17734375 0.4828125 0.0171875 0.03125
0 0.2296875 0.4828125 0.025 0.03125
0 0.296875 0.5125 0.015625 0.028125
0 0.371875 0.53671875 0.025 0.0390625
0 0.5109375 0.51640625 0.028125 0.0390625
0 0.50703125 0.46875 0.0203125 0.03125
0 0.59140625 0.51171875 0.0203125 0.0328125
0 0.45234375 0.4984375 0.0171875 0.025
0 0.4015625 0.50703125 0.015625 0.0265625
0 0.6578125 0.45234375 0.025 0.0359375
0 0.66953125 0.48046875 0.0234375 0.0359375
0 0.86640625 0.58203125 0.0234375 0.0359375
0 0.9015625 0.5015625 0.025 0.025
0 0.98515625 0.52890625 0.0234375 0.0421875
0 0.69296875 0.69453125 0.0296875 0.0453125
0 1.221875 0.62421875 0.028125 0.0484375
0 1.259375 0.625 0.03125 0.04375
0 1.140625 0.4828125 0.025 0.0375
0 1.221875 0.4984375 0.028125 0.034375
0 1.428125 0.62578125 0.015625 0.0484375
0 1.54296875 0.64921875 0.0171875 0.0453125
0 1.540625 0.6984375 0.01875 0.040625
0 1.54609375 0.50703125 0.0234375 0.0359375
0 1.45390625 0.5015625 0.0203125 0.0375
0 1.42578125 0.4421875 0.0234375 0.034375
0 1.28828125 0.46015625 0.0203125 0.0359375
0 1.3515625 0.55390625 0.025 0.0328125
0 1.259375 0.50078125 0.021875 0.0328125
0 1.3796875 0.43359375 0.015625 0.0296875
0 1.57734375 0.45859375 0.0171875 0.0453125
0 0.50234375 0.43671875 0.0234375 0.0359375
0 1.43046875 0.696875 0.0171875 0.04375
0 1.33359375 0.659375 0.0234375 0.0375
0 0.61953125 0.53125 0.0296875 0.0375
0 0.68515625 0.60703125 0.0328125 0.0234375
0 1.13359375 0.46484375 0.0234375 0.0234375
0 1.35859375 0.4921875 0.0265625 0.034375
