0 1.36171875 0.64453125 0.0296875 0.0359375
0 1.3703125 0.3265625 0.021875 0.03125
0 1.29140625 0.3328125 0.0203125 0.028125
0 1.22421875 0.84375 0.0171875 0.025
0 1.0015625 0.7 0.015625 0.01875
0 1.1390625 0.6875 0.0125 0.015625
0 0.34765625 0.68046875 0.0359375 0.0390625
0 0.8171875 0.14609375 0.05625 0.0828125
0 0.71875 0.1484375 0.059375 0.08125
0 0.22578125 0.109375 0.0359375 0.04375
0 0.165625 0.10078125 0.0375 0.0484375
0 0.28515625 0.1078125 0.0359375 0.04375
0 0.33203125 0.13046875 0.0359375 0.0453125
0 0.32421875 0.41015625 0.0109375 0.0171875
0 0.221875 0.38203125 0.0125 0.0140625
0 0.315625 0.40546875 0.0125 0.0171875
0 1.35625 0.13828125 0.009375 0.0109375
0 0.97421875 0.15625 0.0140625 0.015625
0 0.26484375 0.359375 0.0109375 0.015625
0 0.30859375 0.73046875 0.0234375 0.0203125
0 1.34765625 0.1734375 0.0171875 0.021875
0 1.21484375 0.23984375 0.0203125 0.0203125
0 1.18671875 0.1609375 0.0140625 0.01875
