0 0.4890625 0.6046875 0.028125 0.040625
0 0.24375 0.45859375 0.00625 0.0109375
0 0.32109375 0.4578125 0.0046875 0.009375
0 0.36953125 0.43984375 0.0078125 0.0109375
0 0.37578125 0.4359375 0.0078125 0.009375
0 0.25234375 0.46328125 0.0046875 0.0078125
0 0.390625 0.43984375 0.00625 0.0109375
0 0.4515625 0.43359375 0.009375 0.0109375
0 0.48125 0.4640625 0.009375 0.009375
0 0.5546875 0.4828125 0.009375 0.0125
0 0.784375 0.39921875 0.00625 0.0078125
0 0.7 0.4203125 0.00625 0.009375
0 0.94296875 0.4734375 0.0140625 0.01875
0 0.92421875 0.51640625 0.0265625 0.0296875
0 1.0125 0.42578125 0.00625 0.0078125
0 1.04375 0.41875 0.00625 0.009375
0 1.0984375 0.4265625 0.00625 0.009375
0 1.11171875 0.428125 0.0046875 0.00625
0 1.13203125 0.45078125 0.0046875 0.0109375
0 1.1828125 0.44375 0.00625 0.009375
0 1.24375 0.44765625 0.00625 0.0109375
0 1.26328125 0.46484375 0.0046875 0.0078125
0 1.278125 0.509375 0.009375 0.0125
0 1.28515625 0.46484375 0.0078125 0.0078125
0 1.3203125 0.4875 0.009375 0.0125
0 1.35 0.4859375 0.0125 0.015625
0 1.31171875 0.50703125 0.0078125 0.0109375
0 1.434375 0.50859375 0.0125 0.0140625
0 1.44765625 0.575 0.0109375 0.01875
0 1.46328125 0.52421875 0.0109375 0.0203125
