0 0.1609375 0.3296875 0.015625 0.025
0 0.70546875 0.178125 0.0078125 0.009375
0 0.74453125 0.190625 0.0109375 0.0125
0 0.7796875 0.1875 0.009375 0.015625
0 0.85390625 0.1984375 0.0109375 0.015625
0 0.88984375 0.18046875 0.0078125 0.0109375
0 0.6953125 0.475 0.053125 0.075
0 0.16953125 0.2375 0.0109375 0.0125
0 0.1890625 0.225 0.0125 0.021875
0 0.196875 0.159375 0.009375 0.0125
0 0.50078125 0.1796875 0.0109375 0.015625
0 0.44609375 0.18984375 0.0078125 0.0109375
0 0.63671875 0.21328125 0.0078125 0.0078125
0 1.18984375 0.1765625 0.0109375 0.015625
0 1.2515625 0.18828125 0.009375 0.0109375
0 1.1984375 0.20625 0.0125 0.015625
0 1.46015625 0.22265625 0.0078125 0.0140625
0 1.39453125 0.1890625 0.0078125 0.009375
0 1.45390625 0.184375 0.0046875 0.00625
0 0.928125 0.146875 0.00625 0.00625
0 0.903125 0.15078125 0.00625 0.0078125
0 0.22578125 0.19140625 0.0140625 0.0171875
0 0.46015625 0.1609375 0.0109375 0.0125
0 0.62578125 0.16796875 0.0078125 0.0109375
