0 0.03828125 0.2125 0.0265625 0.046875
0 0.07578125 0.13203125 0.0265625 0.0453125
0 0.1875 0.20390625 0.028125 0.0484375
0 0.28671875 0.19609375 0.0484375 0.0671875
0 0.40703125 0.1375 0.0234375 0.04375
0 0.64765625 0.2546875 0.0203125 0.03125
0 0.4984375 0.27734375 0.015625 0.0328125
0 0.8078125 0.25625 0.03125 0.05
0 1.03828125 0.2984375 0.0296875 0.03125
0 1.2109375 0.2453125 0.01875 0.040625
0 1.37421875 0.271875 0.0203125 0.04375
0 1.13671875 0.17890625 0.0109375 0.0109375
0 1.18671875 0.14453125 0.0140625 0.0109375
0 1.028125 0.1328125 0.0125 0.0125
0 0.946875 0.14375 0.015625 0.01875
0 0.87734375 0.1421875 0.0140625 0.01875
0 1.06484375 0.165625 0.0109375 0.01875
0 0.4828125 0.12421875 0.015625 0.0171875
