0 0.31640625 0.35859375 0.0203125 0.0234375
0 0.32890625 0.31953125 0.0140625 0.0171875
0 0.3765625 0.30625 0.0125 0.015625
0 0.415625 0.28828125 0.0125 0.0171875
0 0.43515625 0.36796875 0.0171875 0.0203125
0 0.49609375 0.42109375 0.0203125 0.0265625
0 0.56875 0.4109375 0.01875 0.021875
0 0.62421875 0.43046875 0.0171875 0.0171875
0 0.71875 0.4546875 0.01875 0.01875
0 0.48125 0.2859375 0.015625 0.015625
0 0.51953125 0.3703125 0.0140625 0.015625
0 0.5546875 0.37265625 0.015625 0.0234375
0 0.53671875 0.3109375 0.0140625 0.015625
0 0.571875 0.3171875 0.015625 0.01875
0 0.63125 0.3859375 0.0125 0.01875
0 0.70390625 0.365625 0.0140625 0.021875
0 0.7734375 0.384375 0.015625 0.01875
0 0.6171875 0.31875 0.015625 0.01875
0 0.64140625 0.325 0.0171875 0.01875
0 0.628125 0.29296875 0.0125 0.0140625
0 0.64453125 0.29453125 0.0109375 0.0140625
0 0.6640625 0.31640625 0.0125 0.0171875
0 0.67890625 0.28671875 0.0109375 0.0109375
0 0.71953125 0.31796875 0.0140625 0.0140625
0 0.69140625 0.3109375 0.0109375 0.015625
0 0.740625 0.259375 0.0125 0.01875
0 0.7765625 0.27421875 0.0125 0.0140625
0 0.7734375 0.315625 0.0125 0.015625
0 0.73125 0.3109375 0.0125 0.0125
0 1.30859375 0.41328125 0.0140625 0.0203125
0 1.2578125 0.40546875 0.015625 0.0203125
0 1.18828125 0.43046875 0.0171875 0.0171875
0 1.12578125 0.4109375 0.0171875 0.01875
0 1.13125 0.3375 0.0125 0.0125
0 1.09765625 0.33203125 0.0140625 0.0203125
0 1.06640625 0.3296875 0.0109375 0.015625
0 1.03828125 0.3234375 0.0109375 0.01875
0 1.00859375 0.284375 0.0140625 0.015625
0 0.94609375 0.25625 0.0109375 0.015625
0 0.928125 0.30234375 0.0125 0.0109375
0 0.99765625 0.3296875 0.0109375 0.0125
0 1.01953125 0.51875 0.0171875 0.015625
0 0.97109375 0.43984375 0.0171875 0.0171875
0 0.9140625 0.51328125 0.015625 0.0171875
0 0.83671875 0.503125 0.0171875 0.021875
0 0.85703125 0.36953125 0.0140625 0.0140625
0 0.8953125 0.378125 0.009375 0.0125
0 0.81953125 0.3609375 0.0109375 0.01875
0 0.84140625 0.35703125 0.0140625 0.0140625
0 0.8609375 0.31953125 0.009375 0.0109375
0 0.878125 0.30234375 0.009375 0.0109375
0 0.8515625 0.2484375 0.0125 0.0125
0 0.81484375 0.3203125 0.0109375 0.015625
0 0.81171875 0.3015625 0.0109375 0.0125
0 1.4109375 0.46015625 0.015625 0.0171875
0 0.93515625 0.41953125 0.0109375 0.0109375
0 0.98984375 0.3546875 0.0140625 0.01875
