0 1.33359375 0.6640625 0.0484375 0.05625
0 0.34453125 0.5796875 0.0453125 0.05625
0 0.87109375 0.521875 0.0390625 0.040625
0 1.22109375 0.35625 0.0171875 0.021875
0 1.2546875 0.34453125 0.0125 0.0140625
0 0.659375 0.3390625 0.021875 0.028125
0 0.3609375 0.30703125 0.01875 0.0234375
0 0.7515625 0.309375 0.015625 0.015625
0 0.85078125 0.27890625 0.0140625 0.0203125
0 0.378125 0.47265625 0.028125 0.0234375
0 0.2453125 0.33671875 0.0125 0.0140625
0 0.075 0.2875 0.01875 0.015625
0 0.49453125 0.2953125 0.0140625 0.021875
0 0.5875 0.35078125 0.015625 0.0171875
0 0.61328125 0.27578125 0.0140625 0.0140625
0 0.40859375 0.30234375 0.0171875 0.0171875
0 0.36171875 0.27890625 0.0140625 0.0171875
