0 0.115625 0.61640625 0.01875 0.0171875
0 0.16171875 0.67421875 0.0390625 0.0484375
0 0.03359375 0.6296875 0.0328125 0.034375
0 0.50078125 0.63984375 0.0234375 0.0265625
0 0.39375 0.6359375 0.0125 0.01875
0 0.21484375 0.6546875 0.0234375 0.028125
0 0.26953125 0.64609375 0.0234375 0.0234375
0 0.18046875 0.63203125 0.0109375 0.0109375
0 0.2484375 0.68203125 0.021875 0.0265625
0 0.3625 0.65234375 0.025 0.0296875
0 0.21640625 0.62890625 0.0109375 0.0140625
0 0.09453125 0.62109375 0.0078125 0.0140625
0 0.06171875 0.62109375 0.0078125 0.0140625
0 0.15234375 0.6390625 0.0203125 0.025
0 0.82890625 0.69375 0.0296875 0.03125
0 0.88359375 0.659375 0.0234375 0.028125
0 0.92734375 0.66171875 0.0234375 0.0234375
0 0.9640625 0.67109375 0.028125 0.0328125
0 1.02109375 0.64609375 0.0078125 0.0140625
0 0.95546875 0.646875 0.0140625 0.015625
0 1.48125 0.665625 0.0125 0.015625
0 1.51484375 0.6765625 0.0109375 0.015625
0 1.39921875 0.68125 0.0203125 0.021875
