0 0.2296875 0.665625 0.0125 0.021875
0 0.33984375 0.690625 0.0296875 0.028125
0 0.43125 0.7 0.025 0.021875
0 0.24375 0.56328125 0.00625 0.0109375
0 0.43671875 0.575 0.0078125 0.00625
0 0.45546875 0.575 0.0046875 0.00625
0 0.58671875 0.6984375 0.0328125 0.034375
0 0.68828125 0.6859375 0.0109375 0.0125
0 0.78125 0.69375 0.009375 0.009375
0 0.79375 0.68046875 0.009375 0.0109375
0 0.81015625 0.67890625 0.0109375 0.0109375
0 0.88359375 0.6921875 0.0265625 0.025
0 0.85234375 0.67421875 0.0046875 0.0078125
0 1.26640625 0.54921875 0.0046875 0.0078125
0 1.28828125 0.55390625 0.0078125 0.0078125
