0 0.02421875 0.4953125 0.0109375 0.01875
0 0.07734375 0.5015625 0.0140625 0.01875
0 0.15703125 0.50234375 0.0140625 0.0171875
0 0.00859375 0.49921875 0.0078125 0.0203125
0 0.22578125 0.5 0.0140625 0.015625
0 0.24375 0.49609375 0.0125 0.0140625
0 0.2671875 0.5015625 0.0125 0.01875
0 0.33828125 0.4765625 0.0203125 0.025
0 0.4640625 0.53046875 0.009375 0.0109375
0 0.62578125 0.5078125 0.0109375 0.0125
0 0.759375 0.45703125 0.025 0.0234375
0 0.91875 0.440625 0.034375 0.028125
0 1.45234375 0.4484375 0.0328125 0.046875
