0 0.3421875 0.8546875 0.00625 0.0125
0 0.28046875 0.85390625 0.0078125 0.0078125
0 0.2640625 0.765625 0.00625 0.00625
0 0.55234375 1.14375 0.0140625 0.021875
0 0.775 1.1046875 0.021875 0.021875
0 0.80390625 0.84375 0.0078125 0.0125
0 0.65625 0.78125 0.009375 0.0125
0 0.8453125 0.74765625 0.003125 0.0109375
0 1.26484375 0.99921875 0.0109375 0.0203125
0 1.10859375 0.77421875 0.0078125 0.0109375
0 1.175 0.75078125 0.00625 0.0109375
0 1.03203125 0.7234375 0.0046875 0.009375
0 1.1953125 0.740625 0.00625 0.009375
0 1.36484375 0.83359375 0.0046875 0.0109375
0 1.54453125 0.87265625 0.0078125 0.0140625
0 1.32578125 0.728125 0.0078125 0.0125
0 1.378125 0.728125 0.00625 0.0125
0 1.4625 0.73671875 0.00625 0.0078125
0 1.51171875 0.69140625 0.0078125 0.0109375
0 1.50625 0.7578125 0.00625 0.009375
0 1.5671875 0.73515625 0.00625 0.0078125
0 0.0328125 0.80234375 0.009375 0.0109375
0 0.078125 0.790625 0.00625 0.0125
0 0.09140625 0.93359375 0.0140625 0.0171875
0 0.18203125 0.93046875 0.0171875 0.0171875
0 0.259375 0.9484375 0.0125 0.0125
0 0.15 0.83828125 0.009375 0.0140625
0 0.575 0.74140625 0.00625 0.0078125
0 0.38515625 0.746875 0.0078125 0.009375
0 0.3703125 0.75 0.00625 0.0125
0 0.65625 0.9828125 0.009375 0.015625
0 0.8765625 0.76796875 0.00625 0.0140625
0 1.05859375 0.71875 0.0046875 0.00625
0 1.2828125 0.721875 0.009375 0.009375
0 1.42421875 0.7390625 0.0078125 0.009375
0 1.5421875 0.73125 0.00625 0.009375
0 1.5765625 0.6859375 0.00625 0.009375
0 1.459375 0.6765625 0.00625 0.009375
0 0.284375 0.45 0.009375 0.009375
0 0.3203125 0.4515625 0.00625 0.009375
0 0.159375 0.45390625 0.00625 0.0078125
0 0.1390625 0.45078125 0.00625 0.0078125
0 0.1421875 0.46796875 0.00625 0.0078125
0 0.1921875 0.4625 0.00625 0.009375
0 0.25078125 0.4625 0.0078125 0.009375
0 0.24140625 0.4625 0.0078125 0.009375
0 0.15546875 0.803125 0.0109375 0.015625
