0 1.20859375 0.55859375 0.0109375 0.0140625
0 1.17265625 0.55625 0.0109375 0.0125
0 1.36328125 0.56171875 0.0078125 0.0171875
0 1.378125 0.56875 0.009375 0.015625
0 1.45625 0.5765625 0.0125 0.0125
0 1.42734375 0.575 0.0078125 0.0125
0 1.3984375 0.5625 0.0125 0.0125
0 1.5125 0.57734375 0.009375 0.0171875
0 1.47265625 0.5765625 0.0046875 0.0125
0 1.278125 0.571875 0.0125 0.0125
0 1.109375 0.565625 0.009375 0.015625
0 1.00859375 0.525 0.0265625 0.0375
0 0.88125 0.503125 0.03125 0.0375
0 0.7609375 0.31171875 0.009375 0.0140625
0 0.85625 0.321875 0.0125 0.0125
0 0.8046875 0.32109375 0.009375 0.0109375
0 0.89609375 0.32734375 0.0078125 0.0109375
0 0.9125 0.3265625 0.009375 0.015625
0 0.99140625 0.31875 0.0078125 0.015625
0 1.04609375 0.33046875 0.0109375 0.0140625
0 1.0015625 0.3296875 0.009375 0.0125
0 0.12265625 0.50078125 0.0328125 0.0328125
0 0.22109375 0.51171875 0.0265625 0.0296875
0 0.303125 0.509375 0.025 0.0375
0 0.34296875 0.4859375 0.0296875 0.034375
0 0.44921875 0.509375 0.0296875 0.040625
0 0.50234375 0.540625 0.0078125 0.015625
0 0.51328125 0.47421875 0.0078125 0.0140625
0 0.546875 0.44609375 0.009375 0.0140625
0 0.42265625 0.4421875 0.0078125 0.0125
0 0.4421875 0.42890625 0.009375 0.0140625
0 0.46328125 0.425 0.0078125 0.015625
0 0.484375 0.42421875 0.009375 0.0109375
0 0.49609375 0.43125 0.0078125 0.009375
0 0.51015625 0.421875 0.0109375 0.015625
0 0.55234375 0.4109375 0.0109375 0.0125
0 0.4859375 0.5359375 0.0125 0.01875
0 0.46328125 0.4640625 0.0109375 0.0125
0 0.42421875 0.42734375 0.0078125 0.0109375
0 0.61484375 0.53671875 0.0296875 0.0359375
0 0.6171875 0.415625 0.009375 0.0125
0 0.5796875 0.415625 0.0125 0.0125
0 0.528125 0.4109375 0.0125 0.0125
0 1.15078125 0.3171875 0.0109375 0.0125
0 1.12265625 0.31484375 0.0109375 0.0140625
0 1.09296875 0.31171875 0.0109375 0.0140625
0 1.21640625 0.31328125 0.0078125 0.0140625
0 1.25625 0.3140625 0.0125 0.0125
0 1.22890625 0.31171875 0.0109375 0.0140625
0 1.2890625 0.32109375 0.009375 0.0140625
0 1.32734375 0.32421875 0.0109375 0.0140625
0 0.77578125 0.54296875 0.0171875 0.0234375
0 0.8125 0.553125 0.015625 0.015625
0 1.3453125 0.58203125 0.0125 0.0203125
0 1.24140625 0.56171875 0.0203125 0.0140625
0 1.3859375 0.31171875 0.0125 0.0140625
0 1.43515625 0.321875 0.0109375 0.0125
0 1.4890625 0.3140625 0.0125 0.015625
0 1.5234375 0.31640625 0.0125 0.0171875
0 1.54375 0.32265625 0.009375 0.0140625
0 1.4109375 0.31328125 0.0125 0.0140625
0 1.46328125 0.3234375 0.0109375 0.015625
0 1.35625 0.3171875 0.0125 0.015625
0 0.6921875 0.3640625 0.009375 0.009375
0 0.78671875 0.3171875 0.0109375 0.015625
0 0.93359375 0.31875 0.0140625 0.0125
0 1.02265625 0.328125 0.0109375 0.0125
0 1.56015625 0.31796875 0.0109375 0.0109375
0 1.57890625 0.32421875 0.0109375 0.0109375
