0 0.7859375 0.4078125 0.0375 0.05
0 0.8578125 0.4203125 0.03125 0.046875
0 0.8828125 0.44765625 0.028125 0.0484375
0 0.9953125 0.5734375 0.0375 0.04375
0 1.0 0.48203125 0.028125 0.0421875
0 1.028125 0.41171875 0.040625 0.0359375
0 0.7828125 0.3171875 0.0375 0.040625
0 0.06875 0.1796875 0.028125 0.046875
0 0.00703125 0.0640625 0.0140625 0.03125
0 0.278125 0.06328125 0.028125 0.0421875
0 0.1078125 0.3796875 0.03125 0.053125
0 1.18515625 0.1453125 0.0359375 0.040625
0 1.375 0.03984375 0.034375 0.0453125
0 1.5421875 0.0625 0.03125 0.040625
0 1.4140625 0.28828125 0.034375 0.0453125
0 1.4953125 0.1671875 0.025 0.04375
0 0.7625 0.0328125 0.03125 0.046875
0 1.07421875 0.028125 0.0359375 0.04375
0 1.15 0.01875 0.0375 0.034375
0 1.24296875 0.015625 0.0328125 0.03125
0 1.11875 0.12265625 0.021875 0.0390625
0 1.55078125 0.93828125 0.0421875 0.0515625
0 1.4203125 1.08671875 0.028125 0.0421875
0 0.93984375 0.15625 0.0328125 0.03125
0 0.69296875 0.39609375 0.0265625 0.0421875
0 0.5515625 0.4078125 0.034375 0.040625
0 0.85 0.04375 0.040625 0.04375
0 1.30390625 0.00703125 0.0296875 0.0140625
