0 0.3625 0.4765625 0.103125 0.1375
0 0.42421875 0.3359375 0.0578125 0.06875
0 0.31484375 0.23515625 0.0546875 0.0609375
0 0.47890625 0.20078125 0.0484375 0.0703125
0 0.74375 0.44921875 0.084375 0.1140625
0 0.75390625 0.65625 0.0828125 0.134375
0 0.61953125 0.75859375 0.1046875 0.1796875
0 0.9609375 0.6671875 0.103125 0.134375
0 1.10859375 0.67890625 0.1109375 0.1546875
0 0.74296875 0.3140625 0.0734375 0.096875
0 0.64609375 0.25390625 0.0546875 0.0765625
0 0.51640625 0.39375 0.0703125 0.103125
0 1.14296875 0.3546875 0.0859375 0.096875
0 1.15859375 0.2625 0.0703125 0.078125
0 1.15859375 0.31328125 0.0640625 0.0859375
0 0.8984375 0.58515625 0.065625 0.0890625
0 0.65859375 0.7015625 0.0703125 0.15
0 0.63515625 0.54296875 0.0890625 0.1078125
0 0.4984375 0.53125 0.059375 0.09375
0 0.8796875 0.42578125 0.06875 0.1015625
0 0.87265625 0.10625 0.0578125 0.0875
0 0.67421875 0.1171875 0.0515625 0.06875
0 0.85546875 0.26640625 0.0421875 0.0796875
0 1.3671875 0.45 0.08125 0.10625
0 1.37734375 0.275 0.0578125 0.090625
0 1.44296875 0.22265625 0.0546875 0.0796875
0 1.1046875 0.48203125 0.10625 0.1140625
0 0.93828125 0.27265625 0.0515625 0.0765625
0 1.11875 0.0984375 0.05625 0.071875
0 0.9328125 0.046875 0.0375 0.059375
0 0.95390625 0.096875 0.0328125 0.05625
0 1.04609375 0.08203125 0.0421875 0.0640625
0 0.7953125 0.02265625 0.04375 0.0453125
0 0.5765625 0.0203125 0.040625 0.040625
0 0.58515625 0.1515625 0.0390625 0.065625
0 1.396875 0.1140625 0.046875 0.08125
0 1.4296875 0.10703125 0.04375 0.0765625
0 1.2234375 0.7015625 0.1 0.1375
0 0.03984375 0.840625 0.0796875 0.128125
0 0.03984375 1.0015625 0.0796875 0.13125
0 0.16328125 0.9640625 0.1234375 0.128125
0 0.7 1.01328125 0.09375 0.1078125
0 1.1140625 0.99609375 0.13125 0.1421875
0 0.98203125 0.903125 0.0890625 0.140625
0 1.3453125 1.01328125 0.1125 0.1078125
0 1.55859375 0.9375 0.0828125 0.16875
0 1.5484375 0.78046875 0.096875 0.1328125
0 1.55703125 0.628125 0.0859375 0.14375
0 1.55 0.51640625 0.1 0.1328125
0 0.1328125 0.47109375 0.08125 0.1046875
0 0.3609375 0.1265625 0.04375 0.0625
0 0.47109375 0.12578125 0.0515625 0.0578125
0 0.425 0.04140625 0.03125 0.0609375
0 0.26015625 0.0671875 0.0453125 0.065625
0 0.22890625 0.13828125 0.0515625 0.0640625
0 0.1390625 0.1859375 0.05 0.08125
0 0.0625 0.36171875 0.075 0.0890625
0 0.1265625 0.1015625 0.05 0.059375
0 0.159375 0.021875 0.0375 0.04375
0 0.0875 0.0125 0.034375 0.025
0 0.07734375 0.1234375 0.0265625 0.046875
0 0.2234375 0.0828125 0.0375 0.05625
0 0.55703125 0.26640625 0.0390625 0.0828125
0 0.065625 0.0328125 0.046875 0.046875
0 0.1015625 0.26953125 0.078125 0.0734375
0 0.16796875 0.334375 0.0484375 0.08125
0 1.44375 0.35078125 0.0875 0.0984375
0 1.09375 0.0828125 0.059375 0.071875
0 1.1765625 0.146875 0.059375 0.065625
0 0.6640625 1.03515625 0.090625 0.0640625
