0 0.66484375 0.409375 0.0234375 0.034375
0 0.88125 0.36015625 0.021875 0.0359375
0 0.98125 0.3796875 0.025 0.03125
0 1.0609375 0.36484375 0.021875 0.0328125
0 1.1453125 0.37265625 0.021875 0.0328125
0 1.23125 0.38125 0.021875 0.028125
0 1.33203125 0.4234375 0.0265625 0.03125
0 1.38828125 0.38203125 0.0203125 0.0265625
0 0.0796875 0.8171875 0.025 0.03125
0 0.5671875 0.88203125 0.028125 0.0296875
0 0.61640625 0.89765625 0.0171875 0.0296875
0 1.515625 0.9171875 0.040625 0.059375
0 1.48046875 0.84296875 0.0328125 0.0390625
0 1.5078125 0.83203125 0.025 0.0359375
0 1.07265625 0.96328125 0.0421875 0.0609375
0 1.1578125 0.87265625 0.028125 0.0359375
0 0.9484375 0.84296875 0.021875 0.0359375
0 1.01796875 0.8515625 0.0234375 0.028125
0 1.2109375 0.8046875 0.015625 0.021875
0 0.86953125 0.84140625 0.0203125 0.0328125
0 1.15703125 0.8265625 0.0171875 0.028125
0 1.2171875 0.9078125 0.021875 0.0375
0 0.22109375 0.8015625 0.0203125 0.03125
0 0.21640625 0.975 0.0484375 0.046875
0 0.46171875 0.84375 0.0265625 0.034375
