0 0.07421875 0.684375 0.0140625 0.025
0 0.0546875 0.67734375 0.01875 0.0296875
0 0.4796875 0.71328125 0.009375 0.0171875
0 0.534375 0.678125 0.0125 0.025
0 0.6234375 0.7046875 0.01875 0.021875
0 0.74140625 0.675 0.0140625 0.01875
0 0.02734375 0.68125 0.0171875 0.025
0 1.14921875 0.81640625 0.0296875 0.0296875
0 1.21875 0.6765625 0.025 0.03125
0 0.91015625 0.67265625 0.0203125 0.0203125
0 0.67734375 0.71953125 0.0203125 0.0265625
0 0.56484375 0.675 0.0203125 0.03125
0 0.98359375 0.70703125 0.0171875 0.0203125
0 0.2484375 0.6 0.03125 0.05625
0 0.37109375 0.67578125 0.0234375 0.0390625
0 0.42265625 0.6921875 0.0234375 0.028125
0 0.11796875 0.6953125 0.0171875 0.021875
0 0.77421875 0.7046875 0.0234375 0.034375
0 0.84375 0.7078125 0.015625 0.01875
0 0.82890625 0.71015625 0.0140625 0.0203125
