0 1.2609375 0.6296875 0.084375 0.096875
0 1.421875 0.45078125 0.065625 0.0828125
0 1.3265625 0.44765625 0.059375 0.0765625
0 1.175 0.51171875 0.065625 0.0796875
0 1.0390625 0.525 0.065625 0.075
0 0.98984375 0.4140625 0.0640625 0.078125
0 0.9578125 0.340625 0.04375 0.053125
0 1.0234375 0.03828125 0.046875 0.0671875
0 1.1546875 0.040625 0.0375 0.0625
0 1.33828125 0.0796875 0.0328125 0.059375
0 1.4421875 0.18515625 0.04375 0.0578125
0 1.384375 0.31484375 0.05 0.0640625
0 1.384375 0.26953125 0.0375 0.0546875
0 1.09453125 0.2875 0.0390625 0.046875
0 1.06171875 0.37265625 0.0453125 0.0765625
0 0.98828125 0.28359375 0.0328125 0.0546875
0 0.915625 0.06484375 0.04375 0.0671875
0 1.196875 0.34921875 0.059375 0.0796875
0 1.09453125 0.9140625 0.1140625 0.10625
0 0.93984375 0.76875 0.0703125 0.09375
0 1.53125 0.91328125 0.075 0.1015625
0 0.9640625 0.48984375 0.05625 0.0546875
0 0.7703125 0.4375 0.046875 0.06875
0 0.65625 0.46640625 0.053125 0.0578125
0 0.24765625 0.28125 0.0765625 0.15
0 0.5109375 0.234375 0.04375 0.08125
0 0.37890625 0.140625 0.0703125 0.109375
0 0.59609375 0.03125 0.0390625 0.034375
0 0.4953125 0.06875 0.040625 0.05625
0 0.55 0.04765625 0.01875 0.0203125
0 0.54140625 0.0203125 0.0203125 0.015625
0 1.23359375 0.0203125 0.0421875 0.040625
0 0.63515625 0.1125 0.0703125 0.078125
0 0.759375 0.0515625 0.05 0.065625
0 0.82109375 0.0796875 0.0453125 0.0625
