0 0.903125 0.34375 0.05625 0.05625
0 0.7203125 0.36640625 0.05625 0.0578125
0 0.25 0.38046875 0.059375 0.0609375
0 0.37578125 0.30234375 0.0453125 0.0546875
0 0.44921875 0.23984375 0.0359375 0.0546875
0 0.51328125 0.221875 0.0390625 0.04375
0 0.6046875 0.20625 0.04375 0.05
0 1.31171875 0.07578125 0.0328125 0.0328125
0 1.10703125 0.059375 0.0390625 0.046875
0 1.06015625 0.18046875 0.0328125 0.0484375
0 1.1796875 0.1765625 0.028125 0.034375
0 1.2921875 0.15859375 0.021875 0.0328125
0 1.4328125 0.16484375 0.03125 0.0359375
0 1.45 0.2453125 0.0375 0.053125
0 0.76171875 0.22109375 0.0421875 0.0421875
0 0.8546875 0.13828125 0.034375 0.0421875
0 0.8984375 0.09296875 0.034375 0.0421875
0 0.7890625 0.06015625 0.040625 0.0515625
0 0.33359375 0.2296875 0.0515625 0.059375
0 0.20546875 0.3203125 0.0453125 0.046875
0 0.11640625 0.2421875 0.0546875 0.05625
0 0.07578125 0.3703125 0.0484375 0.0625
0 0.071875 0.60546875 0.059375 0.0640625
0 0.1 0.16171875 0.034375 0.0390625
0 0.15859375 0.1625 0.0265625 0.040625
0 0.20234375 0.18984375 0.0328125 0.0421875
0 0.2484375 0.10859375 0.03125 0.0484375
0 1.0375 0.09765625 0.0375 0.0453125
0 0.99609375 0.034375 0.0296875 0.0375
0 0.7140625 0.85078125 0.053125 0.1078125
0 0.62109375 0.98984375 0.1140625 0.1515625
0 0.1640625 1.06484375 0.146875 0.1171875
0 0.89765625 1.09453125 0.0734375 0.0640625
0 0.6890625 0.20078125 0.040625 0.0609375
0 0.54765625 0.18359375 0.0328125 0.0421875
0 0.596875 0.06640625 0.0375 0.0484375
0 1.33359375 0.03125 0.0328125 0.0375
0 1.1578125 0.06328125 0.034375 0.0390625
0 0.75625 0.109375 0.03125 0.053125
0 1.5171875 0.07109375 0.040625 0.0453125
