0 0.4015625 0.23828125 0.025 0.0296875
0 0.98359375 0.1484375 0.0859375 0.1125
0 1.1921875 0.21015625 0.059375 0.0703125
0 1.321875 0.1546875 0.0375 0.04375
0 0.92265625 0.28359375 0.0390625 0.0390625
0 1.215625 0.15625 0.028125 0.03125
0 1.36953125 0.1765625 0.0546875 0.065625
0 1.3 0.20703125 0.04375 0.0578125
0 0.11953125 0.303125 0.0515625 0.071875
0 0.3609375 0.03125 0.01875 0.028125
0 0.4828125 0.25234375 0.04375 0.0515625
0 0.6890625 0.27109375 0.034375 0.0578125
0 0.71796875 0.240625 0.0421875 0.04375
0 0.7828125 0.2265625 0.01875 0.034375
0 0.6984375 0.19296875 0.01875 0.0265625
0 0.403125 0.31484375 0.040625 0.0578125
0 0.5578125 0.28359375 0.04375 0.0546875
0 0.74453125 0.25703125 0.0203125 0.0359375
0 0.81015625 0.19921875 0.0203125 0.0265625
0 0.3078125 0.303125 0.03125 0.04375
0 1.33046875 0.13203125 0.0296875 0.0359375
