0 1.48828125 0.24296875 0.0296875 0.0359375
0 1.50625 0.4609375 0.025 0.0375
0 1.4125 0.6140625 0.021875 0.04375
0 1.278125 0.49609375 0.03125 0.0359375
0 1.2421875 0.3359375 0.03125 0.040625
0 1.4015625 0.334375 0.03125 0.04375
0 1.0609375 0.103125 0.021875 0.03125
0 1.109375 0.14921875 0.025 0.0328125
0 1.18515625 0.15234375 0.0265625 0.0328125
0 1.28046875 0.15703125 0.0234375 0.0328125
0 0.88984375 0.05546875 0.0265625 0.0359375
0 0.94375 0.08046875 0.028125 0.0390625
0 1.03046875 0.05390625 0.0296875 0.0328125
0 0.428125 0.4078125 0.025 0.040625
0 0.05078125 0.0828125 0.0296875 0.040625
0 0.19296875 0.0109375 0.0265625 0.021875
0 1.1546875 0.02265625 0.025 0.0296875
0 0.01015625 0.209375 0.0203125 0.0375
0 0.203125 0.7390625 0.04375 0.040625
