0 1.203125 0.26484375 0.015625 0.0171875
0 1.259375 0.259375 0.009375 0.015625
0 1.28203125 0.29140625 0.0234375 0.0265625
0 1.18828125 0.1828125 0.0203125 0.025
0 1.2875 0.225 0.015625 0.021875
0 1.23828125 0.196875 0.0203125 0.01875
0 1.19921875 0.21875 0.0140625 0.0125
0 1.2171875 0.24453125 0.015625 0.0171875
0 1.23359375 0.253125 0.0171875 0.025
0 1.09453125 0.253125 0.0171875 0.021875
0 1.06328125 0.27109375 0.0140625 0.0203125
0 1.04296875 0.25703125 0.0140625 0.0234375
0 1.02734375 0.24921875 0.0171875 0.0234375
0 1.03671875 0.1828125 0.0203125 0.021875
0 1.07265625 0.18828125 0.0203125 0.0265625
0 1.02578125 0.09296875 0.0140625 0.0203125
0 1.01484375 0.140625 0.0171875 0.025
0 0.884375 0.3546875 0.021875 0.034375
0 0.928125 0.29609375 0.021875 0.0296875
0 0.896875 0.28125 0.01875 0.03125
0 0.80546875 0.35 0.0265625 0.03125
0 0.7703125 0.35625 0.03125 0.046875
0 0.7359375 0.35234375 0.021875 0.0328125
0 0.6640625 0.36640625 0.021875 0.0328125
0 0.6546875 0.32890625 0.021875 0.0234375
0 0.703125 0.296875 0.021875 0.021875
0 0.753125 0.29296875 0.015625 0.0171875
0 0.74453125 0.27109375 0.0171875 0.0203125
0 0.8421875 0.284375 0.0125 0.021875
0 1.00703125 0.28359375 0.0234375 0.0234375
0 1.53515625 0.32265625 0.0203125 0.0328125
0 1.43515625 0.3125 0.0203125 0.021875
0 1.42421875 0.23125 0.0171875 0.01875
0 1.40234375 0.303125 0.0140625 0.01875
0 1.37109375 0.19140625 0.0171875 0.0234375
0 1.39375 0.17578125 0.0125 0.0203125
0 1.5484375 0.1 0.015625 0.021875
0 1.57265625 0.0921875 0.0171875 0.028125
0 1.55390625 0.1984375 0.0171875 0.021875
0 1.56640625 0.1578125 0.0171875 0.025
0 1.525 0.25703125 0.015625 0.0171875
0 1.55 0.29453125 0.01875 0.0234375
0 1.521875 0.22734375 0.0125 0.0140625
0 1.3625 0.2546875 0.01875 0.025
0 1.34296875 0.2875 0.0171875 0.021875
0 1.140625 0.1796875 0.01875 0.021875
0 1.41328125 0.371875 0.0390625 0.059375
0 0.98828125 0.33984375 0.0421875 0.0546875
0 1.5828125 0.26328125 0.021875 0.0296875
0 1.56640625 0.246875 0.0203125 0.028125
0 1.2375 0.35 0.025 0.03125
0 1.30625 0.303125 0.021875 0.028125
0 1.31171875 0.25703125 0.0171875 0.0203125
0 1.35625 0.32890625 0.01875 0.0328125
0 1.08828125 0.37265625 0.0171875 0.0421875
0 1.09296875 0.32890625 0.0234375 0.0328125
0 1.16171875 0.35625 0.0296875 0.0375
0 1.1578125 0.31796875 0.025 0.0296875
0 1.1375 0.21953125 0.015625 0.0203125
0 0.66640625 0.29140625 0.0203125 0.0296875
0 0.45390625 0.36796875 0.0296875 0.0453125
0 0.5546875 0.37265625 0.03125 0.0390625
0 0.6078125 0.340625 0.028125 0.034375
0 0.58046875 0.315625 0.0171875 0.028125
0 0.54921875 0.321875 0.0109375 0.015625
0 0.48046875 0.34609375 0.0234375 0.0390625
0 0.51640625 0.32265625 0.0171875 0.0234375
0 0.49375 0.29296875 0.01875 0.0265625
0 0.3703125 0.37890625 0.028125 0.0453125
0 0.4109375 0.378125 0.021875 0.03125
0 0.4359375 0.346875 0.01875 0.03125
0 0.4 0.33515625 0.01875 0.0234375
0 0.4328125 0.309375 0.0125 0.025
0 0.45625 0.3109375 0.015625 0.028125
0 0.425 0.27578125 0.01875 0.0265625
0 0.4015625 0.2859375 0.015625 0.028125
0 0.39140625 0.30078125 0.0203125 0.0296875
0 0.34609375 0.3171875 0.0296875 0.046875
0 0.33984375 0.2859375 0.0265625 0.03125
0 0.2921875 0.37109375 0.025 0.0296875
0 0.234375 0.3375 0.028125 0.034375
0 0.16171875 0.34765625 0.0328125 0.0515625
0 0.21328125 0.309375 0.0140625 0.01875
0 0.23203125 0.271875 0.0140625 0.01875
0 0.26640625 0.2796875 0.0203125 0.021875
0 0.29296875 0.32890625 0.0171875 0.0234375
0 0.2625 0.340625 0.0125 0.01875
0 0.25859375 0.30703125 0.0140625 0.0203125
0 0.0609375 0.284375 0.015625 0.021875
0 0.034375 0.28203125 0.015625 0.0234375
0 0.12578125 0.28125 0.0109375 0.015625
0 0.1984375 0.29453125 0.021875 0.0234375
0 0.1625 0.28984375 0.01875 0.0265625
0 0.1125 0.346875 0.028125 0.053125
0 0.64140625 0.2859375 0.0140625 0.01875
0 0.87421875 0.28203125 0.0140625 0.0203125
0 0.7921875 0.303125 0.0125 0.025
0 1.096875 0.20546875 0.015625 0.0171875
0 1.1234375 0.25234375 0.015625 0.0203125
0 1.29140625 0.14375 0.0171875 0.021875
0 1.06015625 0.096875 0.0171875 0.021875
0 1.08515625 0.12578125 0.0140625 0.0171875
0 1.1796875 0.12265625 0.015625 0.0234375
0 1.2953125 0.11171875 0.015625 0.0203125
0 1.26484375 0.1109375 0.0203125 0.01875
0 1.28828125 0.0796875 0.0140625 0.01875
0 1.20078125 0.0875 0.0140625 0.01875
0 1.19375 0.10625 0.015625 0.01875
0 1.13203125 0.08046875 0.0171875 0.0203125
0 1.0828125 0.07734375 0.015625 0.0203125
0 1.23828125 0.11796875 0.0171875 0.0203125
0 1.1 0.09765625 0.015625 0.0171875
0 1.13203125 0.12265625 0.0140625 0.0234375
0 1.36953125 0.23203125 0.0140625 0.0265625
0 1.22109375 0.3125 0.0234375 0.025
0 1.14765625 0.24375 0.0203125 0.025
0 1.20390625 0.140625 0.0109375 0.025
0 1.26796875 0.0765625 0.0140625 0.01875
0 1.41796875 0.1703125 0.0140625 0.01875
0 1.4921875 0.16484375 0.021875 0.0359375
0 0.9625 0.28984375 0.021875 0.0265625
0 0.1859375 0.27421875 0.01875 0.0234375
0 0.2984375 0.2765625 0.015625 0.021875
0 0.38828125 0.27265625 0.0171875 0.0203125
0 0.090625 0.29921875 0.01875 0.0328125
0 0.015625 0.29140625 0.01875 0.0328125
