0 0.646875 0.359375 0.05 0.05625
0 0.80078125 0.3578125 0.0515625 0.06875
0 0.9546875 0.33359375 0.053125 0.0703125
0 0.16015625 0.1515625 0.0828125 0.10625
0 0.3140625 0.24765625 0.05625 0.1140625
0 0.40234375 0.240625 0.0296875 0.046875
0 0.54296875 0.2546875 0.0546875 0.075
0 0.728125 0.04375 0.03125 0.046875
0 0.7296875 0.19375 0.03125 0.046875
0 1.47421875 0.1359375 0.0421875 0.059375
0 0.9 0.2375 0.028125 0.0375
0 1.12265625 0.2328125 0.0703125 0.096875
0 0.61484375 0.2359375 0.0359375 0.05
