0 1.5359375 0.56640625 0.01875 0.0265625
0 1.57890625 0.55859375 0.0109375 0.0140625
0 1.5046875 0.5421875 0.009375 0.0125
0 1.51015625 0.5328125 0.0078125 0.009375
0 1.47421875 0.54375 0.0171875 0.025
0 1.440625 0.5625 0.01875 0.028125
0 1.4671875 0.59609375 0.015625 0.0234375
0 1.4546875 0.6921875 0.0125 0.025
0 1.44765625 0.65625 0.0140625 0.025
0 1.3484375 0.82734375 0.04375 0.0609375
0 1.52578125 0.8359375 0.0203125 0.05625
0 1.24296875 0.7359375 0.0203125 0.04375
0 1.36953125 0.703125 0.0171875 0.028125
0 1.0828125 0.59765625 0.0125 0.0234375
0 0.98046875 0.6328125 0.0109375 0.01875
0 1.0234375 0.6421875 0.01875 0.025
0 0.9578125 0.6140625 0.01875 0.01875
0 0.8984375 0.62578125 0.009375 0.0234375
0 0.975 0.7328125 0.01875 0.028125
0 1.196875 0.640625 0.015625 0.025
0 1.1515625 0.60703125 0.0125 0.0203125
0 1.36328125 0.6671875 0.0140625 0.028125
0 1.28359375 0.6515625 0.0171875 0.025
0 1.27265625 0.63359375 0.0140625 0.0234375
0 1.2953125 0.6890625 0.015625 0.028125
0 1.34375 0.78046875 0.01875 0.0359375
0 1.3234375 0.7625 0.021875 0.03125
0 1.21953125 0.70234375 0.0171875 0.0234375
0 1.2953125 0.54140625 0.009375 0.0109375
0 0.9515625 0.4984375 0.009375 0.009375
0 0.92578125 0.50546875 0.0109375 0.0109375
0 0.803125 0.61171875 0.025 0.0203125
0 0.81484375 0.71953125 0.0140625 0.0328125
0 0.9296875 0.66484375 0.015625 0.0265625
0 0.7171875 0.5015625 0.00625 0.009375
0 0.7203125 0.61171875 0.015625 0.0234375
0 0.65234375 0.6125 0.0140625 0.01875
0 0.5421875 0.609375 0.01875 0.025
0 0.46796875 0.56953125 0.0109375 0.0109375
0 0.56953125 0.47421875 0.0109375 0.0140625
0 0.403125 0.50703125 0.009375 0.0078125
0 0.4296875 0.48203125 0.00625 0.0078125
0 0.378125 0.5125 0.009375 0.009375
0 0.0984375 0.52578125 0.009375 0.0046875
0 0.090625 0.5765625 0.01875 0.021875
0 0.08203125 0.61953125 0.0140625 0.0203125
0 0.09765625 0.653125 0.0140625 0.028125
0 0.146875 0.62265625 0.015625 0.0265625
0 0.1625 0.61328125 0.015625 0.0234375
0 0.203125 0.6140625 0.015625 0.021875
0 0.19765625 0.640625 0.0203125 0.021875
0 0.23203125 0.72265625 0.0171875 0.0234375
0 0.159375 0.7828125 0.025 0.03125
0 0.27734375 0.628125 0.0140625 0.021875
0 0.28203125 0.6046875 0.0140625 0.01875
0 0.3203125 0.615625 0.0125 0.01875
0 0.3421875 0.62578125 0.015625 0.0203125
0 0.37890625 0.62265625 0.0140625 0.0203125
0 0.39375 0.59921875 0.0125 0.0203125
0 0.41640625 0.61328125 0.0140625 0.0203125
0 0.40234375 0.63203125 0.0140625 0.0203125
0 0.41875 0.596875 0.0125 0.01875
0 0.4546875 0.61796875 0.01875 0.0234375
0 0.47109375 0.61484375 0.0140625 0.0203125
0 0.54921875 0.690625 0.0140625 0.034375
0 0.05 0.62734375 0.015625 0.0203125
0 0.028125 0.6484375 0.0125 0.028125
0 0.22734375 0.61640625 0.0109375 0.0203125
0 0.86953125 0.640625 0.0140625 0.025
0 1.38046875 0.50234375 0.0140625 0.0171875
0 1.0375 0.62890625 0.01875 0.0234375
0 0.4125 0.68671875 0.021875 0.0328125
0 0.40390625 0.815625 0.0203125 0.04375
0 0.478125 0.5796875 0.009375 0.0125
