0 1.5234375 0.56171875 0.0125 0.0203125
0 1.46640625 0.57734375 0.0140625 0.0203125
0 0.8171875 0.35859375 0.071875 0.0890625
0 0.4265625 0.8515625 0.078125 0.0875
0 0.571875 0.83125 0.06875 0.0875
0 1.065625 0.8078125 0.06875 0.0875
0 1.1703125 0.86875 0.075 0.090625
0 0.95078125 1.08046875 0.0796875 0.0921875
0 0.80234375 1.090625 0.0828125 0.0875
0 0.6453125 1.0875 0.078125 0.09375
0 0.36171875 1.2734375 0.0890625 0.1
0 0.6078125 1.2609375 0.09375 0.109375
0 0.8390625 1.50703125 0.09375 0.1171875
0 1.05546875 1.30078125 0.0921875 0.1109375
0 1.20703125 1.31484375 0.0921875 0.1015625
