0 0.2546875 1.06640625 0.071875 0.0734375
0 0.38515625 1.0671875 0.0703125 0.075
0 0.5921875 1.04765625 0.065625 0.0796875
0 0.7875 1.0546875 0.065625 0.075
0 0.96640625 1.03359375 0.0734375 0.0703125
0 1.1453125 1.0109375 0.06875 0.071875
0 1.35703125 0.99765625 0.0640625 0.0671875
0 0.18515625 0.659375 0.0703125 0.078125
0 0.35703125 0.671875 0.0734375 0.075
0 0.5328125 0.63515625 0.071875 0.0828125
0 0.675 0.66484375 0.071875 0.0890625
0 0.821875 0.6453125 0.0625 0.071875
0 0.9671875 0.60390625 0.06875 0.0703125
0 1.13359375 0.6265625 0.0703125 0.084375
0 1.25546875 0.628125 0.0671875 0.075
0 0.2828125 0.53203125 0.059375 0.0640625
0 0.38359375 0.4890625 0.0515625 0.065625
0 0.51875 0.50546875 0.0625 0.0671875
0 0.60078125 0.515625 0.0609375 0.071875
0 0.68046875 0.4875 0.0609375 0.071875
0 0.81640625 0.5171875 0.0515625 0.059375
0 0.89453125 0.4765625 0.0578125 0.075
0 0.98828125 0.47421875 0.0546875 0.0671875
0 1.08203125 0.503125 0.0578125 0.078125
0 1.20078125 0.46328125 0.0578125 0.0734375
0 0.45546875 0.3671875 0.0546875 0.05625
0 0.56328125 0.35234375 0.0578125 0.0671875
0 0.66796875 0.33671875 0.0515625 0.0609375
0 0.79765625 0.34140625 0.0546875 0.0671875
0 0.9234375 0.35 0.053125 0.059375
0 1.053125 0.33125 0.05625 0.065625
0 1.18359375 0.37265625 0.0546875 0.0640625
