0 0.68984375 0.42734375 0.0328125 0.0390625
0 0.74609375 0.41484375 0.0328125 0.0421875
0 0.821875 0.4015625 0.0375 0.04375
0 0.0609375 0.45390625 0.021875 0.0296875
0 0.09296875 0.42421875 0.0328125 0.0421875
0 0.39765625 0.40078125 0.0328125 0.0390625
0 0.2265625 0.41328125 0.021875 0.0296875
0 0.69375 0.67265625 0.1375 0.1203125
0 1.46796875 0.421875 0.0359375 0.04375
0 1.28515625 0.43125 0.0390625 0.0375
0 1.21875 0.41640625 0.034375 0.0453125
0 1.16484375 0.384375 0.0328125 0.04375
0 1.08203125 0.40625 0.0328125 0.040625
0 1.01484375 0.42109375 0.0296875 0.0359375
0 0.6125 0.4625 0.034375 0.0375
