0 0.42109375 0.140625 0.0796875 0.090625
0 0.56015625 0.09140625 0.0734375 0.0828125
0 0.6953125 0.10546875 0.08125 0.0921875
0 0.81640625 0.08515625 0.0765625 0.0859375
0 0.9453125 0.103125 0.078125 0.09375
0 1.0703125 0.12578125 0.084375 0.0984375
0 0.7890625 0.18671875 0.090625 0.1078125
0 1.11171875 0.2609375 0.0796875 0.09375
0 1.134375 0.40859375 0.090625 0.1359375
0 0.81171875 0.36640625 0.0890625 0.1078125
0 0.5546875 0.3234375 0.08125 0.10625
0 0.5578125 0.51953125 0.08125 0.0953125
0 0.26640625 0.37109375 0.0734375 0.0953125
0 1.34609375 0.34375 0.0859375 0.09375
0 1.26328125 0.4796875 0.0828125 0.1
0 0.41640625 0.31171875 0.0796875 0.0921875
