0 0.34609375 0.47109375 0.0765625 0.0953125
0 0.5578125 0.49609375 0.084375 0.1015625
0 0.765625 0.5578125 0.08125 0.103125
0 0.91328125 0.625 0.0796875 0.103125
0 1.0375 0.590625 0.078125 0.09375
0 1.23203125 0.246875 0.0796875 0.1
0 1.0359375 0.2984375 0.078125 0.103125
0 0.90703125 0.321875 0.0703125 0.09375
0 0.74609375 0.2984375 0.0765625 0.090625
0 0.83984375 0.24765625 0.0765625 0.0984375
0 0.6453125 0.28671875 0.071875 0.0765625
0 0.51875 0.24375 0.078125 0.1
0 0.40078125 0.32109375 0.0796875 0.0921875
0 1.1390625 0.175 0.071875 0.090625
0 0.18203125 0.4921875 0.0078125 0.0125
0 0.21484375 0.50078125 0.0078125 0.0109375
0 0.03046875 0.49375 0.0078125 0.01875
0 0.13828125 0.51484375 0.0046875 0.0109375
