0 0.25390625 0.62265625 0.1109375 0.1265625
0 0.37265625 0.53984375 0.0984375 0.1171875
0 0.46015625 0.3875 0.1015625 0.128125
0 0.6078125 0.321875 0.109375 0.1125
0 0.75390625 0.34453125 0.1140625 0.1234375
0 0.95859375 0.296875 0.0828125 0.1125
0 1.05390625 0.30390625 0.0921875 0.1203125
0 1.140625 0.28671875 0.090625 0.1171875
0 1.31171875 0.34609375 0.1015625 0.1203125
0 1.3828125 0.31796875 0.0625 0.1109375
0 1.43515625 0.325 0.0765625 0.125
0 1.4828125 0.26015625 0.084375 0.1171875
0 0.00703125 0.48671875 0.0140625 0.1171875
