0 0.14609375 0.4875 0.0578125 0.0625
0 0.38828125 0.40859375 0.0546875 0.0640625
0 0.61484375 0.32265625 0.0546875 0.0671875
0 0.82578125 0.328125 0.0515625 0.059375
0 0.01640625 0.58203125 0.0265625 0.0453125
0 0.2125 0.53984375 0.03125 0.0390625
0 1.0375 0.3875 0.046875 0.053125
0 1.2609375 0.4140625 0.046875 0.059375
0 1.10078125 0.3453125 0.0296875 0.04375
0 1.484375 0.453125 0.04375 0.059375
0 1.26875 0.33046875 0.01875 0.0265625
0 1.371875 0.396875 0.025 0.03125
0 1.39296875 0.31484375 0.0234375 0.0296875
0 1.21015625 0.34140625 0.0234375 0.0265625
