0 0.59453125 0.1515625 0.0640625 0.071875
0 0.79921875 0.21171875 0.0734375 0.0828125
0 0.690625 0.2328125 0.021875 0.025
0 0.7296875 0.22265625 0.025 0.0296875
0 0.7765625 0.26796875 0.025 0.0328125
0 1.10234375 0.23046875 0.0265625 0.0328125
0 1.1984375 0.2234375 0.028125 0.034375
0 1.29765625 0.22890625 0.0234375 0.0296875
0 1.25234375 0.0625 0.0234375 0.03125
0 1.3296875 0.065625 0.021875 0.028125
0 1.35859375 0.05625 0.0234375 0.028125
0 1.3859375 0.03515625 0.025 0.0265625
0 1.4171875 0.06640625 0.021875 0.0234375
0 1.49140625 0.05234375 0.0203125 0.0265625
0 1.48125 0.21875 0.034375 0.0375
0 1.59140625 0.21875 0.0171875 0.0375
0 1.5671875 0.1875 0.021875 0.01875
0 1.54765625 0.1125 0.0234375 0.025
0 1.5953125 0.09609375 0.009375 0.0234375
0 1.5546875 0.0515625 0.021875 0.028125
0 1.59453125 0.046875 0.0109375 0.025
0 1.53203125 0.03359375 0.0234375 0.0234375
0 1.39375 0.17109375 0.025 0.0203125
