0 0.15234375 0.11640625 0.0484375 0.0578125
0 0.33125 0.15859375 0.04375 0.0546875
0 0.51796875 0.16796875 0.0484375 0.0609375
0 0.72109375 0.1390625 0.0484375 0.059375
0 0.8796875 0.18203125 0.040625 0.0546875
0 1.075 0.21171875 0.046875 0.0515625
0 1.15625 0.12265625 0.046875 0.0640625
0 1.24140625 0.2125 0.0484375 0.05625
0 1.1609375 0.2625 0.053125 0.065625
0 1.01953125 0.278125 0.0453125 0.05
0 0.88984375 0.27890625 0.0484375 0.0515625
0 0.73671875 0.26328125 0.0484375 0.0515625
0 0.69140625 0.36171875 0.0484375 0.0609375
0 0.83359375 0.409375 0.0484375 0.05
0 0.7390625 0.46640625 0.05625 0.0515625
0 0.93046875 0.44921875 0.0546875 0.0578125
0 0.9734375 0.36875 0.05 0.05625
0 1.084375 0.36484375 0.05 0.0578125
0 1.1984375 0.37734375 0.05 0.0546875
0 1.0515625 0.46015625 0.046875 0.0546875
0 1.1578125 0.46953125 0.05 0.0515625
0 1.29375 0.5375 0.05 0.0625
0 1.4 0.48203125 0.05 0.0609375
0 0.19609375 0.2453125 0.0515625 0.053125
0 0.3390625 0.24921875 0.046875 0.0578125
0 0.46953125 0.22421875 0.0515625 0.0578125
0 0.60078125 0.24453125 0.0515625 0.0578125
0 0.1546875 0.40390625 0.05 0.0609375
0 0.30703125 0.37890625 0.0515625 0.0671875
0 0.44453125 0.35703125 0.0515625 0.0578125
0 0.58203125 0.384375 0.0515625 0.05625
0 0.25546875 0.59921875 0.0578125 0.0640625
0 0.4375 0.6203125 0.059375 0.065625
0 0.465625 0.46953125 0.05 0.0578125
0 0.60078125 0.47734375 0.0484375 0.0546875
0 0.63984375 0.59921875 0.0578125 0.0703125
0 0.78125 0.5875 0.053125 0.065625
0 1.49140625 0.6 0.0515625 0.05625
0 1.26171875 0.65234375 0.0484375 0.0515625
0 1.13125 0.63203125 0.05 0.0609375
0 0.95546875 0.60078125 0.0578125 0.0734375
