0 0.11640625 0.3640625 0.0609375 0.059375
0 0.24609375 0.4234375 0.0546875 0.0625
0 0.384375 0.459375 0.05625 0.0625
0 0.42890625 0.4 0.0546875 0.059375
0 0.4046875 0.3328125 0.05625 0.065625
0 0.5359375 0.4671875 0.05625 0.065625
0 0.5734375 0.3765625 0.05625 0.059375
0 0.6890625 0.47265625 0.059375 0.0671875
0 0.7328125 0.39765625 0.059375 0.0703125
0 0.9265625 0.3828125 0.075 0.075
0 0.8703125 0.4828125 0.059375 0.075
0 1.040625 0.48828125 0.0625 0.0703125
0 1.20859375 0.2765625 0.0640625 0.075
0 1.11953125 0.38515625 0.0609375 0.0765625
0 1.3859375 0.3015625 0.071875 0.084375
0 1.2203125 0.49765625 0.059375 0.0671875
0 1.4140625 0.521875 0.0625 0.075
