0 0.284375 0.38125 0.0625 0.059375
0 0.88046875 0.478125 0.0671875 0.05625
0 0.6234375 0.590625 0.090625 0.05
0 0.6265625 0.94765625 0.0625 0.0453125
0 1.46875 0.3890625 0.075 0.0625
0 0.88828125 0.28828125 0.0234375 0.0359375
0 0.9703125 0.2828125 0.028125 0.034375
0 1.046875 0.36796875 0.03125 0.0359375
0 1.0390625 0.4703125 0.0375 0.04375
0 1.15625 0.271875 0.025 0.034375
0 1.1609375 0.44296875 0.03125 0.0359375
0 1.18359375 0.5015625 0.0328125 0.0375
0 1.246875 0.275 0.028125 0.034375
0 1.33359375 0.3078125 0.0234375 0.028125
0 1.4296875 0.27578125 0.028125 0.0359375
0 1.55859375 0.2640625 0.0265625 0.034375
0 1.56328125 0.43046875 0.0296875 0.0453125
0 0.6640625 0.46015625 0.028125 0.0390625
0 0.0125 0.30546875 0.025 0.0296875
0 1.4578125 0.3546875 0.028125 0.034375
