0 0.27578125 0.92265625 0.0921875 0.2328125
0 0.740625 0.81796875 0.071875 0.1015625
0 0.77109375 0.721875 0.0734375 0.084375
0 0.3921875 0.39921875 0.015625 0.0234375
0 0.35859375 0.396875 0.0171875 0.0125
0 0.51015625 0.38671875 0.0140625 0.0203125
0 0.55546875 0.46640625 0.0328125 0.0421875
0 0.9 0.603125 0.0125 0.015625
0 0.8265625 0.61328125 0.009375 0.0140625
0 1.0390625 0.51953125 0.009375 0.0109375
0 1.36796875 0.59296875 0.0140625 0.0171875
0 1.428125 0.61328125 0.009375 0.0171875
0 0.48125 0.4078125 0.009375 0.021875
0 0.60546875 0.41015625 0.0109375 0.0328125
0 0.85078125 0.4765625 0.0078125 0.009375
0 0.84296875 0.5203125 0.0078125 0.009375
0 0.9609375 0.5484375 0.009375 0.015625
0 0.96796875 0.51953125 0.0078125 0.0109375
0 0.99375 0.5484375 0.009375 0.009375
0 1.04453125 0.55546875 0.0078125 0.0109375
0 1.0640625 0.528125 0.009375 0.009375
0 1.04765625 0.534375 0.0078125 0.009375
0 1.40390625 0.534375 0.0078125 0.0125
0 1.38046875 0.52578125 0.0078125 0.0109375
0 1.3625 0.52109375 0.00625 0.0078125
0 1.32109375 0.51875 0.0078125 0.009375
0 1.5859375 0.6578125 0.0125 0.01875
0 1.17734375 0.5765625 0.0109375 0.009375
0 1.18203125 0.52734375 0.0078125 0.0109375
