0 0.38671875 0.7828125 0.0109375 0.01875
0 0.44375 0.784375 0.0125 0.0125
0 0.49453125 0.8015625 0.0140625 0.01875
0 0.6703125 0.80234375 0.015625 0.0171875
0 0.7953125 0.66328125 0.0125 0.0203125
0 0.4828125 0.69609375 0.009375 0.0109375
0 0.62734375 0.69921875 0.0078125 0.0109375
0 0.1640625 0.7359375 0.0125 0.0125
0 1.50390625 0.5453125 0.0078125 0.009375
0 1.03203125 0.7546875 0.0171875 0.01875
0 1.0890625 0.740625 0.01875 0.01875
0 1.25234375 0.76640625 0.0140625 0.0140625
0 1.25546875 0.93125 0.0234375 0.028125
0 1.49375 0.878125 0.015625 0.015625
0 1.55625 0.90078125 0.01875 0.0203125
0 1.56796875 0.87109375 0.0171875 0.0140625
0 0.06640625 1.04921875 0.0359375 0.0421875
0 0.30390625 1.07890625 0.0359375 0.0515625
0 0.20625 1.121875 0.03125 0.046875
0 1.47421875 0.77421875 0.0078125 0.0078125
0 0.06328125 0.71875 0.0171875 0.021875
0 0.5625 0.415625 0.00625 0.009375
0 0.5234375 0.39921875 0.00625 0.0078125
0 0.49609375 0.403125 0.0046875 0.009375
0 0.62265625 0.43046875 0.0078125 0.0109375
0 0.07734375 0.35703125 0.0078125 0.0078125
0 0.06171875 0.4171875 0.0078125 0.009375
0 0.196875 0.74609375 0.009375 0.0109375
0 1.24765625 0.4265625 0.0078125 0.009375
