0 0.1859375 0.60234375 0.015625 0.0203125
0 0.065625 0.759375 0.009375 0.015625
0 0.58515625 0.31328125 0.0078125 0.0109375
0 0.67109375 0.26328125 0.0078125 0.0109375
0 0.7125 0.265625 0.00625 0.009375
0 0.659375 0.2671875 0.00625 0.009375
0 0.63046875 0.2125 0.0078125 0.009375
0 0.66484375 0.2125 0.0046875 0.00625
0 0.10078125 0.190625 0.0078125 0.009375
0 0.0890625 0.19921875 0.00625 0.0078125
0 1.00390625 0.2375 0.0046875 0.00625
0 1.38515625 0.19140625 0.0078125 0.0109375
0 1.39453125 0.30546875 0.0109375 0.0140625
