0 0.19609375 0.29921875 0.0453125 0.0578125
0 0.30703125 0.31953125 0.0421875 0.0578125
0 0.10703125 0.47734375 0.0453125 0.0640625
0 0.215625 0.47734375 0.040625 0.0578125
0 0.14609375 0.60859375 0.0421875 0.0640625
0 0.14921875 0.7515625 0.0453125 0.0625
0 0.27734375 0.7609375 0.0453125 0.0625
0 0.39453125 0.31953125 0.0390625 0.0578125
0 0.46015625 0.3203125 0.0453125 0.05625
0 0.52109375 0.321875 0.0453125 0.059375
0 0.34296875 0.4734375 0.0484375 0.05625
0 0.4703125 0.4640625 0.05 0.05625
0 0.5765625 0.47109375 0.04375 0.0546875
0 0.284375 0.62265625 0.05 0.0609375
0 0.41484375 0.61640625 0.0484375 0.0578125
0 0.415625 0.76171875 0.04375 0.0578125
0 0.61015625 0.325 0.0421875 0.046875
0 0.70859375 0.32734375 0.0453125 0.0578125
0 0.8296875 0.33046875 0.040625 0.0546875
0 0.65859375 0.471875 0.0390625 0.053125
0 0.7453125 0.48046875 0.04375 0.0640625
0 0.8328125 0.47890625 0.04375 0.0578125
0 0.55546875 0.62109375 0.0453125 0.0640625
0 0.67890625 0.6234375 0.0421875 0.053125
0 0.78984375 0.62265625 0.0421875 0.0640625
0 0.5453125 0.7703125 0.04375 0.0625
0 0.6640625 0.76875 0.046875 0.0625
0 0.7875 0.78203125 0.046875 0.0640625
0 0.9390625 0.33515625 0.0375 0.0609375
0 1.04296875 0.3328125 0.0359375 0.05625
0 0.93671875 0.47421875 0.0390625 0.0609375
0 1.07421875 0.484375 0.0421875 0.05625
0 1.15703125 0.35234375 0.0453125 0.0578125
0 1.26953125 0.3421875 0.0390625 0.05625
0 1.39453125 0.3328125 0.0390625 0.059375
0 1.19140625 0.48984375 0.0453125 0.0578125
0 1.328125 0.48359375 0.040625 0.0609375
0 1.44375 0.50703125 0.046875 0.0546875
0 1.15234375 0.61171875 0.0453125 0.0609375
0 1.29140625 0.61875 0.0453125 0.059375
0 1.4265625 0.64765625 0.046875 0.0546875
0 1.50625 0.64765625 0.046875 0.0546875
0 0.90390625 0.6203125 0.0421875 0.05625
0 1.03203125 0.61875 0.0453125 0.0625
0 0.909375 0.7671875 0.046875 0.059375
0 1.05390625 0.76328125 0.0453125 0.0578125
0 1.18984375 0.76953125 0.0453125 0.0609375
0 1.3390625 0.8015625 0.04375 0.0625
