0 0.121875 0.2296875 0.053125 0.0625
0 0.2046875 0.275 0.065625 0.084375
0 0.3265625 0.2296875 0.059375 0.075
0 0.3640625 0.18203125 0.046875 0.0609375
0 0.434375 0.2265625 0.05625 0.065625
0 0.51484375 0.2171875 0.0453125 0.071875
0 0.390625 0.32734375 0.059375 0.0828125
0 0.52890625 0.34453125 0.0609375 0.0859375
0 0.58046875 0.225 0.0515625 0.06875
0 0.6796875 0.2171875 0.05 0.059375
0 0.8484375 0.1921875 0.04375 0.065625
0 0.80859375 0.34140625 0.0546875 0.0671875
0 0.69453125 0.36875 0.0546875 0.075
0 0.13984375 0.4515625 0.0640625 0.071875
0 0.28046875 0.50625 0.0703125 0.084375
0 0.46171875 0.5046875 0.0578125 0.078125
0 0.6359375 0.48828125 0.0625 0.0890625
0 0.9765625 0.22578125 0.05 0.0703125
0 0.9640625 0.3171875 0.05625 0.075
0 1.0484375 0.3484375 0.05625 0.078125
0 0.8015625 0.53671875 0.0625 0.0828125
0 0.96640625 0.51015625 0.0609375 0.0796875
0 1.1265625 0.16875 0.05 0.065625
0 1.30703125 0.23671875 0.0515625 0.0671875
0 1.16953125 0.34296875 0.0484375 0.0734375
0 1.31328125 0.34453125 0.0609375 0.0765625
0 1.42734375 0.3421875 0.0671875 0.0875
0 1.10234375 0.52265625 0.0578125 0.0796875
0 1.23125 0.515625 0.0625 0.075
0 1.375 0.5015625 0.0625 0.078125
