0 0.8109375 0.621875 0.015625 0.01875
0 0.37421875 0.5765625 0.0640625 0.0875
0 0.546875 0.50546875 0.009375 0.0171875
0 0.49921875 0.5359375 0.0109375 0.0125
0 0.52265625 0.5859375 0.0421875 0.053125
0 0.5625 0.59296875 0.025 0.0390625
0 0.6125 0.60546875 0.021875 0.0359375
0 0.69140625 0.6125 0.0265625 0.034375
0 0.715625 0.59375 0.01875 0.0375
0 0.665625 0.53984375 0.009375 0.0171875
0 0.79375 0.63046875 0.025 0.0265625
0 0.659375 0.596875 0.01875 0.028125
0 0.83046875 0.61171875 0.0171875 0.0234375
0 0.84921875 0.60625 0.0140625 0.015625
0 0.8703125 0.61015625 0.01875 0.0234375
0 0.91328125 0.59765625 0.0171875 0.0203125
0 0.76953125 0.61328125 0.0140625 0.0203125
0 0.896875 0.62578125 0.015625 0.0171875
0 1.015625 0.60703125 0.0125 0.0140625
0 1.51875 0.59765625 0.009375 0.0171875
0 1.52265625 0.6171875 0.0109375 0.015625
0 1.58515625 0.60234375 0.0078125 0.0140625
0 1.5515625 0.58515625 0.00625 0.0140625
0 0.02734375 0.6265625 0.0453125 0.071875
0 0.1578125 0.6375 0.04375 0.0625
0 0.109375 0.57578125 0.01875 0.0328125
0 0.25703125 0.47109375 0.0203125 0.0265625
0 0.2984375 0.52421875 0.0125 0.0171875
0 0.32578125 0.59765625 0.0296875 0.0390625
0 0.934375 0.61640625 0.009375 0.0140625
0 0.96328125 0.6015625 0.0078125 0.0125
0 1.1609375 0.60625 0.0125 0.009375
0 1.20234375 0.61328125 0.0109375 0.0109375
0 1.121875 0.60625 0.009375 0.009375
0 1.1015625 0.61015625 0.0125 0.0140625
0 1.4140625 0.61015625 0.00625 0.0109375
0 1.36015625 0.6046875 0.0078125 0.009375
0 1.29296875 0.60234375 0.0078125 0.0078125
0 1.0671875 0.61015625 0.009375 0.0109375
0 0.98671875 0.61171875 0.0078125 0.0109375
0 1.1359375 0.63828125 0.0125 0.0140625
