0 1.33515625 0.22734375 0.0609375 0.0671875
0 0.53515625 0.26875 0.0078125 0.009375
0 0.51875 0.26796875 0.00625 0.0078125
0 0.5625 0.26953125 0.009375 0.0109375
0 0.7671875 0.265625 0.015625 0.01875
0 0.83984375 0.28359375 0.0109375 0.0171875
0 0.92578125 0.23828125 0.0203125 0.0296875
0 0.97265625 0.2703125 0.0203125 0.021875
0 1.02734375 0.2765625 0.0171875 0.025
0 1.06640625 0.2859375 0.0203125 0.028125
0 1.06875 0.25390625 0.021875 0.0296875
0 1.13203125 0.29375 0.0265625 0.03125
0 1.18828125 0.27265625 0.0328125 0.0359375
0 1.22734375 0.25234375 0.0234375 0.0359375
0 1.28828125 0.25 0.0234375 0.034375
0 1.475 0.28359375 0.034375 0.0484375
0 0.865625 0.26015625 0.01875 0.0203125
0 0.27734375 0.26875 0.0046875 0.00625
0 0.69921875 0.26640625 0.0140625 0.0140625
0 1.57109375 0.28125 0.0390625 0.05
0 1.5359375 0.271875 0.025 0.028125
0 0.1828125 0.26328125 0.00625 0.0046875
0 0.2125 0.2671875 0.00625 0.00625
0 0.159375 0.26484375 0.00625 0.0078125
0 0.63203125 0.25703125 0.0109375 0.0140625
0 0.684375 0.27421875 0.0125 0.0140625
0 0.71953125 0.3015625 0.0109375 0.0125
0 0.61875 0.2703125 0.009375 0.009375
0 0.596875 0.259375 0.009375 0.009375
0 0.665625 0.2734375 0.009375 0.0125
0 0.72890625 0.28125 0.0078125 0.0125
