0 0.5578125 0.2265625 0.053125 0.059375
0 0.2265625 0.27421875 0.046875 0.0515625
0 0.115625 0.32421875 0.059375 0.0640625
0 0.0609375 0.2578125 0.046875 0.059375
0 0.1375 0.2625 0.034375 0.04375
0 0.6078125 0.228125 0.05 0.0625
0 0.85703125 0.2515625 0.0359375 0.065625
0 1.5890625 0.21640625 0.021875 0.0609375
0 1.54453125 0.01015625 0.0203125 0.0203125
0 1.4578125 0.00546875 0.021875 0.0109375
0 1.2109375 0.28203125 0.14375 0.2265625
0 0.34609375 0.25625 0.1765625 0.20625
0 1.49375 0.29140625 0.05625 0.0671875
0 1.46640625 0.2203125 0.0453125 0.05625
0 1.11796875 0.278125 0.0546875 0.05625
0 0.796875 0.22421875 0.04375 0.0578125
0 0.6796875 0.2328125 0.05 0.0625
0 0.17578125 0.29375 0.0390625 0.034375
0 1.06328125 0.1703125 0.0265625 0.0375
