0 1.05078125 0.68125 0.0109375 0.015625
0 0.49609375 0.640625 0.0296875 0.04375
0 0.57890625 0.665625 0.0203125 0.04375
0 0.5453125 0.77734375 0.046875 0.0765625
0 0.32578125 0.92265625 0.0859375 0.1203125
0 0.634375 0.8640625 0.059375 0.0875
0 0.77734375 0.79609375 0.0265625 0.0453125
0 0.70859375 0.6859375 0.0140625 0.03125
0 0.66796875 0.6671875 0.0234375 0.0375
0 0.6265625 0.65 0.025 0.034375
0 0.82890625 0.78203125 0.0203125 0.0296875
0 0.89765625 0.71796875 0.0171875 0.0296875
0 1.14609375 0.896875 0.0296875 0.053125
0 1.040625 0.84921875 0.01875 0.0328125
0 1.190625 0.9859375 0.040625 0.06875
0 1.39296875 0.77421875 0.0109375 0.0140625
0 0.8546875 1.04765625 0.059375 0.0828125
0 1.02578125 1.153125 0.0546875 0.090625
0 0.0625 0.5609375 0.0375 0.034375
0 0.0734375 0.62734375 0.05 0.0671875
0 0.184375 0.571875 0.0375 0.028125
0 0.34921875 0.634375 0.0234375 0.04375
0 1.58046875 0.978125 0.0140625 0.028125
0 1.13984375 0.8078125 0.0203125 0.028125
0 1.203125 0.83984375 0.01875 0.0203125
0 1.24375 0.89453125 0.01875 0.0296875
0 1.178125 0.88125 0.021875 0.025
0 1.3421875 0.928125 0.015625 0.025
0 1.38046875 0.89609375 0.0140625 0.0203125
0 1.28359375 0.8515625 0.0109375 0.015625
0 0.415625 0.6734375 0.0375 0.046875
0 0.1296875 0.5203125 0.015625 0.01875
0 0.01015625 0.56015625 0.0109375 0.0296875
0 0.009375 0.5140625 0.009375 0.021875
0 0.00703125 0.459375 0.0078125 0.01875
0 0.10625 0.53671875 0.01875 0.0234375
0 0.3234375 0.55546875 0.021875 0.0265625
0 0.4203125 0.575 0.0125 0.01875
0 0.3984375 0.56328125 0.015625 0.0171875
0 0.75546875 0.67578125 0.0171875 0.0203125
0 0.78984375 0.6921875 0.0171875 0.01875
0 0.82578125 0.71171875 0.0140625 0.0296875
0 0.84453125 0.78203125 0.0203125 0.0328125
0 0.97578125 0.76640625 0.0265625 0.0296875
0 1.06328125 0.79296875 0.0203125 0.0234375
0 1.25703125 0.91015625 0.0265625 0.0390625
