0 1.24453125 0.865625 0.0828125 0.115625
0 1.42734375 0.6578125 0.0640625 0.11875
0 1.19609375 0.35703125 0.0578125 0.0703125
0 1.40234375 0.13203125 0.0453125 0.0578125
0 0.89921875 0.14375 0.0453125 0.05625
0 0.8765625 0.059375 0.0375 0.04375
0 0.6796875 0.2625 0.040625 0.053125
0 0.56328125 0.328125 0.0484375 0.0625
0 0.19296875 0.415625 0.0546875 0.0625
0 0.17109375 0.5375 0.0453125 0.06875
0 0.159375 0.9046875 0.053125 0.09375
0 0.52265625 0.671875 0.0484375 0.0875
0 0.94921875 0.54765625 0.0453125 0.0609375
0 0.865625 0.428125 0.05625 0.075
0 0.7359375 0.025 0.028125 0.034375
0 0.6 0.1953125 0.04375 0.053125
