0 0.12890625 0.05703125 0.0453125 0.0515625
0 0.20859375 0.0890625 0.0171875 0.01875
0 0.234375 0.08046875 0.015625 0.0171875
0 0.45078125 0.06875 0.0109375 0.009375
0 0.39453125 0.06484375 0.0109375 0.0203125
0 0.55625 0.08671875 0.015625 0.0140625
0 0.63046875 0.025 0.0453125 0.05
0 0.8203125 0.053125 0.021875 0.025
0 0.72421875 0.22890625 0.0109375 0.0203125
0 0.70859375 0.06015625 0.0109375 0.0171875
0 1.13203125 0.04765625 0.0109375 0.0203125
0 1.23515625 0.09375 0.0171875 0.028125
0 1.38203125 0.11796875 0.0171875 0.0234375
0 1.43984375 0.1109375 0.0140625 0.015625
0 1.521875 0.12578125 0.0125 0.0140625
0 1.2796875 0.065625 0.009375 0.015625
0 1.2421875 0.0484375 0.009375 0.01875
0 1.04921875 0.07734375 0.0109375 0.0171875
0 1.03203125 0.04609375 0.0046875 0.0140625
0 0.88515625 0.05 0.0109375 0.0125
