0 0.0390625 0.2375 0.01875 0.021875
0 0.1796875 0.12265625 0.025 0.0296875
0 0.26328125 0.1359375 0.0203125 0.025
0 0.2328125 0.10234375 0.00625 0.0078125
0 0.278125 0.19375 0.0125 0.01875
0 1.51640625 0.153125 0.0171875 0.034375
0 0.40625 0.5484375 0.034375 0.065625
0 0.44921875 0.578125 0.0546875 0.040625
0 0.8140625 0.4984375 0.046875 0.065625
0 1.25859375 0.44375 0.0546875 0.071875
0 0.54296875 0.0234375 0.0171875 0.028125
0 0.64296875 0.0796875 0.0234375 0.028125
0 0.73828125 0.08046875 0.0265625 0.0328125
0 0.80078125 0.04609375 0.0234375 0.0359375
0 0.87578125 0.09375 0.0265625 0.03125
0 0.34765625 0.10078125 0.0171875 0.0140625
0 0.43203125 0.22109375 0.0234375 0.0203125
0 0.46015625 0.0953125 0.0140625 0.0125
0 1.209375 0.16171875 0.025 0.0265625
0 1.3015625 0.1796875 0.015625 0.03125
