0 0.49609375 0.49765625 0.0171875 0.0265625
0 0.52578125 0.52109375 0.0140625 0.0234375
0 0.53671875 0.55625 0.0171875 0.015625
0 0.58046875 0.559375 0.0234375 0.025
0 0.628125 0.54453125 0.0125 0.0234375
0 0.64375 0.56640625 0.01875 0.0265625
0 0.703125 0.56875 0.021875 0.03125
0 0.7328125 0.55625 0.01875 0.025
0 0.7828125 0.5546875 0.021875 0.021875
0 0.821875 0.5734375 0.025 0.03125
0 0.90390625 0.55546875 0.0234375 0.0328125
0 0.96171875 0.584375 0.0265625 0.0375
0 0.99453125 0.57421875 0.0234375 0.0296875
0 1.06796875 0.59765625 0.0265625 0.0359375
0 1.109375 0.58359375 0.021875 0.0296875
0 1.27265625 0.60234375 0.0265625 0.0359375
