0 1.396875 0.55625 0.015625 0.015625
0 1.378125 0.62109375 0.01875 0.0265625
0 1.2828125 0.60546875 0.0125 0.0109375
0 1.265625 0.553125 0.015625 0.01875
0 1.24609375 0.5296875 0.0140625 0.0125
0 1.146875 0.54609375 0.0125 0.0140625
0 1.1296875 0.58984375 0.015625 0.0171875
0 1.034375 0.54921875 0.015625 0.0140625
0 0.98203125 0.57421875 0.0140625 0.0234375
0 0.93984375 0.53125 0.0140625 0.015625
0 0.97265625 0.5015625 0.0140625 0.015625
0 0.96796875 0.6453125 0.0203125 0.021875
0 1.115625 0.653125 0.01875 0.025
0 0.88671875 0.6578125 0.0171875 0.01875
0 0.7609375 0.6609375 0.01875 0.015625
0 0.82890625 0.58203125 0.0140625 0.0171875
0 0.815625 0.5359375 0.015625 0.01875
0 0.709375 0.571875 0.015625 0.015625
0 0.634375 0.67109375 0.01875 0.0265625
0 0.6 0.6265625 0.015625 0.021875
0 0.59765625 0.578125 0.0171875 0.021875
0 0.70859375 0.525 0.0109375 0.0125
0 0.665625 0.5109375 0.009375 0.009375
0 0.5265625 0.6734375 0.01875 0.021875
0 0.434375 0.66796875 0.015625 0.0234375
0 0.55078125 0.5484375 0.0140625 0.01875
0 0.49140625 0.565625 0.0109375 0.0125
0 0.5109375 0.5109375 0.009375 0.015625
0 1.28359375 0.6671875 0.0140625 0.015625
0 0.7296875 0.5984375 0.0125 0.015625
