0 1.52421875 0.66328125 0.0296875 0.0421875
0 1.43359375 0.69453125 0.0390625 0.0484375
0 1.33984375 0.653125 0.0265625 0.0375
0 1.16953125 0.65859375 0.0359375 0.0484375
0 1.19296875 0.6578125 0.0265625 0.04375
0 0.83515625 0.659375 0.0390625 0.04375
0 0.63984375 0.63515625 0.0296875 0.0328125
0 0.578125 0.6015625 0.021875 0.03125
0 0.3578125 0.66953125 0.0375 0.0453125
0 0.13125 0.62890625 0.028125 0.0359375
0 0.08671875 0.63359375 0.0234375 0.0390625
0 0.06953125 0.65546875 0.0390625 0.0546875
