0 1.35546875 0.60546875 0.0296875 0.0390625
0 1.3296875 0.56953125 0.021875 0.0296875
0 1.17109375 0.55234375 0.0203125 0.0296875
0 1.13515625 0.6140625 0.0265625 0.040625
0 1.446875 0.46640625 0.0125 0.0171875
0 1.45 0.51171875 0.0125 0.0109375
0 1.32734375 0.4078125 0.0109375 0.015625
0 0.8765625 0.6203125 0.025 0.034375
0 0.86953125 0.559375 0.0234375 0.028125
0 0.925 0.534375 0.021875 0.028125
0 0.94140625 0.49921875 0.0171875 0.0234375
0 0.721875 0.51875 0.021875 0.025
0 0.72578125 0.63359375 0.0234375 0.0328125
0 0.6609375 0.5390625 0.01875 0.028125
0 0.59921875 0.62578125 0.0296875 0.0390625
0 0.52734375 0.60859375 0.0203125 0.0296875
0 1.0796875 0.4765625 0.0125 0.01875
0 0.43359375 0.63671875 0.0265625 0.0328125
0 0.45 0.52421875 0.01875 0.0265625
0 0.178125 0.6609375 0.01875 0.034375
0 0.06171875 0.75390625 0.0296875 0.0421875
0 0.6640625 0.7890625 0.021875 0.046875
