0 0.975 0.640625 0.0625 0.084375
0 1.196875 0.43203125 0.03125 0.0640625
0 1.0921875 0.44453125 0.015625 0.0234375
0 1.01640625 0.42421875 0.0171875 0.0234375
0 1.05546875 0.446875 0.0171875 0.025
0 1.37890625 0.4296875 0.0171875 0.025
0 1.36171875 0.434375 0.0171875 0.01875
0 1.39140625 0.453125 0.0171875 0.03125
0 0.81328125 0.41171875 0.0203125 0.0265625
0 0.7546875 0.41875 0.015625 0.021875
0 0.67890625 0.4375 0.0203125 0.025
0 0.6953125 0.43671875 0.0125 0.0203125
0 0.54140625 0.4609375 0.0234375 0.034375
0 0.39140625 0.409375 0.0234375 0.034375
0 0.3515625 0.3984375 0.01875 0.03125
0 0.2359375 0.434375 0.01875 0.028125
0 0.44765625 0.43203125 0.0203125 0.0234375
0 0.234375 0.3953125 0.015625 0.028125
0 0.175 0.3390625 0.015625 0.03125
0 0.09453125 0.37109375 0.0171875 0.0296875
0 0.17265625 0.41328125 0.0203125 0.0453125
