0 0.87890625 0.4359375 0.0171875 0.025
0 0.75859375 0.471875 0.0203125 0.028125
0 0.759375 0.3984375 0.015625 0.015625
0 0.64453125 0.43203125 0.0203125 0.0203125
0 0.98359375 0.409375 0.0140625 0.015625
0 0.87890625 0.33671875 0.0109375 0.0109375
0 0.865625 0.36171875 0.009375 0.0109375
0 0.1453125 0.58125 0.01875 0.025
0 0.15703125 0.509375 0.0140625 0.01875
0 1.39921875 0.4125 0.0140625 0.01875
0 0.59921875 0.38359375 0.0109375 0.0109375
0 0.1921875 0.36328125 0.009375 0.0140625
0 0.1515625 0.3578125 0.009375 0.0125
0 0.54921875 0.41796875 0.0109375 0.0109375
