0 1.51796875 0.49375 0.0171875 0.021875
0 1.475 0.5015625 0.015625 0.01875
0 1.46953125 0.48046875 0.0140625 0.0171875
0 1.44453125 0.51015625 0.0140625 0.0203125
0 1.44765625 0.4890625 0.0140625 0.015625
0 1.4859375 0.49296875 0.0125 0.0171875
0 1.38359375 0.50859375 0.0328125 0.0328125
0 1.33984375 0.5 0.0203125 0.028125
0 1.29921875 0.490625 0.0171875 0.021875
0 1.26953125 0.4984375 0.0140625 0.015625
0 1.23515625 0.50859375 0.0140625 0.0171875
0 1.2046875 0.49453125 0.015625 0.0171875
0 1.1859375 0.49375 0.0125 0.015625
0 1.16171875 0.4984375 0.0109375 0.015625
0 1.32109375 0.49765625 0.0140625 0.0171875
0 1.58828125 0.5046875 0.0203125 0.021875
0 1.0453125 0.4921875 0.021875 0.028125
0 1.09140625 0.50390625 0.0109375 0.0140625
0 1.01171875 0.49453125 0.0171875 0.0203125
0 0.94921875 0.4984375 0.0140625 0.015625
0 0.91328125 0.51171875 0.0171875 0.0234375
0 0.81953125 0.4265625 0.0359375 0.040625
0 0.7625 0.5171875 0.01875 0.021875
0 0.740625 0.5109375 0.01875 0.01875
0 0.71328125 0.478125 0.0140625 0.01875
0 0.696875 0.4921875 0.015625 0.021875
0 0.6484375 0.49296875 0.009375 0.0140625
0 0.58515625 0.50078125 0.0109375 0.0140625
0 0.56328125 0.51640625 0.0203125 0.0234375
0 0.52265625 0.490625 0.0171875 0.021875
0 0.50078125 0.5 0.0109375 0.0125
0 0.678125 0.4984375 0.015625 0.01875
0 0.44296875 0.5015625 0.0109375 0.015625
0 0.4140625 0.49609375 0.0125 0.0171875
0 0.3734375 0.51875 0.01875 0.025
0 0.3375 0.5015625 0.015625 0.021875
0 0.31328125 0.48984375 0.0140625 0.0171875
0 0.28828125 0.48671875 0.0109375 0.0171875
0 0.25390625 0.49453125 0.0109375 0.0203125
0 0.2109375 0.51171875 0.015625 0.0234375
0 0.18515625 0.5234375 0.0203125 0.025
0 0.14921875 0.53203125 0.0203125 0.0203125
0 0.37421875 0.4890625 0.0140625 0.01875
0 0.55859375 0.49765625 0.0171875 0.0203125
0 0.07421875 0.47890625 0.0234375 0.0359375
