0 1.428125 0.66328125 0.028125 0.0328125
0 1.3046875 0.64296875 0.028125 0.0328125
0 1.24609375 0.5953125 0.0265625 0.03125
0 1.21484375 0.55234375 0.0234375 0.0265625
0 1.1421875 0.5109375 0.01875 0.01875
0 1.090625 0.56484375 0.01875 0.0234375
0 1.184375 0.68046875 0.028125 0.0421875
0 1.07109375 0.6421875 0.0265625 0.03125
0 0.9734375 0.69453125 0.03125 0.0359375
0 1.028125 0.590625 0.028125 0.028125
0 0.9703125 0.52578125 0.01875 0.0203125
0 0.8890625 0.5765625 0.021875 0.021875
0 0.8375 0.61015625 0.025 0.0265625
0 0.78515625 0.659375 0.0296875 0.034375
0 0.80390625 0.515625 0.0203125 0.021875
0 0.728125 0.57578125 0.021875 0.0234375
0 0.653125 0.5984375 0.021875 0.025
0 0.65390625 0.7109375 0.0328125 0.034375
0 0.56875 0.6484375 0.025 0.034375
0 0.60625 0.5375 0.021875 0.025
0 0.5171875 0.58828125 0.025 0.0234375
0 0.453125 0.6703125 0.03125 0.028125
0 0.4390625 0.54140625 0.021875 0.0203125
0 0.3546875 0.596875 0.028125 0.025
0 0.28515625 0.5234375 0.0234375 0.021875
0 0.1625 0.5546875 0.025 0.028125
0 0.2359375 0.6921875 0.03125 0.0375
