0 1.3 0.31328125 0.071875 0.0890625
0 1.26875 0.40078125 0.08125 0.1046875
0 1.12890625 0.37265625 0.0703125 0.0828125
0 1.23046875 0.56328125 0.0828125 0.1015625
0 1.51953125 0.3515625 0.0203125 0.034375
0 1.47421875 0.28125 0.0203125 0.034375
0 1.065625 0.20390625 0.065625 0.0890625
0 1.00234375 0.3671875 0.0703125 0.10625
0 0.94609375 0.35859375 0.0546875 0.0796875
0 0.90078125 0.2765625 0.0703125 0.08125
0 0.86796875 0.38515625 0.0921875 0.0984375
0 0.95859375 0.5625 0.0984375 0.125
0 1.10234375 0.58671875 0.0890625 0.1140625
0 0.7921875 0.48125 0.09375 0.125
0 0.75859375 0.3390625 0.0515625 0.084375
0 0.69609375 0.34921875 0.0703125 0.0953125
0 0.571875 0.35859375 0.0625 0.0953125
0 0.6171875 0.496875 0.09375 0.115625
0 0.44609375 0.4234375 0.0796875 0.103125
0 0.45 0.61484375 0.1 0.1203125
0 0.3484375 0.62890625 0.115625 0.1421875
0 0.13515625 0.35078125 0.0265625 0.0421875
