0 1.35546875 0.69609375 0.0484375 0.0734375
0 1.4109375 0.63671875 0.01875 0.0234375
0 1.5703125 0.6328125 0.021875 0.028125
0 1.29921875 0.57734375 0.0140625 0.0171875
0 1.2765625 0.584375 0.009375 0.01875
0 1.43671875 0.58984375 0.0140625 0.0203125
0 1.2890625 0.5953125 0.009375 0.015625
0 1.2015625 0.5453125 0.009375 0.015625
0 1.359375 0.55703125 0.01875 0.0171875
0 1.128125 0.5515625 0.0125 0.01875
0 1.34140625 0.5921875 0.0109375 0.01875
0 1.0296875 0.8828125 0.06875 0.1
0 0.6375 0.4640625 0.021875 0.03125
0 0.7 0.47734375 0.021875 0.0265625
0 0.48984375 0.38984375 0.0109375 0.0171875
0 0.3546875 0.38359375 0.009375 0.0171875
0 0.4140625 0.38671875 0.009375 0.0140625
0 0.20234375 0.340625 0.0140625 0.025
0 0.17109375 0.33515625 0.0109375 0.0140625
0 0.18359375 0.33828125 0.0078125 0.0234375
0 0.2203125 0.3421875 0.0125 0.021875
