0 1.02890625 0.91484375 0.0515625 0.0609375
0 0.74765625 0.79453125 0.0421875 0.0453125
0 0.92265625 0.6953125 0.0234375 0.028125
0 0.27265625 0.8015625 0.0453125 0.053125
0 0.16171875 0.98046875 0.0765625 0.0984375
0 1.18984375 0.6640625 0.0171875 0.021875
0 0.84453125 0.56953125 0.0078125 0.0109375
0 0.9828125 0.51640625 0.009375 0.0109375
0 1.42734375 0.68828125 0.0234375 0.0359375
0 1.59296875 0.63125 0.0109375 0.015625
0 1.35234375 0.51875 0.0078125 0.0125
0 1.071875 0.51328125 0.009375 0.0109375
