0 1.2640625 0.19921875 0.01875 0.0296875
0 1.3578125 0.13984375 0.01875 0.0234375
0 1.4984375 0.1546875 0.0125 0.0125
0 1.1078125 0.16328125 0.009375 0.0171875
0 1.06171875 0.1609375 0.0109375 0.0125
0 1.05234375 0.1875 0.0109375 0.015625
0 0.98671875 0.2109375 0.0109375 0.01875
0 1.1265625 0.1859375 0.009375 0.01875
0 0.79296875 0.18515625 0.0140625 0.0171875
0 0.85390625 0.175 0.0078125 0.021875
0 0.884375 0.1421875 0.009375 0.0125
0 0.9296875 0.165625 0.009375 0.015625
0 0.75078125 0.1921875 0.0171875 0.01875
0 0.73046875 0.1515625 0.0140625 0.015625
0 0.67421875 0.171875 0.0140625 0.025
0 0.56796875 0.15859375 0.0140625 0.0171875
0 0.61640625 0.1515625 0.0140625 0.01875
0 0.409375 0.15390625 0.01875 0.0234375
0 0.4890625 0.165625 0.0125 0.0125
0 0.4734375 0.1875 0.0125 0.01875
0 0.31875 0.17578125 0.009375 0.0171875
0 0.27109375 0.1515625 0.0203125 0.025
0 0.28359375 0.16484375 0.0140625 0.0203125
0 0.0390625 0.19765625 0.03125 0.0328125
0 0.903125 0.16953125 0.0125 0.0109375
0 0.58046875 0.16640625 0.0109375 0.0078125
