0 1.55703125 0.43828125 0.0328125 0.0421875
0 1.1390625 0.47109375 0.040625 0.0578125
0 1.303125 0.3125 0.0125 0.025
0 1.253125 0.2734375 0.015625 0.025
0 1.115625 0.26796875 0.0125 0.0203125
0 1.17109375 0.22734375 0.0109375 0.0109375
0 0.915625 0.25234375 0.015625 0.0203125
0 0.97265625 0.28828125 0.0140625 0.0265625
0 0.85546875 0.2765625 0.0109375 0.021875
0 0.70625 0.234375 0.0125 0.015625
0 0.6765625 0.2296875 0.0125 0.0125
0 0.78515625 0.3484375 0.0078125 0.03125
0 0.5875 0.2984375 0.0125 0.025
0 0.41796875 0.271875 0.0140625 0.01875
0 0.434375 0.2328125 0.0125 0.01875
0 0.55390625 0.24453125 0.0140625 0.0171875
0 0.23359375 0.25078125 0.0109375 0.0171875
0 0.18515625 0.26953125 0.0140625 0.0171875
0 0.13359375 0.2359375 0.0109375 0.015625
0 0.359375 0.21171875 0.009375 0.0140625
0 0.3875 0.2234375 0.009375 0.015625
0 0.53828125 0.21796875 0.0109375 0.0171875
0 0.50625 0.215625 0.0125 0.0125
0 0.4296875 0.2078125 0.009375 0.0125
0 0.7484375 0.2015625 0.00625 0.0125
0 0.8171875 0.209375 0.009375 0.0125
