0 1.55546875 0.4953125 0.0890625 0.15625
0 1.3875 0.4484375 0.05625 0.078125
0 1.33984375 0.4203125 0.0453125 0.059375
0 1.2921875 0.40390625 0.03125 0.0328125
0 1.13671875 0.3859375 0.0265625 0.028125
0 1.0828125 0.40625 0.0375 0.046875
0 0.8328125 0.4390625 0.065625 0.084375
0 0.97109375 0.3859375 0.0234375 0.03125
0 0.8703125 0.37578125 0.03125 0.0359375
0 0.87734375 0.359375 0.0234375 0.028125
0 0.76640625 0.3765625 0.0234375 0.034375
0 0.75859375 0.35234375 0.0203125 0.0265625
0 0.65 0.3828125 0.028125 0.0375
0 0.60234375 0.38671875 0.0140625 0.0171875
0 0.5515625 0.35078125 0.021875 0.0265625
0 0.5125 0.3796875 0.034375 0.05
0 0.46875 0.33828125 0.021875 0.0265625
0 0.45546875 0.36796875 0.0203125 0.0296875
0 0.2515625 0.35234375 0.028125 0.0359375
0 0.3 0.3453125 0.01875 0.025
0 0.275 0.43359375 0.0625 0.0703125
0 0.146875 0.36171875 0.040625 0.0578125
0 0.08515625 0.35390625 0.0265625 0.0328125
