0 1.5015625 0.42421875 0.040625 0.0546875
0 1.29921875 0.26796875 0.0609375 0.0734375
0 1.159375 0.478125 0.028125 0.04375
0 1.0234375 0.53359375 0.021875 0.0296875
0 1.5828125 0.4578125 0.03125 0.046875
0 0.8703125 0.4453125 0.034375 0.04375
0 0.7703125 0.3546875 0.046875 0.0625
0 0.52421875 0.1578125 0.0703125 0.096875
0 0.67890625 0.46640625 0.0296875 0.0421875
0 0.98203125 0.56484375 0.0171875 0.0234375
0 0.91328125 0.56171875 0.0203125 0.0296875
0 0.27734375 0.496875 0.0265625 0.034375
0 0.3734375 0.52734375 0.021875 0.0296875
0 0.1125 0.2921875 0.05 0.065625
0 1.11015625 0.5625 0.0140625 0.01875
0 1.06484375 0.596875 0.0109375 0.0125
