0 1.50234375 0.44765625 0.0140625 0.0203125
0 1.36484375 0.4515625 0.0078125 0.0125
0 1.290625 0.56640625 0.0125 0.0171875
0 1.2921875 0.55625 0.0125 0.0125
0 1.3453125 0.5453125 0.009375 0.0125
0 1.07734375 0.5640625 0.0109375 0.01875
0 1.0921875 0.5390625 0.009375 0.009375
0 0.78515625 0.61015625 0.0140625 0.0203125
0 0.93828125 0.58984375 0.0109375 0.0171875
0 0.93125 0.6171875 0.01875 0.025
0 0.2828125 0.68359375 0.025 0.0359375
0 0.52265625 0.6625 0.0171875 0.028125
0 0.6625 0.725 0.025 0.0375
0 0.59609375 0.48359375 0.0046875 0.0078125
0 0.55078125 0.5421875 0.0078125 0.009375
0 1.159375 0.6203125 0.009375 0.01875
0 1.359375 0.56640625 0.00625 0.0140625
0 0.28671875 0.47421875 0.0046875 0.0078125
0 0.4453125 0.54296875 0.00625 0.0109375
0 0.48984375 0.57890625 0.0078125 0.0109375
