0 1.4640625 0.3234375 0.03125 0.040625
0 1.3390625 0.28515625 0.04375 0.0578125
0 1.1875 0.240625 0.05 0.065625
0 1.14296875 0.31640625 0.0296875 0.0359375
0 0.8734375 0.10390625 0.0625 0.0953125
0 0.7890625 0.29609375 0.040625 0.0609375
0 1.06953125 0.3125 0.0296875 0.05
0 0.709375 0.3859375 0.028125 0.034375
0 0.5125 0.328125 0.01875 0.053125
0 0.67265625 0.42265625 0.0140625 0.0234375
0 0.6484375 0.47890625 0.0125 0.0140625
0 0.4609375 0.40078125 0.015625 0.0265625
0 0.8828125 0.4609375 0.0125 0.015625
0 0.90390625 0.37265625 0.0234375 0.0296875
0 0.146875 0.4484375 0.01875 0.028125
0 0.1953125 0.47734375 0.01875 0.0265625
