0 0.21640625 0.3515625 0.0859375 0.1125
0 0.3421875 0.22890625 0.078125 0.0984375
0 0.5390625 0.30625 0.084375 0.115625
0 0.6390625 0.24453125 0.071875 0.0890625
0 0.79140625 0.2875 0.0828125 0.115625
0 0.928125 0.41015625 0.09375 0.1078125
0 0.67421875 0.44453125 0.1015625 0.1078125
0 0.409375 0.47109375 0.0875 0.0890625
0 0.38671875 0.62890625 0.1078125 0.1265625
0 0.89140625 0.21796875 0.0734375 0.0984375
0 1.02421875 0.3046875 0.0765625 0.08125
0 1.3421875 0.33359375 0.075 0.0984375
0 1.26953125 0.515625 0.0890625 0.103125
0 1.13125 0.44453125 0.09375 0.1140625
0 1.15 0.71328125 0.09375 0.1203125
0 1.31015625 0.671875 0.1046875 0.11875
0 0.99453125 0.821875 0.1046875 0.1125
0 0.459375 0.76171875 0.09375 0.1203125
0 0.75546875 0.7984375 0.1015625 0.115625
