0 1.49765625 0.40703125 0.0296875 0.0453125
0 1.234375 0.49375 0.021875 0.028125
0 1.19765625 0.43125 0.0296875 0.04375
0 1.159375 0.33984375 0.040625 0.0671875
0 1.04453125 0.4265625 0.0359375 0.04375
0 0.92734375 0.44375 0.0265625 0.034375
0 1.3875 0.51875 0.0125 0.01875
0 1.26328125 0.5296875 0.0109375 0.015625
0 1.28515625 0.5390625 0.0078125 0.0125
0 1.3453125 0.54453125 0.00625 0.0109375
0 1.5046875 0.540625 0.0125 0.015625
0 1.42421875 0.54765625 0.0109375 0.0140625
0 0.57578125 0.453125 0.0203125 0.03125
0 0.46328125 0.3765625 0.0390625 0.05
0 0.3125 0.42421875 0.028125 0.0359375
0 0.18203125 0.30078125 0.0609375 0.0828125
0 0.76796875 0.27578125 0.0640625 0.0953125
0 0.03203125 0.45703125 0.0234375 0.0359375
0 1.2078125 0.484375 0.01875 0.025
0 0.95703125 0.48671875 0.0171875 0.0296875
0 0.0546875 0.07109375 0.05 0.1328125
