0 0.2765625 0.1765625 0.121875 0.134375
0 0.6 0.2015625 0.1 0.128125
0 0.8375 0.1703125 0.1 0.121875
0 1.0796875 0.109375 0.084375 0.1
0 1.35 0.0953125 0.09375 0.115625
0 1.2140625 0.196875 0.103125 0.13125
0 1.328125 0.60625 0.1 0.14375
0 1.0859375 0.6375 0.121875 0.14375
0 1.221875 0.7171875 0.10625 0.140625
0 0.9203125 0.7328125 0.109375 0.140625
0 0.8046875 0.6171875 0.096875 0.128125
0 0.5953125 0.7875 0.115625 0.14375
0 0.678125 0.603125 0.1125 0.1375
0 0.4734375 0.540625 0.109375 0.15
0 0.1390625 0.5796875 0.121875 0.153125
0 0.2109375 0.778125 0.109375 0.1625
