0 1.50703125 0.43359375 0.0203125 0.0328125
0 1.41953125 0.3578125 0.0234375 0.03125
0 1.40625 0.39140625 0.01875 0.0265625
0 1.15546875 0.32109375 0.0234375 0.0296875
0 1.071875 0.44921875 0.021875 0.0265625
0 0.98125 0.52734375 0.0125 0.0328125
0 0.91796875 0.553125 0.0234375 0.028125
0 0.74765625 0.30078125 0.0203125 0.0296875
0 0.5015625 0.38828125 0.021875 0.0328125
0 0.80859375 0.52421875 0.0140625 0.0328125
0 0.20546875 0.4890625 0.0203125 0.03125
0 0.04140625 0.5109375 0.0203125 0.028125
0 0.02890625 0.54140625 0.0171875 0.0328125
0 0.6921875 0.365625 0.01875 0.025
0 1.55234375 0.9859375 0.0703125 0.1125
