0 1.50078125 0.3921875 0.0390625 0.075
0 1.23046875 0.37578125 0.0453125 0.0671875
0 1.10625 0.41640625 0.053125 0.0703125
0 1.334375 0.30703125 0.040625 0.0515625
0 1.059375 0.52578125 0.034375 0.0984375
0 0.93515625 0.48046875 0.0609375 0.0703125
0 0.85078125 0.4046875 0.0515625 0.06875
0 0.5859375 0.5421875 0.071875 0.090625
0 0.58828125 0.4453125 0.0515625 0.08125
0 0.45703125 0.47421875 0.0515625 0.0828125
0 0.340625 0.31953125 0.03125 0.0390625
0 0.09453125 0.53828125 0.0296875 0.0921875
0 0.3578125 0.67578125 0.04375 0.1109375
