0 0.7640625 0.4125 0.01875 0.03125
0 0.60078125 0.328125 0.0140625 0.01875
0 0.60703125 0.36484375 0.0203125 0.0265625
0 0.66328125 0.315625 0.0140625 0.01875
0 0.71796875 0.41328125 0.0203125 0.0234375
0 0.7546875 0.33203125 0.0125 0.0140625
0 0.709375 0.3578125 0.015625 0.01875
0 0.90625 0.3609375 0.015625 0.021875
0 0.85390625 0.35390625 0.0109375 0.0140625
0 0.946875 0.3609375 0.0125 0.01875
0 0.82265625 0.315625 0.0140625 0.015625
0 1.409375 0.51796875 0.0125 0.0171875
0 0.915625 0.3984375 0.015625 0.025
0 0.9703125 0.34765625 0.01875 0.0234375
0 0.9078125 0.33828125 0.0125 0.0140625
0 0.9109375 0.46796875 0.021875 0.0515625
