0 0.06796875 0.45625 0.0078125 0.009375
0 0.175 0.48515625 0.009375 0.0109375
0 0.26796875 0.490625 0.0109375 0.015625
0 1.496875 0.53828125 0.009375 0.0109375
0 1.4921875 0.521875 0.009375 0.0125
0 1.453125 0.50625 0.009375 0.0125
0 1.45390625 0.58671875 0.0109375 0.0140625
0 0.4703125 0.54453125 0.01875 0.0203125
0 0.3078125 0.52578125 0.0125 0.0171875
0 0.3828125 0.503125 0.0125 0.015625
0 0.41953125 0.50234375 0.0109375 0.0140625
0 1.49140625 0.58125 0.0109375 0.01875
0 1.340625 0.571875 0.0125 0.015625
0 1.34609375 0.52109375 0.0109375 0.0140625
0 1.44921875 0.55546875 0.0140625 0.0171875
0 0.4453125 0.49921875 0.009375 0.0140625
0 0.33203125 0.43046875 0.0078125 0.0109375
0 0.47265625 0.5125 0.0109375 0.0125
0 0.41953125 0.525 0.0171875 0.021875
0 0.6 0.51171875 0.009375 0.0171875
0 0.5375 0.53515625 0.0125 0.0203125
0 0.53046875 0.5109375 0.0140625 0.015625
0 0.72421875 0.5859375 0.0171875 0.01875
0 1.5359375 0.775 0.03125 0.0375
0 1.575 0.6890625 0.025 0.028125
0 1.56171875 0.62734375 0.0140625 0.0203125
0 1.52734375 0.6984375 0.0234375 0.025
0 1.409375 0.746875 0.028125 0.0375
0 1.3578125 0.77890625 0.028125 0.0359375
0 1.25078125 0.70546875 0.0203125 0.0265625
0 1.4921875 0.63984375 0.01875 0.0265625
0 1.5234375 0.60546875 0.015625 0.0265625
0 1.54296875 0.58203125 0.0140625 0.0203125
0 1.4390625 0.61015625 0.01875 0.0203125
0 1.34609375 0.59609375 0.0171875 0.0234375
0 1.37890625 0.55625 0.0171875 0.015625
0 1.4109375 0.68359375 0.021875 0.0296875
0 1.33671875 0.65390625 0.0203125 0.0265625
0 1.415625 0.5859375 0.015625 0.021875
0 0.47109375 0.8890625 0.0328125 0.053125
0 0.43125 1.01875 0.04375 0.0625
0 0.6328125 0.85859375 0.0375 0.0484375
0 0.78203125 0.98125 0.0328125 0.05
0 0.8875 1.03125 0.059375 0.075
0 0.97578125 0.846875 0.0390625 0.05625
0 1.0578125 0.825 0.04375 0.05
0 0.878125 0.7703125 0.028125 0.0375
0 0.765625 0.81015625 0.034375 0.0515625
0 1.03671875 0.709375 0.0359375 0.04375
0 0.27734375 0.73203125 0.0265625 0.0296875
0 0.17265625 0.8046875 0.0265625 0.040625
0 0.12734375 0.64609375 0.0265625 0.0296875
0 0.06328125 0.64765625 0.0203125 0.0265625
0 0.01796875 0.62734375 0.0109375 0.0296875
0 0.2421875 0.64296875 0.021875 0.0296875
0 0.34921875 0.62578125 0.0203125 0.0265625
0 0.27734375 0.5984375 0.0203125 0.025
0 0.2375 0.59453125 0.015625 0.0234375
0 0.2015625 0.5828125 0.015625 0.021875
0 0.10390625 0.58515625 0.0171875 0.0265625
0 0.07734375 0.57734375 0.0140625 0.0265625
0 0.04375 0.4859375 0.0125 0.0125
0 0.01953125 0.565625 0.0109375 0.01875
0 0.20859375 0.5375 0.0171875 0.021875
0 0.23671875 0.5546875 0.0171875 0.021875
0 0.334375 0.559375 0.015625 0.021875
0 0.28125 0.5328125 0.015625 0.021875
0 0.33671875 0.49609375 0.0109375 0.0140625
0 0.17578125 0.515625 0.0171875 0.01875
0 0.1203125 0.5140625 0.0125 0.01875
0 0.57890625 0.634375 0.0234375 0.03125
0 0.67421875 0.6234375 0.0203125 0.025
0 0.746875 0.65625 0.01875 0.025
0 0.796875 0.6734375 0.021875 0.03125
0 0.6328125 0.6546875 0.01875 0.021875
0 0.528125 0.7484375 0.0375 0.034375
0 0.4046875 0.646875 0.028125 0.0375
0 0.43984375 0.6515625 0.0203125 0.028125
0 0.46796875 0.659375 0.0171875 0.028125
0 0.3921875 0.546875 0.0125 0.015625
0 0.43671875 0.56171875 0.0140625 0.0203125
0 0.52109375 0.5765625 0.0171875 0.025
0 0.5859375 0.58984375 0.01875 0.0203125
0 0.5234375 0.64375 0.021875 0.03125
0 0.6296875 0.56328125 0.015625 0.0171875
0 0.6734375 0.54296875 0.0125 0.0203125
0 0.7671875 0.55546875 0.015625 0.0203125
0 0.71796875 0.5640625 0.0171875 0.021875
0 0.7421875 0.5359375 0.0125 0.01875
0 0.8140625 0.5625 0.0125 0.015625
0 0.89921875 0.71796875 0.0265625 0.0296875
0 0.93125 0.646875 0.015625 0.025
0 0.86328125 0.584375 0.0140625 0.01875
0 0.82734375 0.528125 0.0140625 0.01875
0 0.93984375 0.5859375 0.0171875 0.021875
0 0.97734375 0.61875 0.0109375 0.01875
0 1.03125 0.6453125 0.021875 0.028125
0 1.1703125 0.69296875 0.021875 0.0265625
0 1.16484375 0.59921875 0.0171875 0.0234375
0 1.1265625 0.58203125 0.015625 0.0203125
0 1.06796875 0.56640625 0.0140625 0.0171875
0 1.1078125 0.54140625 0.0125 0.0171875
0 1.2875 0.553125 0.0125 0.015625
0 1.24921875 0.56484375 0.0140625 0.0171875
0 1.23515625 0.5359375 0.0109375 0.015625
0 1.2421875 0.51875 0.0125 0.015625
0 1.00703125 0.63046875 0.0203125 0.0265625
0 0.9265625 0.6171875 0.021875 0.028125
0 0.9359375 0.553125 0.015625 0.01875
0 0.98125 0.54296875 0.0125 0.0171875
0 1.00078125 0.56484375 0.0171875 0.0234375
0 1.04140625 0.50546875 0.0109375 0.0171875
0 0.89765625 0.5328125 0.0140625 0.021875
0 1.14296875 0.546875 0.0140625 0.01875
0 0.8078125 0.6296875 0.015625 0.028125
0 0.78359375 0.59140625 0.0109375 0.0171875
0 0.73671875 0.4984375 0.0109375 0.0125
0 0.78984375 0.48984375 0.0140625 0.0171875
0 0.6765625 0.4953125 0.009375 0.0125
0 0.96171875 0.49453125 0.0171875 0.0140625
0 1.0203125 0.50703125 0.009375 0.0109375
0 0.62265625 1.025 0.0484375 0.046875
0 0.5875 0.4921875 0.0125 0.015625
0 0.2171875 0.47421875 0.009375 0.0109375
0 0.2109375 0.4921875 0.009375 0.0125
0 0.1453125 0.4875 0.009375 0.0125
0 0.17421875 0.428125 0.0046875 0.00625
0 0.1890625 0.42890625 0.00625 0.0078125
0 0.04765625 0.5140625 0.0140625 0.015625
0 0.075 0.49140625 0.0125 0.0171875
0 0.34765625 0.534375 0.0171875 0.03125
0 0.90390625 0.634375 0.0140625 0.021875
0 1.51640625 1.05625 0.0484375 0.028125
