0 1.4703125 0.22265625 0.08125 0.1046875
0 1.46640625 0.05546875 0.0703125 0.1015625
0 1.31875 0.0875 0.059375 0.084375
0 1.25078125 0.215625 0.0828125 0.1
0 1.0671875 0.20234375 0.0875 0.0828125
0 1.1875 0.0453125 0.075 0.0875
0 0.96328125 0.08359375 0.0703125 0.0890625
0 0.74453125 0.23671875 0.0671875 0.1078125
0 0.7359375 0.0546875 0.084375 0.103125
0 0.628125 0.07109375 0.065625 0.0921875
0 0.659375 0.2328125 0.08125 0.1
0 0.4890625 0.2640625 0.08125 0.0875
0 0.40703125 0.09140625 0.0765625 0.1015625
0 0.31484375 0.21640625 0.0734375 0.0984375
0 0.275 0.1015625 0.05 0.0875
0 0.15546875 0.09609375 0.0671875 0.0953125
0 0.03203125 0.2125 0.0640625 0.0875
