0 0.38515625 0.21875 0.0828125 0.08125
0 0.02734375 0.046875 0.0390625 0.065625
0 0.16171875 0.05546875 0.0421875 0.0578125
0 0.340625 0.0546875 0.03125 0.046875
0 0.46171875 0.059375 0.0421875 0.053125
0 0.77109375 0.14375 0.0421875 0.059375
0 0.725 0.0515625 0.040625 0.0625
0 0.6046875 0.11796875 0.0375 0.0609375
0 0.596875 0.0609375 0.040625 0.053125
0 1.17890625 0.1296875 0.0421875 0.059375
0 1.184375 0.08203125 0.025 0.0296875
0 1.30546875 0.146875 0.0359375 0.0375
0 1.05390625 0.13203125 0.0359375 0.0515625
0 1.0 0.07265625 0.034375 0.0578125
0 1.2921875 0.05078125 0.046875 0.0703125
0 0.9171875 0.1515625 0.040625 0.05625
0 1.1328125 0.06015625 0.03125 0.0515625
0 1.43671875 0.153125 0.0484375 0.0625
0 1.4015625 0.0484375 0.05 0.06875
0 0.8671875 0.0671875 0.05625 0.05
