0 1.5359375 0.3109375 0.015625 0.028125
0 1.36640625 0.30234375 0.0171875 0.0203125
0 1.38125 0.2765625 0.015625 0.021875
0 1.36796875 0.28984375 0.0171875 0.0171875
0 1.4671875 0.2765625 0.021875 0.028125
0 1.521875 0.27578125 0.0125 0.0140625
0 1.54921875 0.2640625 0.0140625 0.01875
0 1.5328125 0.24453125 0.0125 0.0171875
0 1.4890625 0.24921875 0.01875 0.0234375
0 1.428125 0.26796875 0.015625 0.0234375
0 1.4109375 0.24609375 0.0125 0.0171875
0 1.45390625 0.2453125 0.0140625 0.021875
0 1.365625 0.23984375 0.015625 0.0203125
0 1.38203125 0.22109375 0.0140625 0.0171875
0 1.46171875 0.2140625 0.0171875 0.01875
0 1.44296875 0.20859375 0.0140625 0.0171875
0 1.51484375 0.2140625 0.0140625 0.021875
0 1.5609375 0.21484375 0.0125 0.0203125
0 1.58984375 0.1703125 0.0140625 0.01875
0 1.49140625 0.16875 0.0140625 0.021875
0 1.45078125 0.17109375 0.0140625 0.0171875
0 1.42734375 0.19140625 0.0171875 0.0203125
0 1.36640625 0.16796875 0.0140625 0.0203125
0 1.41796875 0.171875 0.0171875 0.01875
0 1.41796875 0.146875 0.0140625 0.025
0 1.37890625 0.14296875 0.0140625 0.0203125
0 1.42890625 0.11953125 0.0140625 0.0234375
0 1.453125 0.1359375 0.0125 0.021875
0 1.48359375 0.14375 0.0109375 0.01875
0 1.50234375 0.1390625 0.0140625 0.025
0 1.51640625 0.1390625 0.0140625 0.01875
0 1.54453125 0.128125 0.0109375 0.01875
0 1.55 0.11015625 0.0125 0.0171875
0 1.47265625 0.1171875 0.0140625 0.01875
0 1.4046875 0.10390625 0.0125 0.0265625
0 1.3859375 0.1140625 0.015625 0.021875
0 1.396875 0.1390625 0.015625 0.021875
0 1.52890625 0.08671875 0.0140625 0.0203125
0 1.4859375 0.08671875 0.0125 0.0234375
0 1.47265625 0.0625 0.0140625 0.021875
0 1.45 0.084375 0.0125 0.015625
0 1.38984375 0.06171875 0.0140625 0.0234375
0 1.41640625 0.0515625 0.0109375 0.01875
0 1.46171875 0.02421875 0.0140625 0.0234375
0 1.41875 0.0265625 0.0125 0.021875
0 1.37734375 0.03125 0.0140625 0.021875
0 1.53828125 0.02734375 0.0140625 0.0203125
0 1.49765625 0.0265625 0.0140625 0.015625
0 1.578125 0.02421875 0.015625 0.0234375
0 1.209375 0.31328125 0.015625 0.0171875
0 1.3265625 0.27578125 0.0125 0.0203125
0 1.30390625 0.246875 0.0140625 0.021875
0 1.3328125 0.2171875 0.015625 0.021875
0 1.27890625 0.21328125 0.0140625 0.0203125
0 1.27890625 0.2703125 0.0140625 0.021875
0 1.25703125 0.25 0.0140625 0.01875
0 1.22578125 0.27734375 0.0140625 0.0203125
0 1.20078125 0.253125 0.0109375 0.01875
0 1.23359375 0.2203125 0.0140625 0.025
0 1.31640625 0.1765625 0.0140625 0.021875
0 1.30078125 0.2203125 0.0140625 0.015625
0 0.9984375 0.30859375 0.0125 0.0203125
0 0.98671875 0.3078125 0.0109375 0.01875
0 0.971875 0.309375 0.009375 0.015625
0 1.1265625 0.309375 0.015625 0.01875
0 1.09609375 0.30703125 0.0109375 0.0140625
0 1.05390625 0.27265625 0.0140625 0.0234375
0 1.11171875 0.26328125 0.0171875 0.0265625
0 1.16328125 0.2703125 0.0140625 0.01875
0 1.1859375 0.30546875 0.0125 0.0203125
0 1.15703125 0.28984375 0.0140625 0.0203125
0 1.0640625 0.2484375 0.015625 0.01875
0 1.1671875 0.246875 0.0125 0.01875
0 1.11171875 0.24140625 0.0140625 0.0171875
0 1.08203125 0.21875 0.0140625 0.021875
0 1.03828125 0.20390625 0.0171875 0.0234375
0 1.1390625 0.215625 0.0125 0.01875
0 1.18828125 0.2171875 0.0109375 0.021875
0 1.18984375 0.17734375 0.0140625 0.0171875
0 1.18046875 0.26875 0.0109375 0.015625
0 1.27578125 0.17421875 0.0140625 0.0234375
0 1.2359375 0.1703125 0.0125 0.021875
0 1.26015625 0.1484375 0.0140625 0.021875
0 1.2203125 0.14765625 0.0125 0.0171875
0 1.18125 0.1515625 0.0125 0.01875
0 1.19296875 0.1203125 0.0140625 0.01875
0 1.24765625 0.11796875 0.0140625 0.0203125
0 1.29921875 0.14140625 0.0140625 0.0234375
0 1.33984375 0.14140625 0.0140625 0.0203125
0 1.34375 0.11796875 0.0125 0.0171875
0 1.36640625 0.08671875 0.0140625 0.0203125
0 1.31640625 0.08671875 0.0171875 0.0203125
0 1.2734375 0.08828125 0.0125 0.0203125
0 1.28671875 0.1 0.0140625 0.021875
0 1.21875 0.08984375 0.015625 0.0203125
0 1.26484375 0.05546875 0.0140625 0.0203125
0 1.18125 0.0578125 0.015625 0.025
0 1.3546875 0.059375 0.0125 0.021875
0 1.31015625 0.05 0.0109375 0.015625
0 1.3421875 0.0203125 0.0125 0.015625
0 1.3015625 0.0328125 0.0125 0.015625
0 1.2609375 0.02890625 0.0125 0.0171875
0 1.22421875 0.03515625 0.0109375 0.0203125
0 1.16875 0.08671875 0.0125 0.0234375
0 1.17578125 0.03203125 0.0140625 0.0203125
0 1.21015625 0.009375 0.0140625 0.015625
0 1.20703125 0.1109375 0.0109375 0.01875
0 1.0125 0.27109375 0.0125 0.0203125
0 0.9953125 0.25703125 0.0125 0.0171875
0 0.99765625 0.21875 0.0140625 0.015625
0 0.9578125 0.26875 0.015625 0.021875
0 0.940625 0.31171875 0.0125 0.0171875
0 0.92421875 0.3078125 0.0140625 0.01875
0 0.8765625 0.309375 0.0125 0.01875
0 0.9 0.265625 0.015625 0.01875
0 0.87578125 0.25234375 0.0171875 0.0203125
0 0.87734375 0.2703125 0.0171875 0.01875
0 1.14921875 0.1703125 0.0140625 0.01875
0 1.07734375 0.1484375 0.0140625 0.021875
0 1.1375 0.13125 0.0125 0.01875
0 1.06640625 0.10390625 0.0140625 0.0171875
0 1.10390625 0.090625 0.0140625 0.021875
0 1.1328125 0.0640625 0.0125 0.025
0 1.084375 0.05546875 0.0125 0.0234375
0 1.09609375 0.03984375 0.0140625 0.0234375
0 1.1375 0.03125 0.0125 0.01875
0 1.15625 0.00625 0.0125 0.0125
0 1.03671875 0.01171875 0.0140625 0.0203125
0 0.98828125 0.009375 0.0171875 0.01875
0 0.95234375 0.01015625 0.0109375 0.0171875
0 1.0 0.021875 0.0125 0.015625
0 1.021875 0.12109375 0.01875 0.0140625
0 0.77734375 0.3140625 0.0171875 0.01875
0 0.784375 0.27734375 0.01875 0.0171875
0 0.72734375 0.30234375 0.0140625 0.0171875
0 0.7 0.290625 0.015625 0.01875
0 0.66640625 0.29296875 0.0171875 0.0234375
0 0.6125 0.26015625 0.01875 0.0234375
0 0.93046875 0.02890625 0.0140625 0.0140625
0 0.8984375 0.00859375 0.0125 0.0171875
0 0.846875 0.01171875 0.0125 0.0234375
0 0.8 0.01015625 0.015625 0.0203125
0 0.75234375 0.01015625 0.0140625 0.0171875
0 0.71953125 0.0171875 0.0140625 0.021875
0 0.6875 0.1046875 0.0125 0.01875
0 0.6421875 0.0703125 0.0125 0.01875
0 0.646875 0.03984375 0.0125 0.0203125
0 0.66484375 0.01796875 0.0109375 0.0140625
0 0.60703125 0.00859375 0.0171875 0.0171875
0 0.58046875 0.04296875 0.0140625 0.0203125
0 0.5765625 0.01953125 0.015625 0.0203125
0 0.5578125 0.046875 0.0125 0.01875
0 0.571875 0.075 0.0125 0.015625
0 0.6046875 0.07890625 0.0125 0.0140625
0 0.56796875 0.09140625 0.0140625 0.0234375
0 0.58203125 0.14140625 0.0140625 0.0171875
0 0.6015625 0.115625 0.015625 0.028125
0 0.62578125 0.09609375 0.0109375 0.0171875
0 0.55390625 0.12265625 0.0140625 0.0203125
0 0.54296875 0.146875 0.0140625 0.021875
0 0.5359375 0.18828125 0.0125 0.0234375
0 0.58203125 0.21875 0.0140625 0.025
0 0.54921875 0.2328125 0.0140625 0.01875
0 0.5171875 0.271875 0.015625 0.025
0 0.584375 0.26015625 0.0125 0.0171875
0 0.46796875 0.28046875 0.0140625 0.0203125
0 0.4859375 0.24453125 0.015625 0.0265625
0 0.50078125 0.22109375 0.0109375 0.0203125
0 0.43828125 0.26015625 0.0109375 0.0171875
0 0.43125 0.278125 0.015625 0.028125
0 0.4375 0.225 0.015625 0.021875
0 0.490625 0.178125 0.0125 0.015625
0 0.44296875 0.18125 0.0140625 0.025
0 0.38125 0.27421875 0.0125 0.0203125
0 0.34765625 0.2734375 0.0140625 0.01875
0 0.3234375 0.25390625 0.0125 0.0140625
0 0.29765625 0.27734375 0.0171875 0.0234375
0 0.2734375 0.31875 0.015625 0.021875
0 0.29453125 0.30703125 0.0140625 0.0234375
0 0.31796875 0.3125 0.0171875 0.021875
0 0.30546875 0.240625 0.0140625 0.01875
0 0.34453125 0.2203125 0.0140625 0.021875
0 0.3703125 0.24375 0.015625 0.021875
0 0.4078125 0.2515625 0.0125 0.021875
0 0.3921875 0.21796875 0.0125 0.0203125
0 0.39765625 0.17578125 0.0140625 0.0234375
0 0.3515625 0.17890625 0.015625 0.0203125
0 0.36484375 0.15625 0.0140625 0.021875
0 0.30390625 0.18046875 0.0140625 0.0265625
0 0.2625 0.18359375 0.0125 0.0171875
0 0.2671875 0.15390625 0.0125 0.0171875
0 0.315625 0.15 0.015625 0.01875
0 0.41015625 0.1515625 0.0140625 0.021875
0 0.49765625 0.1515625 0.0140625 0.025
0 0.5078125 0.125 0.0125 0.028125
0 0.5234375 0.075 0.0125 0.01875
0 0.509375 0.0953125 0.0125 0.01875
0 0.521875 0.0484375 0.0125 0.015625
0 0.45625 0.153125 0.0125 0.01875
0 0.3484375 0.125 0.0125 0.015625
0 0.40625 0.12265625 0.015625 0.0234375
0 0.45546875 0.12109375 0.0140625 0.0234375
0 0.3875 0.09765625 0.0125 0.0203125
0 0.34453125 0.10078125 0.0109375 0.0171875
0 0.37734375 0.0734375 0.0140625 0.01875
0 0.4421875 0.10078125 0.015625 0.0203125
0 0.471875 0.065625 0.0125 0.01875
0 0.4984375 0.009375 0.015625 0.01875
0 0.48515625 0.04609375 0.0140625 0.0203125
0 0.453125 0.021875 0.0125 0.01875
0 0.42421875 0.0703125 0.0140625 0.021875
0 0.40703125 0.04375 0.0140625 0.021875
0 0.36328125 0.05 0.0140625 0.015625
0 0.38125 0.01484375 0.0125 0.0171875
0 0.3328125 0.0203125 0.0125 0.01875
0 0.35859375 0.0203125 0.0109375 0.01875
0 0.4640625 0.04609375 0.0125 0.0109375
0 0.17578125 0.3203125 0.0140625 0.01875
0 0.08203125 0.31015625 0.0140625 0.0234375
0 0.03359375 0.3234375 0.0171875 0.01875
0 0.15859375 0.31484375 0.0140625 0.0171875
0 0.14296875 0.2953125 0.0171875 0.021875
0 0.18046875 0.27734375 0.0140625 0.0265625
0 0.08671875 0.28125 0.0140625 0.021875
0 0.0359375 0.275 0.0125 0.025
0 0.03046875 0.253125 0.0109375 0.015625
0 0.23203125 0.246875 0.0140625 0.01875
0 0.18203125 0.24609375 0.0140625 0.0265625
0 0.24296875 0.2203125 0.0140625 0.015625
0 0.159375 0.225 0.0125 0.01875
0 0.10078125 0.246875 0.0140625 0.021875
0 0.1171875 0.22734375 0.0125 0.0171875
0 0.0703125 0.22578125 0.015625 0.0203125
0 0.0265625 0.2234375 0.0125 0.021875
0 0.0453125 0.2265625 0.01875 0.021875
0 0.04375 0.19609375 0.0125 0.0140625
0 0.084375 0.196875 0.015625 0.01875
0 0.125 0.20234375 0.0125 0.0171875
0 0.22109375 0.18515625 0.0140625 0.0171875
0 0.17890625 0.190625 0.0171875 0.01875
0 0.23203125 0.15859375 0.0109375 0.0203125
0 0.25703125 0.13203125 0.0140625 0.0171875
0 0.2875 0.0765625 0.0125 0.01875
0 0.2546875 0.0984375 0.0125 0.021875
0 0.2171875 0.13046875 0.015625 0.0203125
0 0.18671875 0.15859375 0.0140625 0.0203125
0 0.17265625 0.12890625 0.0140625 0.0203125
0 0.14140625 0.15546875 0.0140625 0.0203125
0 0.15625 0.09765625 0.015625 0.0203125
0 0.165625 0.0765625 0.0125 0.01875
0 0.2 0.078125 0.0125 0.015625
0 0.22109375 0.10625 0.0109375 0.015625
0 0.2390625 0.08125 0.0125 0.01875
0 0.22265625 0.0421875 0.0140625 0.01875
0 0.1890625 0.05703125 0.0125 0.0171875
0 0.20234375 0.021875 0.0109375 0.015625
0 0.1609375 0.02265625 0.0125 0.0171875
0 0.2421875 0.02265625 0.0125 0.0171875
0 0.278125 0.0421875 0.0125 0.015625
0 0.31875 0.05625 0.0125 0.01875
0 0.31796875 0.034375 0.0140625 0.015625
0 0.09765625 0.15625 0.0109375 0.021875
0 0.12265625 0.128125 0.0171875 0.01875
0 0.05234375 0.15546875 0.0140625 0.0171875
0 0.0375 0.1390625 0.0125 0.015625
0 0.06484375 0.1078125 0.0109375 0.015625
0 0.075 0.075 0.0125 0.01875
0 0.11171875 0.10234375 0.0109375 0.0171875
0 0.11875 0.07890625 0.0125 0.0203125
0 0.103125 0.05703125 0.0125 0.0203125
0 0.1203125 0.015625 0.0125 0.01875
0 0.12734375 0.03984375 0.0109375 0.0171875
0 0.0796875 0.0203125 0.0125 0.01875
0 0.03203125 0.025 0.0140625 0.021875
0 0.96796875 0.24453125 0.0140625 0.0203125
0 0.0609375 0.05 0.0125 0.015625
0 0.284375 0.11484375 0.0125 0.0140625
0 0.334375 0.0859375 0.0125 0.01875
0 0.22421875 0.27578125 0.0109375 0.0203125
0 1.1296875 0.1484375 0.0125 0.0125
0 1.5375 0.165625 0.009375 0.01875
0 1.57109375 0.07734375 0.0109375 0.0171875
0 1.51015625 0.0515625 0.0109375 0.01875
0 1.57734375 0.12734375 0.0140625 0.0171875
0 1.203125 0.0328125 0.0125 0.015625
0 1.225 0.0671875 0.009375 0.0125
0 0.01640625 0.07890625 0.0171875 0.0171875
0 0.0171875 0.0546875 0.015625 0.01875
0 0.01796875 0.11171875 0.0140625 0.0171875
0 1.59453125 0.0484375 0.0109375 0.01875
