0 0.95703125 0.72578125 0.0515625 0.1015625
0 0.80859375 0.715625 0.0421875 0.05625
0 0.43046875 0.9125 0.1078125 0.140625
0 0.48203125 0.740625 0.0390625 0.059375
0 0.596875 0.70390625 0.03125 0.0328125
0 0.6734375 0.70859375 0.028125 0.0421875
0 0.64140625 0.621875 0.0796875 0.103125
0 0.80390625 0.22578125 0.0140625 0.0203125
0 0.7875 0.209375 0.0125 0.01875
0 0.7375 0.17734375 0.0125 0.0171875
0 0.71953125 0.178125 0.0171875 0.03125
0 0.771875 0.18046875 0.01875 0.0234375
0 0.6734375 0.2078125 0.0125 0.01875
