0 1.48125 0.17734375 0.021875 0.0265625
0 1.37578125 0.24921875 0.0265625 0.0296875
0 1.35703125 0.24765625 0.0203125 0.0265625
0 1.4640625 0.2796875 0.025 0.03125
0 1.1546875 0.34609375 0.034375 0.0421875
0 1.21796875 0.240625 0.0265625 0.0375
0 0.696875 0.3640625 0.053125 0.0875
0 0.70078125 0.23828125 0.0265625 0.0359375
0 0.51640625 0.31875 0.0296875 0.028125
0 0.53046875 0.20625 0.0234375 0.03125
0 0.38046875 0.328125 0.0203125 0.034375
0 0.40234375 0.328125 0.0203125 0.03125
0 0.24296875 0.303125 0.0296875 0.03125
0 0.1390625 0.325 0.028125 0.03125
0 0.13359375 0.24765625 0.0234375 0.0296875
