0 1.5921875 0.27734375 0.015625 0.0546875
0 1.46171875 0.26015625 0.0296875 0.0359375
0 1.3609375 0.3890625 0.040625 0.046875
0 1.36015625 0.18046875 0.0265625 0.0296875
0 1.315625 0.17421875 0.01875 0.0265625
0 1.328125 0.3 0.015625 0.028125
0 1.296875 0.375 0.028125 0.04375
0 1.25390625 0.3953125 0.0296875 0.04375
0 1.24453125 0.27265625 0.0171875 0.0296875
0 1.1484375 0.30390625 0.015625 0.0234375
0 1.4046875 0.36875 0.025 0.03125
0 0.9609375 0.3984375 0.03125 0.0375
0 0.8875 0.39296875 0.075 0.0671875
0 0.78046875 0.25 0.0359375 0.046875
0 0.7078125 0.26015625 0.0375 0.0546875
0 0.62421875 0.28203125 0.0328125 0.0484375
0 0.5609375 0.27734375 0.040625 0.0328125
0 0.3828125 0.28515625 0.03125 0.0421875
0 0.26640625 0.27109375 0.0390625 0.0421875
0 0.284375 0.22578125 0.0375 0.0421875
0 0.1296875 0.24453125 0.034375 0.0453125
