0 1.06640625 0.26640625 0.0953125 0.1546875
0 1.4875 0.1 0.01875 0.025
0 1.45546875 0.10390625 0.0265625 0.0359375
0 1.42109375 0.11484375 0.0265625 0.0359375
0 1.40625 0.109375 0.021875 0.03125
0 1.3375 0.17578125 0.025 0.0234375
0 1.34453125 0.0515625 0.0203125 0.025
0 0.9515625 0.20234375 0.025 0.0265625
0 0.92109375 0.134375 0.0203125 0.028125
0 0.8859375 0.21484375 0.021875 0.0265625
0 0.81875 0.15 0.021875 0.028125
0 0.8640625 0.10859375 0.01875 0.0265625
0 0.76484375 0.14296875 0.0203125 0.0234375
0 0.70390625 0.2015625 0.0234375 0.034375
0 0.67265625 0.13125 0.0171875 0.025
0 0.6546875 0.19921875 0.01875 0.0265625
0 0.55703125 0.2078125 0.0203125 0.025
0 0.56953125 0.1109375 0.0203125 0.028125
0 0.5203125 0.0578125 0.015625 0.021875
0 0.4296875 0.128125 0.01875 0.025
0 0.3984375 0.17421875 0.01875 0.0265625
0 0.37734375 0.1890625 0.0203125 0.025
0 0.34921875 0.0921875 0.0234375 0.03125
0 0.2890625 0.17890625 0.025 0.0296875
0 0.02421875 0.1015625 0.0203125 0.025
0 1.04140625 0.03515625 0.0140625 0.0234375
0 1.08984375 0.1140625 0.0234375 0.025
