0 1.5140625 0.3171875 0.03125 0.0375
0 1.4859375 0.28515625 0.025 0.0296875
0 1.36640625 0.28203125 0.0265625 0.0296875
0 1.4328125 0.3109375 0.028125 0.034375
0 1.35 0.31328125 0.03125 0.0390625
0 1.2546875 0.2984375 0.03125 0.0375
0 1.2765625 0.29765625 0.01875 0.0328125
0 1.1890625 0.2984375 0.028125 0.028125
0 1.2265625 0.30234375 0.021875 0.0265625
0 0.9921875 0.2890625 0.01875 0.034375
0 0.97265625 0.29921875 0.0296875 0.0359375
0 0.89375 0.30234375 0.03125 0.0390625
0 0.8 0.38671875 0.05625 0.0640625
0 0.79921875 0.3046875 0.0296875 0.034375
0 0.76171875 0.2703125 0.0265625 0.0375
0 0.82109375 0.2625 0.0265625 0.03125
0 0.87265625 0.29296875 0.0265625 0.0484375
0 0.728125 0.29765625 0.03125 0.0390625
0 0.615625 0.29765625 0.028125 0.0421875
0 0.621875 0.21640625 0.028125 0.0390625
0 0.50859375 0.2984375 0.0328125 0.034375
0 0.4734375 0.28671875 0.028125 0.0390625
0 0.41640625 0.24609375 0.0265625 0.0359375
0 0.3546875 0.29375 0.028125 0.034375
0 0.27890625 0.28359375 0.0359375 0.0421875
0 0.29765625 0.24765625 0.0296875 0.0359375
0 0.14453125 0.28359375 0.0296875 0.0390625
0 0.1625 0.240625 0.028125 0.0375
0 0.065625 0.24609375 0.03125 0.0421875
