0 1.48515625 0.54375 0.1078125 0.075
0 1.36796875 0.41875 0.0734375 0.06875
0 1.27265625 0.471875 0.0546875 0.059375
0 1.221875 0.453125 0.046875 0.053125
0 1.16640625 0.4328125 0.0421875 0.046875
0 1.20625 0.39296875 0.028125 0.0328125
0 1.07890625 0.47890625 0.0921875 0.0859375
0 1.21171875 0.30390625 0.0203125 0.0203125
0 0.86171875 0.26015625 0.0421875 0.0421875
0 0.7390625 0.49140625 0.08125 0.0828125
0 0.584375 0.265625 0.05 0.046875
0 0.3875 0.4953125 0.109375 0.109375
0 0.23515625 0.52578125 0.0453125 0.0546875
0 0.171875 0.48125 0.053125 0.08125
0 0.09921875 0.48671875 0.0828125 0.0828125
