0 1.45703125 0.5796875 0.0609375 0.090625
0 1.34453125 0.6546875 0.0515625 0.078125
0 1.12890625 0.62578125 0.0703125 0.0890625
0 0.58515625 0.47421875 0.1546875 0.1953125
0 0.80234375 0.659375 0.0609375 0.08125
0 0.92578125 0.65859375 0.0609375 0.0890625
0 0.24453125 0.64453125 0.0671875 0.0921875
0 0.0734375 0.6421875 0.065625 0.090625
0 1.5671875 0.159375 0.065625 0.1125
0 1.525 0.03515625 0.05 0.0609375
0 1.41484375 0.16171875 0.0734375 0.0953125
0 1.2375 0.1453125 0.053125 0.084375
0 1.13828125 0.1625 0.0609375 0.08125
0 1.25078125 0.03125 0.0640625 0.0625
0 1.09921875 0.0234375 0.0609375 0.046875
0 0.9390625 0.02578125 0.05625 0.0515625
0 0.84609375 0.0203125 0.0546875 0.040625
0 0.7328125 0.04921875 0.053125 0.0671875
0 0.58828125 0.11953125 0.0703125 0.0859375
0 0.46484375 0.14296875 0.0671875 0.0921875
0 0.26328125 0.1359375 0.0734375 0.1125
0 0.1609375 0.13203125 0.0625 0.0828125
0 0.0328125 0.13359375 0.05 0.0953125
