0 1.46953125 0.1265625 0.0546875 0.075
0 1.271875 0.165625 0.0625 0.06875
0 1.58046875 0.0265625 0.0359375 0.053125
0 1.48203125 0.0421875 0.0484375 0.0625
0 1.40703125 0.0265625 0.0484375 0.053125
0 1.31328125 0.03125 0.0546875 0.0625
0 1.2265625 0.0640625 0.034375 0.046875
0 1.11328125 0.121875 0.0484375 0.065625
0 1.015625 0.10703125 0.05625 0.0703125
0 1.1109375 0.05390625 0.03125 0.0359375
0 0.78984375 0.11875 0.0515625 0.05625
0 0.8953125 0.03359375 0.046875 0.0578125
0 0.82578125 0.0375 0.0453125 0.0625
0 0.684375 0.0328125 0.059375 0.059375
0 0.6140625 0.0515625 0.040625 0.059375
0 0.553125 0.12265625 0.040625 0.0640625
0 0.4265625 0.040625 0.04375 0.059375
0 0.421875 0.13359375 0.05625 0.0703125
0 0.33203125 0.17421875 0.0546875 0.0390625
0 0.22578125 0.115625 0.0421875 0.0625
0 0.2015625 0.0453125 0.046875 0.053125
0 0.15 0.0421875 0.034375 0.040625
0 0.10625 0.13203125 0.034375 0.0421875
0 0.03984375 0.04453125 0.0484375 0.0609375
