0 1.54140625 0.33828125 0.0265625 0.0359375
0 1.5921875 0.31953125 0.015625 0.0296875
0 1.47890625 0.30625 0.0265625 0.034375
0 1.45625 0.31171875 0.021875 0.0296875
0 1.42109375 0.31171875 0.0203125 0.0296875
0 1.3625 0.3078125 0.021875 0.028125
0 1.3859375 0.2921875 0.028125 0.028125
0 1.2671875 0.30546875 0.01875 0.0234375
0 1.24453125 0.3015625 0.0203125 0.028125
0 1.33828125 0.29140625 0.0203125 0.0265625
0 1.32109375 0.2875 0.0203125 0.03125
0 1.20546875 0.31875 0.0203125 0.034375
0 1.171875 0.3078125 0.025 0.03125
0 1.13984375 0.31875 0.0234375 0.028125
0 0.965625 0.29921875 0.06875 0.0984375
0 0.890625 0.303125 0.025 0.034375
0 1.08203125 0.3046875 0.0203125 0.034375
0 1.1171875 0.30390625 0.021875 0.0203125
0 1.1046875 0.26875 0.0125 0.021875
0 0.80703125 0.3421875 0.0671875 0.0875
0 0.6015625 0.275 0.021875 0.034375
0 0.55625 0.31171875 0.021875 0.0328125
0 0.54609375 0.44921875 0.0234375 0.0265625
0 0.521875 0.32265625 0.025 0.0421875
0 0.48046875 0.30859375 0.0203125 0.0296875
0 0.3796875 0.3671875 0.04375 0.071875
0 0.346875 0.33203125 0.028125 0.0296875
0 0.3015625 0.309375 0.040625 0.053125
0 0.2203125 0.32109375 0.059375 0.0890625
0 0.04453125 0.45546875 0.0265625 0.0390625
0 0.08671875 0.303125 0.0140625 0.015625
0 0.06640625 0.31015625 0.0109375 0.0140625
0 0.040625 0.31015625 0.0125 0.0171875
0 0.02578125 0.3125 0.0109375 0.015625
0 0.01875 0.28828125 0.009375 0.0171875
0 0.01015625 0.28984375 0.0109375 0.0171875
