0 1.5296875 0.6984375 0.025 0.0375
0 1.4390625 0.62265625 0.021875 0.0296875
0 1.3703125 0.63046875 0.015625 0.0265625
0 1.4046875 0.6578125 0.01875 0.021875
0 1.415625 0.69296875 0.021875 0.0296875
0 1.38671875 0.7078125 0.0234375 0.0375
0 1.25234375 0.68671875 0.0234375 0.0390625
0 1.0859375 0.646875 0.021875 0.034375
0 1.0796875 0.61953125 0.021875 0.0296875
0 0.9703125 0.596875 0.021875 0.03125
0 0.87421875 0.74296875 0.0640625 0.0515625
0 0.7921875 0.63828125 0.021875 0.0328125
0 0.7390625 0.66484375 0.01875 0.0265625
0 0.678125 0.66328125 0.025 0.0328125
0 0.70078125 0.5265625 0.0171875 0.025
0 0.6125 0.615625 0.025 0.03125
0 0.48515625 0.5890625 0.0265625 0.034375
0 0.52265625 0.58515625 0.0203125 0.0265625
0 0.57578125 0.59609375 0.0203125 0.0328125
0 0.29453125 0.67890625 0.0296875 0.0484375
