0 1.53984375 0.55078125 0.0359375 0.0546875
0 1.4375 0.5484375 0.034375 0.046875
0 1.3296875 0.4984375 0.0375 0.04375
0 1.340625 0.4546875 0.034375 0.040625
0 1.41953125 0.46015625 0.0328125 0.0453125
0 1.49921875 0.4578125 0.0296875 0.046875
0 1.54921875 0.478125 0.0296875 0.046875
0 1.5609375 0.36484375 0.025 0.0421875
0 1.49375 0.35625 0.028125 0.04375
0 1.4109375 0.3640625 0.03125 0.040625
0 1.38671875 0.409375 0.0328125 0.04375
0 1.29609375 0.4125 0.0296875 0.04375
0 1.3046875 0.28046875 0.034375 0.0421875
0 1.40078125 0.271875 0.0296875 0.046875
0 1.50078125 0.284375 0.0390625 0.053125
0 1.315625 0.3828125 0.0375 0.05
0 1.23125 0.46015625 0.03125 0.0515625
0 1.2625 0.45234375 0.028125 0.0359375
0 1.525 0.07109375 0.03125 0.0421875
0 1.5640625 0.22421875 0.034375 0.0421875
0 1.56484375 0.17109375 0.0296875 0.0328125
0 1.49140625 0.234375 0.0296875 0.040625
0 1.47578125 0.1734375 0.0328125 0.04375
0 1.46796875 0.11796875 0.0265625 0.0296875
0 1.4109375 0.21015625 0.028125 0.0390625
0 1.36640625 0.17734375 0.0296875 0.0328125
0 1.30625 0.228125 0.03125 0.040625
0 1.303125 0.165625 0.028125 0.0375
0 1.3046875 0.1140625 0.028125 0.040625
0 1.38671875 0.10390625 0.0265625 0.0359375
0 1.4296875 0.07109375 0.034375 0.0421875
0 1.41875 0.021875 0.028125 0.034375
0 1.46875 0.01875 0.03125 0.0375
0 1.33984375 0.05546875 0.0328125 0.0453125
0 1.31796875 0.01953125 0.0265625 0.0390625
0 1.2171875 0.29765625 0.03125 0.0359375
0 1.2421875 0.2265625 0.028125 0.0375
0 1.22109375 0.1578125 0.0328125 0.040625
0 1.20625 0.10859375 0.028125 0.0453125
0 1.2703125 0.06953125 0.025 0.0390625
0 1.178125 0.0546875 0.034375 0.046875
0 1.16796875 0.01953125 0.0234375 0.0328125
0 1.11171875 0.05703125 0.0265625 0.0390625
0 1.13125 0.128125 0.034375 0.046875
0 1.1578125 0.175 0.03125 0.04375
0 1.15234375 0.22734375 0.0359375 0.0453125
0 1.1578125 0.284375 0.03125 0.04375
0 1.07421875 0.28359375 0.0359375 0.0421875
0 1.07734375 0.2234375 0.0359375 0.0375
0 1.0609375 0.1671875 0.03125 0.046875
0 1.046875 0.1140625 0.028125 0.0375
0 1.02734375 0.07109375 0.0328125 0.0421875
0 0.9953125 0.27421875 0.03125 0.0453125
0 0.99921875 0.22578125 0.0234375 0.0453125
0 0.9796875 0.178125 0.03125 0.04375
0 1.159375 0.53046875 0.0375 0.0515625
0 1.20703125 0.5359375 0.0453125 0.053125
0 1.14375 0.45546875 0.03125 0.0453125
0 1.1578125 0.409375 0.028125 0.040625
0 1.15390625 0.3609375 0.0265625 0.0375
0 1.21640625 0.353125 0.0296875 0.046875
0 1.18828125 0.36875 0.0171875 0.028125
0 1.0859375 0.40546875 0.028125 0.0421875
0 1.065625 0.3640625 0.028125 0.040625
0 1.065625 0.45546875 0.028125 0.0453125
0 0.9390625 0.48203125 0.034375 0.0484375
0 0.928125 0.4109375 0.0375 0.05
0 0.99140625 0.36015625 0.0328125 0.0421875
0 0.91796875 0.28828125 0.0328125 0.0453125
0 0.8625 0.47265625 0.04375 0.0546875
0 0.8234375 0.40703125 0.0375 0.0484375
0 0.7640625 0.46640625 0.034375 0.0484375
0 0.75078125 0.4171875 0.0359375 0.04375
0 0.82109375 0.359375 0.0328125 0.04375
0 0.8921875 0.3546875 0.034375 0.040625
0 0.83671875 0.28828125 0.0296875 0.0390625
0 0.7328125 0.2890625 0.03125 0.04375
0 0.6484375 0.29140625 0.0375 0.0484375
0 0.72421875 0.2375 0.0265625 0.034375
0 0.8265625 0.22578125 0.034375 0.0453125
0 0.9328125 0.2234375 0.0375 0.05
0 0.69609375 0.21875 0.0390625 0.05
0 0.7859375 0.1890625 0.034375 0.053125
0 0.83359375 0.16953125 0.0296875 0.0421875
0 0.88671875 0.16953125 0.0296875 0.0421875
0 0.88203125 0.11796875 0.0296875 0.0359375
0 0.9609375 0.1203125 0.034375 0.040625
0 0.94609375 0.06875 0.0328125 0.0375
0 0.8765625 0.06171875 0.028125 0.0421875
0 0.84609375 0.0234375 0.0265625 0.034375
0 0.80546875 0.06953125 0.0296875 0.0390625
0 0.77734375 0.121875 0.0265625 0.05
0 0.7046875 0.10703125 0.034375 0.0453125
0 0.7109375 0.16484375 0.028125 0.0453125
0 0.7578125 0.01953125 0.03125 0.0390625
0 0.72265625 0.09296875 0.0296875 0.0421875
0 0.58125 0.22265625 0.028125 0.0453125
0 0.49453125 0.2265625 0.0296875 0.04375
0 0.56328125 0.05859375 0.0328125 0.0421875
0 0.6296875 0.07421875 0.03125 0.0453125
0 0.60546875 0.0171875 0.0265625 0.034375
0 0.671875 0.0171875 0.028125 0.034375
0 0.478125 0.05859375 0.03125 0.0484375
0 0.434375 0.47109375 0.028125 0.0421875
0 0.35078125 0.5421875 0.0328125 0.05
0 0.25234375 0.51875 0.0328125 0.046875
0 0.15390625 0.5328125 0.0359375 0.05
0 0.0734375 0.4578125 0.0375 0.046875
0 0.06640625 0.41328125 0.0328125 0.0453125
0 0.159375 0.41640625 0.028125 0.0421875
0 0.26328125 0.475 0.0296875 0.0375
0 0.34765625 0.47734375 0.0359375 0.0484375
0 0.33359375 0.41953125 0.0359375 0.0453125
0 0.2828125 0.428125 0.040625 0.046875
0 0.2234375 0.3578125 0.03125 0.05
0 0.2359375 0.296875 0.03125 0.0375
0 0.1234375 0.35859375 0.034375 0.0515625
0 0.07421875 0.290625 0.0296875 0.04375
0 0.1609375 0.28125 0.03125 0.04375
0 0.3265625 0.28046875 0.028125 0.0421875
0 0.3515625 0.37265625 0.028125 0.0453125
0 0.10703125 0.23671875 0.0265625 0.0484375
0 0.18125 0.2171875 0.028125 0.046875
0 0.26171875 0.23671875 0.0265625 0.0390625
0 0.35 0.2265625 0.025 0.04375
0 0.375 0.11484375 0.03125 0.0421875
0 0.45 0.109375 0.03125 0.046875
0 0.384375 0.053125 0.028125 0.04375
0 0.3140625 0.06796875 0.03125 0.0359375
0 0.3546875 0.01796875 0.034375 0.0359375
0 0.2703125 0.015625 0.03125 0.03125
0 0.203125 0.0671875 0.03125 0.046875
0 0.20078125 0.1171875 0.0296875 0.0375
0 0.27109375 0.10546875 0.0296875 0.0484375
0 0.12265625 0.1265625 0.0296875 0.040625
0 0.13828125 0.17265625 0.0296875 0.0421875
0 0.06796875 0.17890625 0.0296875 0.0453125
0 0.04140625 0.11796875 0.0328125 0.0484375
0 0.0640625 0.06875 0.025 0.040625
0 0.1484375 0.084375 0.028125 0.04375
0 0.17734375 0.021875 0.0296875 0.040625
0 0.1328125 0.0203125 0.028125 0.040625
0 0.01484375 0.47265625 0.0296875 0.0390625
0 0.02109375 0.3546875 0.0296875 0.040625
0 0.02421875 0.228125 0.0234375 0.034375
0 0.17421875 0.46953125 0.0328125 0.0421875
0 0.9859375 0.484375 0.034375 0.05
