0 1.5125 0.34765625 0.03125 0.0328125
0 1.41953125 0.35390625 0.0234375 0.0359375
0 1.24375 0.30546875 0.028125 0.0359375
0 1.2109375 0.3359375 0.03125 0.04375
0 1.1125 0.334375 0.028125 0.0375
0 1.0796875 0.315625 0.03125 0.046875
0 1.0109375 0.33359375 0.03125 0.0421875
0 0.88984375 0.35390625 0.0734375 0.0984375
0 0.84765625 0.31796875 0.0171875 0.0234375
0 0.7421875 0.3234375 0.03125 0.040625
0 0.70859375 0.29453125 0.0328125 0.0359375
0 0.7953125 0.290625 0.01875 0.025
0 0.67109375 0.31171875 0.0296875 0.0390625
0 0.5984375 0.321875 0.025 0.0375
0 0.53515625 0.2984375 0.0265625 0.0375
0 0.5015625 0.2953125 0.021875 0.03125
0 0.4859375 0.32421875 0.028125 0.0359375
0 0.40703125 0.2921875 0.0171875 0.025
0 0.28046875 0.2921875 0.0203125 0.034375
0 0.2328125 0.27734375 0.028125 0.0359375
0 0.2296875 0.31328125 0.03125 0.0390625
0 0.1453125 0.28203125 0.0375 0.0390625
0 0.1234375 0.29375 0.034375 0.0375
0 0.03203125 0.3109375 0.0359375 0.0375
