0 0.33359375 0.328125 0.0453125 0.05
0 0.48203125 0.3359375 0.0359375 0.046875
0 0.628125 0.3265625 0.040625 0.046875
0 0.79921875 0.32890625 0.0359375 0.0484375
0 0.93984375 0.32890625 0.0390625 0.0484375
0 1.0984375 0.31640625 0.040625 0.0484375
0 1.2390625 0.32890625 0.040625 0.0484375
0 1.42734375 0.29765625 0.0484375 0.0421875
0 0.2671875 0.5453125 0.040625 0.053125
0 0.4890625 0.528125 0.040625 0.05625
0 0.7 0.5203125 0.04375 0.053125
0 0.89921875 0.5265625 0.0453125 0.05
0 1.090625 0.52421875 0.04375 0.0515625
0 1.3125 0.53203125 0.046875 0.0578125
0 0.171875 0.30625 0.04375 0.05
