0 1.26953125 0.35546875 0.1265625 0.1390625
0 1.2109375 0.175 0.1 0.1375
0 1.41953125 0.91328125 0.0765625 0.0859375
0 1.0984375 0.9484375 0.0625 0.096875
0 0.8296875 0.31875 0.059375 0.065625
0 0.8046875 0.21796875 0.0625 0.0796875
0 0.72265625 0.246875 0.0640625 0.0875
0 0.584375 0.1734375 0.115625 0.14375
0 0.85859375 0.05 0.0453125 0.05625
0 0.3234375 0.3203125 0.0625 0.075
0 0.2640625 0.275 0.05625 0.06875
0 0.20234375 0.2640625 0.0609375 0.071875
0 0.1359375 0.24296875 0.05625 0.0703125
0 0.15078125 0.3421875 0.0578125 0.065625
0 0.21953125 0.62734375 0.0578125 0.0765625
0 0.04765625 0.60234375 0.0640625 0.0859375
0 0.06796875 0.2765625 0.0578125 0.071875
0 0.01640625 0.28359375 0.0328125 0.0671875
0 1.18046875 1.03125 0.0421875 0.059375
0 1.2890625 1.0609375 0.01875 0.028125
0 1.27109375 1.0171875 0.0203125 0.025
0 1.35078125 0.9875 0.0203125 0.028125
0 1.21875 1.00859375 0.01875 0.0265625
0 0.88671875 0.290625 0.0546875 0.08125
0 0.74375 0.55703125 0.0625 0.0921875
0 1.565625 0.98359375 0.025 0.0328125
0 0.38125 0.6515625 0.05625 0.075
0 1.13046875 1.015625 0.0515625 0.0625
