0 1.1359375 0.63125 0.021875 0.028125
0 1.203125 0.596875 0.021875 0.021875
0 1.22578125 0.63359375 0.0171875 0.0234375
0 1.12265625 0.584375 0.0203125 0.028125
0 0.9375 0.66640625 0.025 0.0328125
0 1.01953125 0.6609375 0.0171875 0.028125
0 1.0171875 0.6234375 0.01875 0.021875
0 1.28203125 1.6171875 0.0703125 0.08125
0 1.43359375 1.53671875 0.0515625 0.0703125
0 1.01171875 1.48046875 0.0515625 0.0640625
0 0.7984375 1.52109375 0.053125 0.0640625
0 0.70625 1.56015625 0.05625 0.0703125
0 0.46328125 1.63046875 0.0515625 0.0671875
0 0.36328125 1.6328125 0.0609375 0.078125
0 0.36015625 1.478125 0.0515625 0.0625
0 0.22265625 1.4921875 0.0421875 0.05625
0 0.2171875 1.33125 0.05 0.071875
0 0.8203125 1.4140625 0.05625 0.08125
0 1.21953125 1.35703125 0.0515625 0.0703125
0 0.95859375 1.36640625 0.0453125 0.0734375
0 1.0359375 1.35390625 0.05 0.0703125
0 0.98984375 1.31953125 0.0484375 0.0609375
0 0.9359375 1.3046875 0.05625 0.075
0 0.97734375 1.253125 0.0421875 0.05625
0 0.8796875 1.22421875 0.053125 0.0640625
0 1.17265625 1.61796875 0.0546875 0.0734375
0 1.24609375 1.62890625 0.0546875 0.0671875
0 0.4546875 1.34453125 0.05 0.0703125
0 0.46171875 1.25859375 0.0421875 0.0546875
0 0.70625 1.42734375 0.04375 0.0734375
0 1.05078125 1.5953125 0.0609375 0.078125
0 0.86953125 1.61171875 0.0546875 0.0734375
0 0.0609375 0.8296875 0.01875 0.028125
0 0.17578125 0.84765625 0.0203125 0.0265625
0 0.20078125 0.8375 0.0265625 0.025
0 0.7796875 1.2 0.025 0.034375
0 0.4703125 1.45078125 0.04375 0.0671875
0 0.2234375 1.39921875 0.028125 0.0515625
