0 1.53046875 1.30078125 0.0453125 0.0484375
0 1.38203125 1.3734375 0.0796875 0.075
0 1.26171875 1.28125 0.0453125 0.05625
0 0.96171875 1.30703125 0.0703125 0.0734375
0 0.778125 1.3296875 0.05625 0.071875
0 0.40625 1.33671875 0.09375 0.1046875
0 0.58125 1.3203125 0.028125 0.040625
0 0.6796875 1.2875 0.028125 0.0375
0 0.1734375 1.3375 0.04375 0.05
0 0.2921875 1.3609375 0.05 0.05625
0 0.64453125 1.43125 0.0484375 0.05625
0 1.12734375 1.30625 0.0265625 0.03125
0 0.86484375 1.32421875 0.0234375 0.0328125
0 0.3265625 1.2796875 0.0125 0.01875
