0 1.33671875 0.71796875 0.0328125 0.0546875
0 0.79375 0.78125 0.01875 0.03125
0 0.83125 0.7453125 0.025 0.03125
0 0.1390625 0.83671875 0.028125 0.0671875
0 0.23125 0.86328125 0.025 0.0578125
0 0.20234375 0.759375 0.0109375 0.015625
0 0.10859375 0.821875 0.0203125 0.021875
0 0.10390625 0.85703125 0.0203125 0.0234375
0 0.79140625 0.29140625 0.0390625 0.0546875
0 1.078125 0.24765625 0.046875 0.0609375
0 0.06484375 0.84921875 0.0265625 0.0328125
0 1.515625 1.01171875 0.15625 0.1109375
0 1.16328125 0.9765625 0.1265625 0.159375
0 1.57734375 0.81484375 0.0453125 0.0796875
0 1.43125 0.73125 0.0625 0.04375
0 0.9140625 0.83671875 0.08125 0.1171875
0 1.1328125 0.81875 0.046875 0.05
0 1.10703125 0.73984375 0.0421875 0.0359375
0 1.17890625 0.76640625 0.0390625 0.0453125
0 1.56796875 0.73671875 0.0640625 0.0640625
0 0.6234375 0.93984375 0.040625 0.0546875
0 0.2421875 1.0375 0.1125 0.059375
0 0.6765625 0.85078125 0.0375 0.0296875
0 0.71796875 0.7921875 0.0328125 0.040625
0 0.41953125 0.8859375 0.0515625 0.059375
0 0.34609375 0.8625 0.0265625 0.034375
0 0.56796875 0.78515625 0.0234375 0.0296875
0 1.25859375 0.7421875 0.0234375 0.034375
0 0.38515625 0.76171875 0.0171875 0.0203125
0 0.46015625 0.8046875 0.0171875 0.021875
0 0.52890625 0.8171875 0.0203125 0.021875
0 0.4109375 0.8015625 0.01875 0.025
0 0.4484375 0.75 0.015625 0.015625
0 0.4265625 0.76640625 0.021875 0.0234375
0 0.35390625 0.75 0.0203125 0.021875
0 0.52421875 0.77109375 0.0171875 0.0171875
0 0.75234375 0.8515625 0.0234375 0.04375
0 0.734375 0.99609375 0.053125 0.0765625
0 0.6484375 0.8046875 0.01875 0.025
0 0.6671875 0.759375 0.01875 0.03125
0 1.078125 0.753125 0.025 0.028125
0 1.28984375 0.74140625 0.0515625 0.0484375
0 0.24453125 0.7734375 0.0171875 0.021875
0 0.4921875 0.83828125 0.021875 0.0265625
0 0.328125 0.7515625 0.015625 0.01875
0 0.403125 0.7703125 0.015625 0.015625
0 0.46953125 0.89375 0.0265625 0.03125
0 0.6875 0.925 0.05625 0.05625
0 0.60390625 0.77578125 0.0140625 0.0203125
0 0.63203125 0.753125 0.0171875 0.025
0 0.56875 0.76015625 0.01875 0.0234375
