0 1.47890625 0.1421875 0.1046875 0.125
0 1.24296875 0.26484375 0.0796875 0.0984375
0 1.01640625 0.1046875 0.0796875 0.09375
0 0.89609375 0.20859375 0.0703125 0.0984375
0 0.159375 0.26640625 0.109375 0.1515625
0 0.5109375 0.27734375 0.090625 0.1171875
0 0.7984375 0.5703125 0.0875 0.103125
0 0.7421875 0.1734375 0.059375 0.075
0 1.25625 0.06484375 0.090625 0.0921875
0 0.45625 0.140625 0.075 0.0875
0 0.96796875 0.14453125 0.0609375 0.0734375
0 0.31484375 0.17109375 0.0578125 0.0828125
0 0.19140625 0.1671875 0.0703125 0.06875
0 0.38046875 0.32265625 0.0578125 0.0640625
0 1.1359375 0.1234375 0.06875 0.071875
0 0.940625 0.57734375 0.071875 0.1015625
0 1.16875 0.5546875 0.090625 0.096875
