0 0.315625 1.50859375 0.059375 0.0703125
0 0.71015625 1.49921875 0.0640625 0.0765625
0 0.81328125 1.48515625 0.0515625 0.0671875
0 0.93671875 1.27109375 0.0546875 0.0703125
0 1.15078125 1.5359375 0.0671875 0.084375
0 0.79453125 1.28125 0.0421875 0.065625
0 0.67578125 1.2296875 0.0234375 0.03125
0 0.5546875 1.33671875 0.05625 0.0703125
0 0.26875 1.5078125 0.04375 0.065625
0 1.36640625 1.32265625 0.0546875 0.0734375
0 1.15078125 1.23515625 0.0515625 0.0703125
0 1.31171875 1.18046875 0.0484375 0.0671875
0 1.4078125 1.31875 0.0375 0.06875
0 1.23984375 1.496875 0.0546875 0.06875
0 0.33671875 0.88203125 0.0265625 0.0390625
0 0.29921875 0.890625 0.0234375 0.03125
0 0.95 0.85 0.025 0.025
0 0.85703125 0.7671875 0.0234375 0.03125
0 0.9609375 0.65234375 0.01875 0.0359375
0 1.0265625 0.82265625 0.021875 0.0328125
0 0.8328125 0.88203125 0.025 0.0296875
0 0.45703125 0.79140625 0.0296875 0.0328125
0 0.171875 0.80390625 0.01875 0.0296875
0 1.17734375 0.60703125 0.0203125 0.0234375
0 1.23984375 0.59140625 0.0171875 0.0234375
0 1.3875 0.6765625 0.01875 0.03125
0 1.34453125 0.69453125 0.0171875 0.0296875
0 0.97421875 0.69921875 0.0203125 0.0265625
0 0.9625 0.76796875 0.015625 0.0265625
0 0.76015625 1.23125 0.0359375 0.05625
0 0.871875 1.24921875 0.04375 0.0703125
0 1.271875 1.16328125 0.0375 0.0640625
0 0.421875 1.38203125 0.025 0.0328125
