0 1.37734375 0.3859375 0.0953125 0.121875
0 1.396875 0.734375 0.134375 0.203125
0 1.1015625 0.49921875 0.153125 0.1890625
0 1.146875 0.26875 0.0375 0.04375
0 0.9171875 0.384375 0.134375 0.15625
0 0.41484375 0.2109375 0.0515625 0.059375
0 0.5765625 0.18828125 0.040625 0.0515625
0 0.73671875 0.53671875 0.0921875 0.1109375
0 0.7546875 0.33046875 0.05 0.0765625
0 0.7328125 0.3765625 0.040625 0.059375
0 0.66484375 0.39375 0.0515625 0.0625
0 0.33828125 0.296875 0.0921875 0.221875
0 0.4234375 0.50390625 0.065625 0.1265625
0 0.584375 0.44375 0.10625 0.10625
