0 0.825 0.31640625 0.090625 0.0703125
0 0.1359375 0.20078125 0.053125 0.0671875
0 0.4078125 0.17578125 0.040625 0.0390625
0 0.3296875 0.16640625 0.021875 0.0296875
0 0.60703125 0.23515625 0.0609375 0.0703125
0 0.63828125 0.19453125 0.0296875 0.0390625
0 0.99609375 0.1703125 0.0296875 0.040625
0 1.15078125 0.1890625 0.0390625 0.05625
0 1.2734375 0.22734375 0.059375 0.0703125
0 1.46171875 0.20625 0.0421875 0.05625
0 0.21328125 0.165625 0.0265625 0.0375
0 0.746875 0.1625 0.015625 0.021875
0 1.075 0.16796875 0.021875 0.0296875
0 1.52109375 0.171875 0.0234375 0.034375
0 1.40078125 0.1609375 0.0203125 0.021875
