0 0.15546875 0.2703125 0.0453125 0.05625
0 0.2921875 0.2921875 0.059375 0.053125
0 0.528125 0.3 0.040625 0.053125
0 0.58203125 0.346875 0.0390625 0.046875
0 0.63984375 0.3453125 0.0359375 0.05
0 0.82578125 0.3015625 0.0359375 0.05
0 0.91796875 0.284375 0.0390625 0.05
0 0.81328125 0.44140625 0.0421875 0.0515625
0 0.99375 0.36875 0.04375 0.046875
0 1.06328125 0.3015625 0.0484375 0.040625
0 1.23984375 0.28515625 0.0421875 0.0515625
0 1.3203125 0.32890625 0.05 0.0609375
0 1.44375 0.30703125 0.04375 0.0578125
