0 0.1984375 0.2828125 0.025 0.034375
0 0.34296875 0.31328125 0.0296875 0.0328125
0 0.48984375 0.3515625 0.0234375 0.03125
0 0.52734375 0.33203125 0.0203125 0.0296875
0 0.65390625 0.33046875 0.0234375 0.0265625
0 0.61796875 0.37734375 0.0203125 0.0328125
0 0.73984375 0.390625 0.0203125 0.028125
0 0.73359375 0.3453125 0.0203125 0.028125
0 0.7671875 0.34296875 0.021875 0.0265625
0 1.1703125 0.428125 0.021875 0.03125
0 1.14609375 0.5421875 0.0234375 0.03125
0 0.97421875 0.5609375 0.0328125 0.046875
0 0.9890625 0.4015625 0.021875 0.025
0 0.8765625 0.40234375 0.01875 0.0265625
0 0.92578125 0.35625 0.0203125 0.025
0 0.8015625 0.39375 0.01875 0.028125
0 1.08359375 0.44375 0.0171875 0.025
0 0.94609375 0.4109375 0.0171875 0.025
0 0.8171875 0.36796875 0.01875 0.0265625
