0 0.34375 0.5984375 0.034375 0.04375
0 0.27109375 0.58984375 0.0265625 0.0421875
0 0.2375 0.5921875 0.025 0.05
0 0.79921875 0.61484375 0.0140625 0.0390625
0 0.64296875 0.69765625 0.0328125 0.0453125
0 1.040625 0.9046875 0.025 0.075
0 0.0109375 0.43359375 0.015625 0.0234375
0 0.00546875 0.40625 0.0109375 0.025
0 0.0546875 0.39765625 0.0125 0.0203125
0 0.07890625 0.4015625 0.0140625 0.021875
0 0.1109375 0.4390625 0.01875 0.025
0 0.05234375 0.48125 0.0203125 0.025
0 0.1078125 0.54375 0.01875 0.025
0 0.1609375 0.553125 0.015625 0.021875
0 0.14140625 0.428125 0.0171875 0.021875
0 0.11640625 0.3921875 0.0109375 0.015625
0 0.203125 0.4203125 0.015625 0.025
0 0.246875 0.41484375 0.015625 0.0203125
0 0.26875 0.40859375 0.0125 0.0203125
0 0.6125 0.57734375 0.021875 0.0359375
0 1.06875 0.55625 0.01875 0.028125
0 0.98828125 0.56796875 0.0234375 0.0265625
0 0.8625 0.50390625 0.015625 0.0234375
0 0.953125 0.5 0.015625 0.025
0 0.921875 0.48515625 0.021875 0.0328125
0 0.284375 0.52421875 0.0125 0.0234375
0 0.30078125 0.54453125 0.0140625 0.0234375
0 0.2734375 0.55625 0.015625 0.025
0 0.33515625 0.5546875 0.0171875 0.021875
0 0.3609375 0.53515625 0.021875 0.0296875
0 0.3875 0.5359375 0.0125 0.01875
0 0.303125 0.43203125 0.015625 0.0234375
0 0.3296875 0.41640625 0.015625 0.0203125
0 0.3609375 0.42421875 0.0125 0.0171875
0 0.3984375 0.40703125 0.0125 0.0203125
0 0.403125 0.43984375 0.015625 0.0234375
0 0.4171875 0.4234375 0.015625 0.01875
0 0.46875 0.41875 0.015625 0.025
0 0.51953125 0.44609375 0.0140625 0.0203125
0 0.53671875 0.41953125 0.0140625 0.0203125
0 0.55625 0.42734375 0.0125 0.0203125
0 0.91171875 0.4296875 0.0171875 0.021875
0 1.1234375 0.4328125 0.0125 0.021875
0 1.1578125 0.43671875 0.0125 0.0171875
0 1.175 0.44765625 0.0125 0.0171875
0 1.1890625 0.42578125 0.0125 0.0203125
0 1.1984375 0.43984375 0.015625 0.0171875
0 1.17109375 0.5 0.0140625 0.01875
0 1.2046875 0.51015625 0.01875 0.0234375
0 1.2484375 0.5015625 0.015625 0.01875
0 1.27265625 0.509375 0.0203125 0.021875
0 1.26328125 0.44765625 0.0171875 0.0234375
0 1.3109375 0.58671875 0.025 0.0359375
0 1.32421875 0.5015625 0.0171875 0.025
0 1.34921875 0.44296875 0.0171875 0.0234375
0 1.4046875 0.44296875 0.015625 0.0234375
0 1.3875 0.50703125 0.015625 0.0234375
0 1.4453125 0.49609375 0.01875 0.0234375
0 1.46953125 0.58203125 0.0171875 0.0203125
0 1.48515625 0.6046875 0.0140625 0.01875
0 1.4859375 0.50234375 0.015625 0.0171875
0 1.4796875 0.48046875 0.015625 0.0203125
0 1.51015625 0.49609375 0.0171875 0.0203125
0 1.509375 0.52421875 0.015625 0.0203125
0 1.47578125 0.440625 0.0140625 0.01875
0 1.546875 0.42265625 0.015625 0.0203125
0 1.55390625 0.5046875 0.0140625 0.021875
0 1.5484375 0.5640625 0.01875 0.028125
