0 0.20859375 0.25234375 0.0953125 0.1453125
0 0.2921875 0.30234375 0.078125 0.1203125
0 0.54296875 0.27109375 0.0921875 0.1046875
0 0.81640625 0.25625 0.1140625 0.146875
0 1.375 0.26171875 0.084375 0.1109375
0 1.0359375 0.21171875 0.075 0.0890625
0 0.18984375 0.06640625 0.0453125 0.0609375
0 0.03046875 0.20546875 0.0578125 0.0796875
0 0.3125 0.04296875 0.04375 0.0578125
0 0.41875 0.1578125 0.046875 0.071875
0 0.65 0.05546875 0.05 0.0703125
0 0.71328125 0.22421875 0.0484375 0.0671875
0 1.159375 0.44140625 0.0875 0.0859375
0 1.16015625 0.28125 0.0359375 0.059375
0 1.225 0.29296875 0.040625 0.0546875
0 0.87578125 0.178125 0.0359375 0.053125
0 1.0359375 0.1234375 0.04375 0.05
0 1.32421875 0.13125 0.0265625 0.0375
0 1.4828125 0.16328125 0.05 0.0546875
0 1.53203125 0.3875 0.0609375 0.075
0 1.5625 0.27578125 0.034375 0.0484375
0 0.9765625 0.38984375 0.053125 0.0890625
0 1.49140625 0.24375 0.0359375 0.034375
0 1.28671875 0.23359375 0.0359375 0.0484375
0 0.61328125 0.21953125 0.0484375 0.0703125
0 1.1015625 0.20390625 0.040625 0.0609375
0 1.41484375 0.05 0.0296875 0.040625
0 1.40390625 0.1328125 0.0296875 0.040625
