0 0.14140625 0.4265625 0.0546875 0.075
0 0.24453125 0.5859375 0.0671875 0.090625
0 0.353125 0.484375 0.046875 0.071875
0 0.38515625 0.36015625 0.0578125 0.0734375
0 0.553125 0.4390625 0.046875 0.059375
0 0.48828125 0.6015625 0.0609375 0.078125
0 0.77265625 0.47578125 0.0515625 0.0703125
0 0.90234375 0.4171875 0.0515625 0.078125
0 0.8859375 0.5640625 0.053125 0.06875
0 1.01796875 0.4671875 0.0453125 0.071875
0 1.12421875 0.41171875 0.0515625 0.0734375
0 1.3109375 0.38828125 0.05 0.0703125
0 1.42734375 0.43125 0.0609375 0.071875
0 1.2484375 0.56640625 0.05 0.0765625
