0 1.34296875 1.13984375 0.0109375 0.0171875
0 0.53359375 0.584375 0.0109375 0.01875
0 0.71953125 0.50390625 0.0078125 0.0109375
0 0.69609375 0.50234375 0.0078125 0.0109375
0 0.828125 0.5203125 0.009375 0.0125
0 0.76875 0.52109375 0.009375 0.0078125
0 0.79765625 0.5015625 0.0109375 0.0125
0 0.8796875 0.49296875 0.009375 0.0140625
0 0.91484375 0.496875 0.0078125 0.0125
0 0.95234375 0.50390625 0.0078125 0.0109375
0 0.98046875 0.5046875 0.0078125 0.0125
0 0.5109375 0.309375 0.00625 0.009375
0 0.5671875 0.3 0.009375 0.0125
0 0.7328125 0.31640625 0.009375 0.0109375
0 0.71171875 0.3109375 0.0078125 0.009375
0 0.803125 0.3125 0.0125 0.0125
0 0.778125 0.31015625 0.009375 0.0109375
0 0.809375 0.28828125 0.009375 0.0109375
0 0.90546875 0.31171875 0.0109375 0.0109375
0 1.22734375 0.3109375 0.0078125 0.009375
0 1.109375 0.5828125 0.0125 0.01875
0 0.65859375 0.91875 0.0140625 0.015625
0 0.22734375 1.1109375 0.0140625 0.0125
0 0.13671875 1.11953125 0.0140625 0.0171875
0 0.3 1.1046875 0.009375 0.0125
0 0.3046875 1.08359375 0.009375 0.0171875
0 0.37265625 1.0375 0.0140625 0.015625
0 0.4046875 1.0453125 0.0125 0.015625
0 0.46015625 1.0734375 0.0140625 0.01875
0 0.44453125 1.009375 0.0109375 0.015625
0 0.56640625 0.98828125 0.0109375 0.0140625
0 0.5609375 0.9625 0.0125 0.009375
0 0.64296875 0.96328125 0.0140625 0.0140625
0 0.64609375 0.94765625 0.0109375 0.0140625
0 0.74921875 0.98671875 0.0140625 0.0171875
0 0.83984375 0.9515625 0.0078125 0.0125
0 0.81171875 0.97421875 0.0109375 0.0140625
0 0.8640625 0.9328125 0.0125 0.0125
0 0.99765625 0.95703125 0.0109375 0.0109375
0 1.24765625 1.07265625 0.0140625 0.0140625
0 1.13515625 1.003125 0.0109375 0.0125
0 1.440625 1.14140625 0.015625 0.0171875
0 1.23359375 1.1015625 0.0109375 0.015625
0 1.07421875 0.99296875 0.0140625 0.0140625
0 0.89140625 0.94453125 0.0109375 0.0171875
0 0.23671875 1.08515625 0.0109375 0.0171875
0 0.4328125 1.05078125 0.0125 0.0140625
0 1.03515625 0.5890625 0.0109375 0.015625
0 1.2921875 0.5828125 0.009375 0.015625
0 1.3359375 0.590625 0.0125 0.015625
0 0.81953125 0.48984375 0.0109375 0.0140625
0 0.64453125 0.49140625 0.0109375 0.0109375
0 0.6609375 0.503125 0.009375 0.009375
0 1.0609375 0.409375 0.009375 0.0125
0 0.578125 0.35234375 0.0125 0.0140625
0 1.1546875 1.09921875 0.01875 0.0171875
