0 0.23125 0.490625 0.04375 0.046875
0 0.2875 0.46484375 0.053125 0.0609375
0 0.41015625 0.46640625 0.0578125 0.0640625
0 0.54140625 0.51484375 0.0390625 0.0609375
0 0.4234375 0.30859375 0.034375 0.0421875
0 0.5359375 0.40546875 0.0375 0.0484375
0 0.653125 0.38125 0.034375 0.04375
0 0.70625 0.31171875 0.034375 0.0453125
0 0.7546875 0.353125 0.040625 0.05
0 0.85859375 0.378125 0.0421875 0.05625
0 1.04609375 0.53515625 0.0359375 0.0765625
0 1.00390625 0.40234375 0.0484375 0.0671875
0 0.8859375 0.325 0.04375 0.053125
0 0.9515625 0.3203125 0.028125 0.040625
0 1.496875 0.41171875 0.05625 0.0703125
0 1.20546875 0.35234375 0.0328125 0.0390625
0 1.49765625 0.3515625 0.0328125 0.040625
0 0.5578125 0.33984375 0.025 0.0390625
