0 0.30390625 0.44921875 0.0578125 0.0671875
0 0.60078125 0.4234375 0.0765625 0.090625
0 0.5953125 0.67578125 0.084375 0.1046875
0 0.36015625 0.6234375 0.0703125 0.09375
0 0.4265625 0.7421875 0.084375 0.1
0 0.29609375 0.72734375 0.0921875 0.1171875
0 0.21953125 0.63203125 0.0796875 0.0953125
0 0.834375 0.6515625 0.078125 0.103125
0 0.9140625 0.5578125 0.065625 0.071875
0 1.0375 0.596875 0.08125 0.1
0 1.10859375 0.61875 0.0484375 0.071875
0 1.0125 0.815625 0.084375 0.09375
0 1.3203125 0.8140625 0.09375 0.10625
