0 0.55546875 0.8 0.0359375 0.04375
0 0.2875 0.93984375 0.015625 0.0203125
0 0.39453125 0.80703125 0.0515625 0.0765625
0 0.22734375 0.77109375 0.0171875 0.0203125
0 0.5265625 0.71015625 0.025 0.0296875
0 1.04921875 1.1421875 0.0296875 0.015625
0 0.51875 0.28046875 0.0125 0.0140625
0 0.70625 0.36796875 0.0125 0.0171875
0 0.67109375 0.37265625 0.0140625 0.0171875
0 0.86484375 0.4921875 0.0390625 0.046875
0 0.53046875 0.4921875 0.0328125 0.05
0 1.06484375 0.2921875 0.0203125 0.0375
0 0.84296875 0.71640625 0.0234375 0.0234375
0 0.39296875 0.465625 0.0078125 0.015625
0 0.29296875 0.0625 0.0078125 0.009375
0 0.51875 0.08984375 0.009375 0.0109375
0 0.6734375 0.20859375 0.0125 0.0140625
0 0.7 0.21328125 0.0125 0.0140625
