0 0.48125 0.28203125 0.1125 0.1453125
0 0.84609375 0.503125 0.1171875 0.1375
0 0.2375 0.09296875 0.153125 0.1765625
0 0.20390625 0.39140625 0.1328125 0.1484375
0 0.146875 0.60625 0.121875 0.159375
0 0.35859375 0.68515625 0.1390625 0.1390625
0 0.4390625 0.59765625 0.13125 0.1484375
0 0.63984375 0.590625 0.1265625 0.134375
0 1.02734375 0.38984375 0.1515625 0.1328125
0 1.22890625 0.48203125 0.1265625 0.1609375
0 1.415625 0.58203125 0.10625 0.1578125
0 1.4921875 0.60625 0.14375 0.146875
0 1.5390625 0.315625 0.121875 0.153125
