0 1.346875 0.69453125 0.125 0.1421875
0 1.3 0.62734375 0.075 0.1359375
0 1.1578125 0.57734375 0.065625 0.0921875
0 0.15 0.60859375 0.146875 0.1984375
0 0.440625 0.553125 0.10625 0.11875
0 0.54375 0.4828125 0.078125 0.090625
0 0.303125 0.63359375 0.065625 0.0890625
0 0.4765625 1.02890625 0.16875 0.0546875
0 0.1375 0.40625 0.084375 0.084375
0 0.11015625 0.34765625 0.0671875 0.0828125
0 0.36796875 0.38359375 0.0734375 0.0859375
0 0.459375 0.36796875 0.0625 0.0734375
0 0.6328125 0.32734375 0.053125 0.0609375
0 0.17890625 0.2828125 0.0609375 0.075
0 0.090625 0.24765625 0.04375 0.0484375
0 0.38671875 0.25 0.0265625 0.053125
0 0.871875 0.13984375 0.0375 0.0546875
0 0.59296875 0.30390625 0.0515625 0.0546875
0 0.4953125 0.7203125 0.10625 0.109375
0 0.396875 0.1984375 0.0375 0.05
0 0.54453125 0.2109375 0.0265625 0.0375
0 0.51328125 0.21875 0.0296875 0.046875
