0 0.27421875 0.6203125 0.0578125 0.065625
0 0.57109375 0.90234375 0.1953125 0.1828125
0 0.7359375 0.5421875 0.05 0.05
0 0.58984375 0.51171875 0.0640625 0.0671875
0 0.89609375 0.52578125 0.0359375 0.0484375
0 1.43671875 0.5375 0.0359375 0.05
0 1.25 0.525 0.0375 0.05
0 1.10234375 0.49375 0.0328125 0.04375
0 1.30703125 0.38359375 0.0140625 0.0171875
0 0.97890625 0.3875 0.0140625 0.01875
0 0.925 0.375 0.01875 0.021875
0 1.08359375 0.371875 0.0140625 0.01875
0 0.8859375 0.396875 0.01875 0.01875
0 0.94921875 0.403125 0.0203125 0.021875
0 1.11875 0.36328125 0.01875 0.0265625
0 1.10703125 0.3984375 0.0203125 0.028125
0 1.3734375 0.38046875 0.021875 0.0234375
