0 0.20703125 0.74609375 0.0390625 0.0578125
0 0.30625 0.71640625 0.028125 0.0484375
0 1.1296875 0.8015625 0.0375 0.05
0 1.06484375 0.78203125 0.0296875 0.0328125
0 0.61015625 1.0484375 0.0359375 0.0625
0 0.64140625 1.0265625 0.0609375 0.059375
0 0.71953125 1.01015625 0.0640625 0.0921875
0 0.7953125 1.103125 0.075 0.1
0 1.228125 1.25625 0.128125 0.2125
0 1.35546875 0.80234375 0.0421875 0.0578125
0 1.50078125 0.9546875 0.0484375 0.071875
0 0.18359375 1.1671875 0.1046875 0.128125
0 0.1828125 0.98203125 0.046875 0.0671875
0 0.18359375 1.6140625 0.1859375 0.253125
