0 0.2 0.20625 0.0625 0.071875
0 0.04453125 0.2296875 0.0421875 0.05625
0 0.43125 0.09375 0.075 0.0875
0 0.6625 0.27890625 0.0625 0.0609375
0 0.4671875 0.809375 0.05 0.053125
0 0.31015625 0.6453125 0.0421875 0.05
0 0.28671875 0.871875 0.0484375 0.046875
0 0.1515625 0.91484375 0.021875 0.0234375
0 0.1640625 0.896875 0.021875 0.034375
0 0.66171875 0.71484375 0.0296875 0.0328125
0 0.52890625 0.73359375 0.0171875 0.0203125
0 0.42734375 0.7875 0.0234375 0.028125
0 0.48203125 0.76328125 0.0171875 0.0234375
0 0.52578125 0.7125 0.0140625 0.0125
0 0.63046875 0.71015625 0.0203125 0.0234375
0 0.36875 0.22734375 0.034375 0.0453125
0 0.14609375 0.26015625 0.0234375 0.0296875
0 0.5625 0.7484375 0.01875 0.025
0 0.178125 0.8609375 0.01875 0.021875
0 0.12890625 0.8484375 0.0140625 0.01875
0 0.69375 0.76796875 0.025 0.0359375
0 0.96328125 2.0078125 0.0234375 0.01875
