0 0.4859375 0.4375 0.025 0.028125
0 0.44375 0.50078125 0.025 0.0296875
0 0.59375 0.578125 0.034375 0.04375
0 0.65859375 0.4640625 0.0203125 0.034375
0 0.59765625 0.31328125 0.0203125 0.0234375
0 0.71875 0.8609375 0.04375 0.065625
0 0.73359375 0.39375 0.0203125 0.028125
0 0.79140625 0.56875 0.0328125 0.04375
0 0.5 0.52578125 0.028125 0.0328125
0 1.03828125 0.76484375 0.0328125 0.0515625
0 1.0171875 0.67109375 0.0375 0.0484375
0 1.16484375 0.46171875 0.0265625 0.0359375
0 0.94296875 0.425 0.0171875 0.028125
0 0.96484375 0.42265625 0.0203125 0.0296875
0 1.00078125 0.428125 0.0234375 0.025
0 0.890625 0.5015625 0.028125 0.034375
0 0.7828125 0.37890625 0.01875 0.0328125
0 0.6609375 0.3328125 0.015625 0.025
0 1.471875 0.34921875 0.021875 0.0265625
0 1.51953125 0.3625 0.0171875 0.021875
0 1.5203125 0.44609375 0.025 0.0328125
0 0.38359375 0.4484375 0.0234375 0.0375
0 0.475 0.33828125 0.021875 0.0296875
0 0.44609375 0.2765625 0.0140625 0.01875
0 1.58671875 0.5234375 0.0265625 0.03125
0 0.6125 0.47734375 0.025 0.0296875
0 0.0109375 0.36875 0.021875 0.028125
0 0.19375 0.46015625 0.01875 0.0296875
0 0.23828125 0.50390625 0.0296875 0.0390625
0 0.23125 0.63359375 0.0375 0.0484375
0 0.440625 0.56171875 0.021875 0.0328125
0 0.65 0.7359375 0.025 0.0375
