0 0.64296875 0.353125 0.2046875 0.25625
0 0.12890625 0.425 0.0453125 0.053125
0 0.87734375 0.365625 0.2015625 0.240625
0 1.08515625 0.40546875 0.1921875 0.2515625
0 1.45390625 0.36484375 0.0796875 0.0921875
0 0.5390625 1.42890625 0.146875 0.1953125
0 1.02890625 1.5109375 0.1109375 0.159375
0 0.1859375 2.5875 0.15 0.184375
0 0.96171875 2.64453125 0.1296875 0.1390625
0 0.6953125 2.47578125 0.115625 0.1546875
0 0.803125 2.56171875 0.0625 0.0765625
0 1.096875 2.61953125 0.05 0.0828125
0 0.31015625 2.60234375 0.0828125 0.1015625
0 0.0546875 2.65078125 0.075 0.0828125
0 1.296875 3.6875 0.271875 0.340625
0 0.95625 3.809375 0.153125 0.196875
0 0.65703125 3.9578125 0.1203125 0.153125
0 0.23125 3.88125 0.1 0.11875
0 0.534375 4.83046875 0.1125 0.1296875
0 1.36484375 4.76171875 0.0984375 0.1578125
0 0.71640625 6.4015625 0.2046875 0.240625
0 1.1234375 6.66171875 0.321875 0.3890625
0 1.23359375 6.18125 0.1796875 0.253125
0 0.7421875 5.88359375 0.059375 0.0609375
0 0.64921875 6.00703125 0.0703125 0.0890625
0 1.39140625 5.54921875 0.0984375 0.1171875
0 1.0328125 5.50390625 0.046875 0.0203125
0 0.74765625 7.08515625 0.1078125 0.1328125
0 1.30625 7.11484375 0.0625 0.0796875
0 0.5953125 7.27578125 0.053125 0.0703125
0 0.0671875 7.1890625 0.13125 0.175
0 0.86171875 7.059375 0.0484375 0.065625
0 0.4171875 8.08203125 0.240625 0.2953125
0 0.9703125 8.0125 0.153125 0.178125
0 0.675 8.046875 0.08125 0.115625
0 0.1 9.2546875 0.134375 0.190625
0 0.4921875 9.2984375 0.159375 0.209375
0 0.9578125 9.36796875 0.103125 0.1328125
0 1.265625 9.46640625 0.15 0.1828125
0 1.14921875 9.31484375 0.0890625 0.0953125
0 1.07734375 9.32734375 0.0609375 0.0828125
0 1.01328125 9.2640625 0.0703125 0.078125
0 0.64296875 9.3046875 0.0578125 0.071875
0 0.27265625 10.334375 0.1109375 0.128125
0 0.78046875 10.128125 0.1515625 0.196875
0 0.96640625 10.24609375 0.1390625 0.1671875
0 0.7921875 11.37421875 0.240625 0.2859375
0 1.24609375 11.275 0.3296875 0.3375
0 0.559375 12.525 0.215625 0.25625
0 0.75703125 12.59765625 0.1859375 0.1921875
0 1.50546875 12.2140625 0.0734375 0.103125
0 0.2296875 13.46171875 0.21875 0.2765625
0 0.54765625 13.63203125 0.1890625 0.2421875
0 0.85078125 13.6828125 0.1765625 0.221875
0 1.12578125 13.66328125 0.0515625 0.0859375
0 1.55 13.62265625 0.075 0.1109375
0 0.0609375 3.85703125 0.075 0.1015625
0 0.015625 1.58515625 0.03125 0.0984375
0 1.49765625 2.73046875 0.0078125 0.0109375
0 1.509375 2.73046875 0.009375 0.0109375
0 0.896875 6.3828125 0.096875 0.115625
0 0.89609375 7.0546875 0.0484375 0.065625
0 0.2359375 11.5703125 0.1 0.128125
0 1.53828125 12.87578125 0.1234375 0.2359375
0 1.1359375 13.6015625 0.046875 0.065625
