0 0.284375 0.6515625 0.01875 0.034375
0 0.18828125 0.6734375 0.0203125 0.025
0 0.13359375 0.67890625 0.0296875 0.0390625
0 0.06328125 0.6703125 0.0265625 0.040625
0 0.4796875 0.60703125 0.015625 0.0234375
0 0.459375 0.59765625 0.0125 0.0234375
0 0.61328125 0.61328125 0.0109375 0.0234375
0 0.63984375 0.58828125 0.0140625 0.0265625
0 0.6265625 0.6734375 0.015625 0.021875
0 0.6390625 0.73125 0.025 0.065625
0 0.5796875 0.70625 0.025 0.034375
0 0.72578125 0.58984375 0.0140625 0.0234375
0 0.675 0.59296875 0.015625 0.0265625
0 0.69453125 0.67890625 0.0296875 0.0484375
0 0.6921875 0.59609375 0.0125 0.0234375
0 0.9921875 0.71640625 0.034375 0.0453125
0 0.8828125 0.75078125 0.05 0.0765625
0 0.9375 0.66640625 0.01875 0.0296875
0 1.29296875 0.72890625 0.0234375 0.0390625
0 1.2734375 0.6828125 0.0125 0.025
0 1.19375 0.67421875 0.021875 0.0296875
0 0.621875 0.65234375 0.021875 0.0234375
0 0.665625 0.67578125 0.0125 0.0171875
0 0.753125 0.61328125 0.0125 0.0171875
0 1.2328125 0.65234375 0.01875 0.0234375
0 1.51953125 0.6921875 0.0234375 0.0375
0 1.5828125 0.7015625 0.025 0.0375
