0 0.22890625 0.75078125 0.0640625 0.0546875
0 0.015625 0.63515625 0.03125 0.0421875
0 0.4421875 0.63515625 0.046875 0.0453125
0 0.49140625 0.5953125 0.0359375 0.04375
0 0.52890625 0.6890625 0.0453125 0.053125
0 0.553125 0.6390625 0.0375 0.05
0 0.6015625 0.671875 0.0375 0.046875
0 0.81015625 0.88125 0.0671875 0.096875
0 0.57890625 0.50546875 0.0234375 0.0328125
0 0.703125 0.51640625 0.025 0.0328125
0 0.6015625 0.5625 0.03125 0.0375
0 0.8078125 0.78359375 0.08125 0.0828125
0 0.625 0.43359375 0.01875 0.0234375
0 0.66484375 0.46015625 0.0171875 0.0234375
0 0.471875 0.47265625 0.025 0.0234375
0 0.5921875 0.459375 0.01875 0.025
0 0.725 0.46953125 0.021875 0.0234375
0 0.40390625 0.5125 0.0328125 0.034375
0 0.5609375 0.565625 0.025 0.03125
0 0.7515625 0.44609375 0.01875 0.0203125
0 0.91796875 0.41796875 0.0203125 0.0203125
0 1.06640625 0.7359375 0.0671875 0.06875
0 1.04609375 0.4984375 0.0265625 0.034375
0 1.2078125 0.53671875 0.040625 0.0390625
0 1.11953125 0.6515625 0.0515625 0.065625
0 0.91640625 0.603125 0.0359375 0.053125
0 0.9875 0.6109375 0.028125 0.046875
0 1.11015625 0.4421875 0.0203125 0.028125
0 1.33671875 0.50546875 0.0390625 0.0453125
0 1.3328125 0.46953125 0.028125 0.0265625
0 1.02421875 0.478125 0.0265625 0.03125
0 1.13359375 0.55390625 0.0359375 0.0390625
0 0.8515625 0.484375 0.015625 0.01875
0 0.84296875 0.44140625 0.0234375 0.0234375
0 1.56171875 0.51015625 0.0484375 0.0390625
0 1.425 0.578125 0.034375 0.04375
0 1.45 0.64609375 0.05 0.0546875
0 0.6453125 1.03984375 0.075 0.0546875
0 0.33125 0.53515625 0.025 0.0328125
0 0.49765625 0.43828125 0.0171875 0.0203125
0 0.17109375 0.7953125 0.0390625 0.05
0 0.3296875 0.73671875 0.0375 0.0671875
0 0.128125 0.6 0.03125 0.034375
0 0.14375 0.6390625 0.034375 0.053125
0 1.015625 0.40859375 0.015625 0.0203125
0 0.7953125 0.4140625 0.0125 0.0125
0 0.95 0.53828125 0.028125 0.0421875
0 1.559375 0.38125 0.015625 0.01875
0 0.64140625 0.540625 0.0234375 0.028125
0 0.73203125 0.63125 0.0203125 0.03125
0 0.72265625 0.50625 0.0203125 0.028125
0 0.47109375 0.5109375 0.0171875 0.025
0 0.44375 0.5546875 0.021875 0.03125
0 0.37578125 0.58828125 0.0234375 0.0328125
