0 0.42109375 0.5234375 0.0328125 0.0375
0 0.403125 0.44609375 0.0375 0.0390625
0 0.31953125 0.47890625 0.0359375 0.0421875
0 0.1890625 0.48046875 0.040625 0.0390625
0 0.27109375 0.36953125 0.0234375 0.0265625
0 0.32421875 0.35859375 0.0265625 0.0296875
0 0.36484375 0.4328125 0.0234375 0.034375
0 0.18046875 0.43984375 0.0359375 0.0328125
0 0.125 0.471875 0.028125 0.0375
0 0.09375 0.465625 0.028125 0.03125
0 0.07578125 0.3953125 0.0234375 0.025
0 0.046875 0.4 0.021875 0.028125
0 0.21875 0.61640625 0.040625 0.0390625
0 0.59921875 0.50859375 0.0359375 0.0484375
0 0.63671875 0.5265625 0.0328125 0.0375
0 0.62109375 0.45546875 0.0328125 0.0421875
0 0.7046875 0.515625 0.040625 0.05
0 0.7703125 0.434375 0.034375 0.040625
0 0.8234375 0.4625 0.0375 0.0375
0 0.828125 0.54765625 0.040625 0.0484375
0 0.92109375 0.490625 0.0390625 0.046875
0 0.98984375 0.521875 0.0328125 0.04375
0 1.0171875 0.515625 0.034375 0.0375
0 0.9703125 0.45859375 0.034375 0.0359375
0 1.0609375 0.44375 0.03125 0.0375
0 0.8921875 0.46796875 0.028125 0.0359375
0 1.4390625 0.57421875 0.046875 0.0484375
0 1.39296875 0.53671875 0.0390625 0.0484375
0 1.34453125 0.4953125 0.0390625 0.040625
0 1.2765625 0.42734375 0.034375 0.0390625
0 1.21640625 0.43671875 0.0359375 0.0328125
0 1.2359375 0.48828125 0.0375 0.0421875
0 1.10078125 0.46171875 0.0390625 0.0421875
0 1.15546875 0.5046875 0.0421875 0.04375
0 1.17578125 0.4375 0.0390625 0.034375
0 1.31953125 0.4671875 0.0265625 0.040625
0 1.13359375 0.5625 0.0421875 0.046875
0 0.5765625 0.46328125 0.021875 0.0296875
0 0.7484375 0.48359375 0.025 0.0296875
