0 0.2234375 0.07734375 0.0375 0.0546875
0 0.0453125 0.04609375 0.040625 0.0515625
0 0.70859375 0.02109375 0.0328125 0.0390625
0 0.78515625 0.1609375 0.0421875 0.0625
0 0.65234375 0.1859375 0.0359375 0.05
0 1.13203125 0.23203125 0.0453125 0.0546875
0 1.27265625 0.315625 0.0453125 0.059375
0 1.55390625 0.1578125 0.0390625 0.053125
0 1.49609375 0.0140625 0.0296875 0.025
0 0.44765625 1.15546875 0.1140625 0.1234375
0 0.12109375 1.0796875 0.0765625 0.096875
0 0.15625 1.38046875 0.0875 0.1296875
0 0.7765625 1.1125 0.071875 0.075
0 0.86796875 1.53125 0.0734375 0.090625
0 1.234375 1.55625 0.1 0.0875
0 1.57421875 1.31640625 0.0515625 0.1515625
0 0.4734375 0.215625 0.0375 0.05
