0 1.28125 0.43203125 0.059375 0.0796875
0 1.01328125 0.39609375 0.0484375 0.0578125
0 1.51640625 0.33515625 0.0546875 0.0546875
0 1.54609375 0.75703125 0.0734375 0.0921875
0 1.465625 0.715625 0.075 0.084375
0 1.34140625 0.68359375 0.0796875 0.1015625
0 1.16171875 0.67421875 0.0890625 0.0953125
0 1.00859375 0.5796875 0.0609375 0.084375
0 0.35 0.43515625 0.05625 0.0703125
0 0.30234375 0.446875 0.0484375 0.065625
0 1.5828125 0.65234375 0.034375 0.0796875
0 0.01640625 0.4078125 0.0328125 0.05625
0 0.01015625 0.5546875 0.0203125 0.078125
0 0.58203125 0.25703125 0.0515625 0.0671875
0 0.403125 0.63671875 0.10625 0.1140625
0 0.17578125 0.59609375 0.0484375 0.0703125
