0 1.3 0.396875 0.084375 0.09375
0 1.5578125 0.2875 0.06875 0.071875
0 1.41171875 0.12421875 0.0578125 0.0765625
0 0.74140625 0.26171875 0.1828125 0.2046875
0 0.3328125 0.24296875 0.203125 0.1796875
0 0.03671875 0.1796875 0.0359375 0.04375
0 1.0703125 0.3984375 0.075 0.09375
0 0.890625 0.37265625 0.059375 0.0734375
0 1.13046875 0.2296875 0.0453125 0.0625
0 1.2609375 0.1515625 0.015625 0.021875
0 1.2046875 0.14296875 0.0125 0.0171875
0 1.1484375 0.14375 0.0125 0.01875
0 1.1078125 0.13671875 0.015625 0.0171875
0 1.01328125 0.1328125 0.0109375 0.01875
0 0.97734375 0.14140625 0.0109375 0.0171875
0 1.03671875 0.13125 0.0140625 0.015625
0 1.26796875 0.3109375 0.0640625 0.084375
0 0.5453125 0.43671875 0.046875 0.0671875
0 1.20625 0.38359375 0.075 0.0953125
0 1.05390625 0.29765625 0.0796875 0.0828125
0 0.58125 0.3984375 0.059375 0.065625
0 1.5609375 0.4890625 0.075 0.0875
