0 1.13671875 0.36484375 0.0609375 0.0734375
0 0.9453125 0.45234375 0.034375 0.0359375
0 1.01015625 0.46015625 0.0265625 0.0328125
0 1.07109375 0.41953125 0.0359375 0.0390625
0 1.328125 0.4515625 0.01875 0.028125
0 1.33046875 0.4875 0.0203125 0.03125
0 1.28203125 0.4515625 0.0265625 0.0375
0 1.4328125 0.44765625 0.025 0.0359375
0 1.49765625 0.42109375 0.0296875 0.0359375
0 0.08828125 0.48515625 0.0296875 0.0296875
0 0.1734375 0.43046875 0.034375 0.0359375
0 0.2640625 0.46640625 0.03125 0.0390625
0 0.3484375 0.48046875 0.03125 0.0359375
0 0.38828125 0.43984375 0.0234375 0.0359375
0 0.48359375 0.45 0.0359375 0.0375
0 0.6046875 0.471875 0.034375 0.040625
0 0.753125 0.4390625 0.034375 0.034375
0 0.64765625 0.43671875 0.0203125 0.0296875
0 1.56875 0.4390625 0.025 0.025
0 0.96796875 0.475 0.0203125 0.03125
0 0.82890625 0.446875 0.0203125 0.025
0 0.79296875 0.45625 0.0203125 0.025
