0 1.5296875 0.67109375 0.00625 0.0109375
0 1.08359375 0.6765625 0.0078125 0.0125
0 1.28203125 0.67734375 0.0078125 0.0109375
0 1.17421875 0.67890625 0.0078125 0.0109375
0 1.23515625 0.665625 0.0078125 0.0125
0 0.6421875 0.66171875 0.0625 0.1453125
0 0.1765625 0.6765625 0.009375 0.0125
0 0.9296875 0.678125 0.00625 0.009375
0 1.14375 0.6828125 0.00625 0.009375
0 1.134375 0.68046875 0.00625 0.0078125
0 1.1921875 0.68046875 0.00625 0.0078125
0 1.39140625 0.68828125 0.0078125 0.0078125
0 1.3671875 0.68515625 0.00625 0.0078125
0 1.47890625 0.6703125 0.0078125 0.009375
0 0.23984375 0.67734375 0.0109375 0.0109375
0 1.0359375 0.68125 0.00625 0.009375
0 1.04765625 0.6828125 0.0046875 0.00625
0 1.05859375 0.6828125 0.0046875 0.00625
0 1.103125 0.6828125 0.00625 0.009375
0 1.5859375 0.6796875 0.009375 0.0125
