0 0.475 0.225 0.0375 0.046875
0 0.8359375 0.4015625 0.053125 0.084375
0 1.153125 0.2671875 0.040625 0.06875
0 0.5515625 0.4078125 0.109375 0.146875
0 0.7953125 0.58515625 0.134375 0.1515625
0 1.27578125 0.39453125 0.1046875 0.1546875
0 0.46953125 0.52265625 0.0671875 0.1921875
0 0.5734375 0.26953125 0.084375 0.1015625
0 1.0609375 0.4671875 0.1 0.140625
0 0.996875 0.25625 0.05 0.06875
0 0.71171875 0.2953125 0.0671875 0.06875
0 0.74140625 0.26875 0.0640625 0.08125
0 0.62421875 0.22421875 0.0421875 0.0609375
0 1.3984375 0.3796875 0.071875 0.121875
0 1.50390625 0.3921875 0.0484375 0.071875
0 0.78359375 0.4015625 0.0765625 0.125
0 0.62265625 0.3921875 0.0734375 0.13125
0 0.80625 0.26640625 0.0375 0.0640625
0 0.7953125 0.19453125 0.0375 0.0421875
