0 0.25625 0.66015625 0.028125 0.0734375
0 1.3125 0.36953125 0.025 0.0359375
0 1.2890625 0.36015625 0.021875 0.0328125
0 1.21875 0.35546875 0.028125 0.0359375
0 1.13515625 0.38046875 0.0265625 0.0421875
0 1.17890625 0.3609375 0.0203125 0.028125
0 1.08359375 0.39921875 0.0265625 0.0359375
0 1.01015625 0.4046875 0.0265625 0.0375
0 0.94140625 0.409375 0.0265625 0.0375
0 1.059375 0.32890625 0.01875 0.0265625
0 1.0875 0.33828125 0.015625 0.0234375
0 0.9109375 0.39609375 0.025 0.0328125
0 0.13359375 0.46328125 0.0234375 0.0296875
0 0.11328125 0.34453125 0.0234375 0.0265625
0 0.1453125 0.31953125 0.01875 0.0265625
0 0.1625 0.36015625 0.01875 0.0265625
0 0.4234375 0.365625 0.015625 0.025
0 0.45234375 0.34765625 0.0171875 0.0265625
0 0.47734375 0.37578125 0.0234375 0.0359375
0 0.51328125 0.409375 0.0265625 0.046875
0 0.5953125 0.3984375 0.025 0.040625
0 0.64140625 0.40078125 0.0296875 0.0390625
0 0.73828125 0.36953125 0.0265625 0.0453125
0 0.8421875 0.409375 0.025 0.034375
0 0.4546875 0.43359375 0.034375 0.0421875
0 0.3796875 0.3890625 0.021875 0.0375
0 0.32421875 0.40625 0.0328125 0.040625
0 0.27890625 0.375 0.0328125 0.03125
0 0.50390625 0.34375 0.0171875 0.021875
0 0.5421875 0.365625 0.01875 0.025
0 0.584375 0.3359375 0.015625 0.025
0 0.6265625 0.35234375 0.01875 0.0296875
0 0.8828125 0.3640625 0.01875 0.025
0 0.83359375 0.3421875 0.0203125 0.025
0 0.778125 0.35703125 0.015625 0.0203125
0 0.68984375 0.371875 0.0265625 0.034375
0 0.7234375 0.37578125 0.025 0.0359375
0 0.52578125 0.38515625 0.0234375 0.0359375
0 0.4453125 0.3265625 0.01875 0.028125
0 0.6796875 0.3359375 0.0125 0.028125
0 0.93046875 0.34375 0.0140625 0.025
0 0.90234375 0.35234375 0.0109375 0.0265625
0 0.9828125 0.36328125 0.01875 0.0328125
