0 0.75234375 0.44765625 0.0328125 0.0546875
0 1.5234375 0.48984375 0.028125 0.0640625
0 1.5265625 0.703125 0.040625 0.078125
0 1.12265625 0.890625 0.0140625 0.021875
0 1.15 0.871875 0.015625 0.01875
0 1.3609375 0.9 0.015625 0.015625
0 0.43359375 1.015625 0.0203125 0.028125
0 0.86171875 1.12890625 0.0171875 0.0203125
0 0.86640625 1.0671875 0.0171875 0.025
0 0.6859375 0.83359375 0.021875 0.0296875
0 0.7484375 0.87734375 0.0125 0.0171875
0 1.2484375 0.88515625 0.015625 0.0234375
0 1.578125 0.58984375 0.04375 0.1015625
0 1.578125 0.471875 0.04375 0.078125
0 0.4 0.83515625 0.0125 0.0234375
0 0.4921875 0.84375 0.015625 0.025
0 1.29921875 0.5375 0.0546875 0.0625
0 1.3234375 0.84375 0.015625 0.01875
0 1.384375 0.90546875 0.0125 0.0109375
0 1.3953125 0.903125 0.009375 0.0125
0 1.32109375 0.90546875 0.0203125 0.0203125
0 0.0625 0.69140625 0.00625 0.0109375
0 0.07109375 0.6921875 0.0046875 0.009375
0 0.0546875 0.6859375 0.00625 0.009375
