0 0.89296875 0.85078125 0.0359375 0.0390625
0 0.9828125 0.83359375 0.0375 0.0484375
0 1.10546875 0.8515625 0.0484375 0.0625
0 1.175 0.8609375 0.0125 0.01875
0 1.3953125 0.14140625 0.034375 0.0484375
0 1.428125 0.06953125 0.03125 0.0390625
0 0.48828125 0.11796875 0.0140625 0.0171875
0 0.64375 0.1234375 0.01875 0.021875
0 0.59609375 0.12578125 0.0171875 0.0203125
0 0.52578125 0.1265625 0.0140625 0.015625
0 0.13515625 0.3875 0.0296875 0.028125
0 0.2140625 0.37890625 0.028125 0.0328125
0 0.03671875 0.37890625 0.0109375 0.0234375
0 0.278125 0.403125 0.009375 0.015625
0 0.3234375 0.4 0.00625 0.009375
0 0.0765625 0.39375 0.0125 0.015625
0 0.1859375 1.16484375 0.05625 0.0859375
0 0.3 1.23984375 0.01875 0.0265625
0 0.34375 1.23828125 0.0125 0.0203125
0 0.0390625 1.2734375 0.0125 0.01875
0 1.06484375 1.18125 0.0484375 0.075
0 1.265625 1.21875 0.0375 0.046875
0 1.43359375 1.2 0.0421875 0.053125
0 1.39765625 1.20546875 0.0234375 0.0359375
0 1.18359375 1.2203125 0.0171875 0.028125
0 0.11796875 0.13515625 0.0234375 0.0296875
0 0.17109375 0.12109375 0.0234375 0.0296875
0 0.25390625 0.14453125 0.0203125 0.0265625
0 0.3453125 0.1609375 0.01875 0.021875
0 0.11875 0.71953125 0.040625 0.0546875
0 0.21328125 0.73828125 0.0328125 0.0515625
0 0.49921875 0.77109375 0.0234375 0.0328125
0 0.45859375 0.7171875 0.0109375 0.015625
0 0.478125 0.728125 0.009375 0.0125
0 0.590625 0.72421875 0.015625 0.0171875
0 0.54453125 0.77421875 0.0203125 0.0234375
0 0.68046875 0.77109375 0.0171875 0.0296875
0 1.33046875 1.01953125 0.0328125 0.0421875
0 1.32890625 0.959375 0.0234375 0.025
0 1.52421875 1.0234375 0.0390625 0.05625
0 1.23046875 1.0015625 0.0203125 0.053125
0 0.63515625 1.4828125 0.0203125 0.0375
0 0.67421875 1.47265625 0.0203125 0.0296875
0 0.73984375 1.47734375 0.0203125 0.0328125
0 0.40078125 1.4890625 0.0078125 0.009375
0 0.05625 1.9015625 0.025 0.0375
0 0.25625 1.87109375 0.015625 0.0203125
0 0.22109375 1.84921875 0.0078125 0.0109375
0 0.51640625 1.81796875 0.0328125 0.0390625
0 0.57890625 1.84453125 0.0296875 0.0390625
0 0.66171875 1.8453125 0.0203125 0.025
0 0.76171875 1.8328125 0.0203125 0.025
0 0.70546875 1.853125 0.0140625 0.025
0 0.74765625 1.846875 0.0109375 0.015625
0 1.16328125 1.684375 0.0640625 0.075
0 1.0125 1.73671875 0.046875 0.0546875
0 1.05703125 1.7265625 0.0234375 0.03125
0 1.2828125 1.7203125 0.0625 0.078125
0 1.23203125 1.73828125 0.0234375 0.0390625
0 1.45 1.725 0.009375 0.025
0 1.46484375 1.73515625 0.0140625 0.0234375
0 0.36640625 0.48671875 0.0171875 0.0203125
0 0.41328125 0.484375 0.0109375 0.01875
0 0.38984375 0.47421875 0.0109375 0.0171875
0 0.6140625 0.496875 0.01875 0.021875
0 0.64609375 0.4859375 0.0171875 0.021875
0 0.73984375 0.52265625 0.0265625 0.0328125
0 0.553125 0.4890625 0.0125 0.01875
0 0.440625 0.46875 0.009375 0.015625
0 0.7640625 0.5140625 0.01875 0.028125
0 0.77109375 0.478125 0.0140625 0.01875
0 0.7890625 0.47578125 0.009375 0.0140625
0 0.98359375 1.2328125 0.0359375 0.053125
0 0.49453125 1.06015625 0.0140625 0.0265625
0 0.5765625 1.0578125 0.025 0.03125
0 0.43671875 1.05859375 0.0109375 0.0171875
0 0.38359375 1.05859375 0.0109375 0.0171875
0 0.68828125 1.078125 0.0109375 0.015625
0 0.64609375 1.08125 0.0109375 0.015625
0 0.084375 1.85 0.00625 0.0125
0 0.528125 1.49296875 0.00625 0.0109375
0 0.86484375 1.47734375 0.0140625 0.0203125
0 0.934375 0.6046875 0.00625 0.009375
0 0.87265625 0.5875 0.0046875 0.015625
0 1.42578125 0.5546875 0.0046875 0.009375
0 1.1859375 0.5984375 0.00625 0.0125
0 1.2203125 0.5984375 0.00625 0.015625
0 1.25390625 0.590625 0.0046875 0.0125
0 1.00234375 0.6109375 0.0046875 0.00625
0 1.0109375 0.64296875 0.009375 0.0109375
0 1.109375 0.42734375 0.00625 0.0078125
0 1.3140625 0.51875 0.00625 0.009375
0 0.840625 0.63671875 0.00625 0.0109375
0 0.98671875 0.61640625 0.0046875 0.0078125
0 1.04296875 0.61015625 0.0078125 0.0109375
0 1.03125 0.646875 0.009375 0.009375
0 0.30078125 0.75625 0.0109375 0.0125
0 0.021875 1.24296875 0.0125 0.0203125
0 0.93203125 1.76015625 0.0203125 0.0234375
