0 0.225 0.3828125 0.03125 0.034375
0 0.29296875 0.38046875 0.0265625 0.0359375
0 0.34921875 0.396875 0.0234375 0.03125
0 0.4140625 0.38125 0.025 0.03125
0 0.4640625 0.3671875 0.025 0.034375
0 0.5203125 0.40234375 0.021875 0.0265625
0 0.5484375 0.371875 0.01875 0.025
0 0.60546875 0.38984375 0.0203125 0.0296875
0 0.6734375 0.39453125 0.01875 0.0265625
0 0.7140625 0.39375 0.01875 0.025
0 0.77109375 0.41484375 0.0203125 0.0234375
0 0.79921875 0.3625 0.0234375 0.025
0 0.80625 0.4046875 0.021875 0.021875
0 0.8390625 0.38515625 0.01875 0.0296875
