0 0.05625 0.58828125 0.00625 0.0078125
0 0.009375 0.59296875 0.009375 0.0109375
0 0.19453125 0.5578125 0.0140625 0.01875
0 0.25234375 0.59296875 0.0109375 0.0140625
0 0.23828125 0.59453125 0.0046875 0.0109375
0 0.2765625 0.5765625 0.0125 0.015625
0 0.30546875 0.55234375 0.0140625 0.0203125
0 0.26484375 0.578125 0.0046875 0.009375
0 0.2203125 0.5890625 0.00625 0.009375
0 0.26875 0.5671875 0.00625 0.009375
0 0.29296875 0.565625 0.0078125 0.0125
0 0.33828125 0.54296875 0.0109375 0.0140625
0 0.37890625 0.5390625 0.0109375 0.021875
0 0.4171875 0.521875 0.015625 0.021875
0 0.45234375 0.51171875 0.0140625 0.0296875
0 0.50078125 0.53125 0.0171875 0.025
0 0.56484375 0.515625 0.0140625 0.028125
0 0.625 0.51328125 0.015625 0.0265625
0 0.675 0.478125 0.025 0.034375
0 0.78828125 0.5 0.0265625 0.0375
0 0.85 0.5171875 0.025 0.028125
0 0.9296875 0.50546875 0.025 0.0359375
0 0.99375 0.5046875 0.021875 0.034375
0 1.0859375 0.51484375 0.025 0.0328125
0 1.16171875 0.46328125 0.0296875 0.0390625
0 1.33984375 0.46484375 0.0296875 0.0328125
0 1.24296875 0.5046875 0.0265625 0.028125
0 1.553125 0.5 0.03125 0.034375
0 1.48515625 0.4890625 0.0296875 0.034375
0 1.4125 0.49296875 0.025 0.0265625
0 0.31484375 0.56953125 0.0078125 0.0140625
