0 0.48359375 0.41953125 0.1265625 0.2046875
0 0.3203125 0.4890625 0.1125 0.26875
0 0.25234375 0.1734375 0.0296875 0.04375
0 0.0671875 0.16484375 0.028125 0.0359375
0 0.871875 0.10625 0.0375 0.05625
0 0.6859375 0.1140625 0.03125 0.046875
0 0.6046875 0.16953125 0.05 0.0578125
0 0.73671875 0.23046875 0.0765625 0.1046875
0 0.80390625 0.23828125 0.0421875 0.0515625
0 0.653125 0.3625 0.1125 0.125
0 1.00859375 0.17890625 0.0203125 0.0265625
0 1.31796875 0.415625 0.1796875 0.190625
0 1.15390625 0.31953125 0.1046875 0.1234375
0 0.99140625 0.31796875 0.1046875 0.1171875
