0 0.4140625 0.39765625 0.05625 0.0671875
0 0.3734375 0.36875 0.059375 0.0625
0 0.31796875 0.3625 0.0609375 0.0625
0 0.4765625 0.353125 0.059375 0.059375
0 0.55234375 0.34765625 0.0578125 0.0734375
0 0.68671875 0.36640625 0.0578125 0.0640625
0 0.61640625 0.36796875 0.0546875 0.0546875
0 0.759375 0.3859375 0.053125 0.059375
0 0.840625 0.37890625 0.0625 0.0796875
0 0.90390625 0.39296875 0.0578125 0.0671875
0 0.94765625 0.35234375 0.0546875 0.0734375
0 1.07265625 0.378125 0.0609375 0.071875
0 1.16328125 0.3296875 0.0578125 0.065625
0 1.33359375 0.37734375 0.0609375 0.0765625
0 0.70859375 0.36796875 0.0359375 0.0359375
