0 0.15234375 0.15 0.0640625 0.096875
0 0.4296875 0.1625 0.071875 0.071875
0 0.5828125 0.16796875 0.071875 0.0546875
0 0.59453125 0.24609375 0.0546875 0.0640625
0 0.73359375 0.2625 0.0703125 0.06875
0 0.7078125 0.15625 0.0625 0.065625
0 0.7921875 0.14609375 0.0375 0.0515625
0 0.92109375 0.09140625 0.0640625 0.0734375
0 0.83671875 0.15703125 0.0578125 0.0671875
0 0.984375 0.19921875 0.046875 0.0703125
0 1.10546875 0.19453125 0.0609375 0.0578125
0 1.13046875 0.2421875 0.0703125 0.0875
0 1.1921875 0.22734375 0.0625 0.0890625
0 1.2359375 0.2171875 0.040625 0.08125
0 1.2234375 0.10234375 0.0625 0.0796875
0 1.29140625 0.17578125 0.0609375 0.0671875
0 1.34765625 0.12109375 0.0453125 0.0578125
0 1.484375 0.0953125 0.053125 0.053125
0 1.38203125 0.215625 0.0390625 0.065625
0 0.41328125 0.04296875 0.0421875 0.0453125
0 0.0140625 0.05390625 0.028125 0.0546875
0 1.4109375 0.18359375 0.053125 0.0671875
0 0.8984375 0.16640625 0.071875 0.0703125
0 0.89453125 0.22421875 0.0703125 0.0640625
