0 1.0328125 0.46875 0.0625 0.084375
0 1.0140625 0.54453125 0.034375 0.0359375
0 0.91015625 0.53515625 0.0328125 0.0453125
0 0.84375 0.5171875 0.034375 0.0375
0 0.75546875 0.5421875 0.0328125 0.034375
0 0.7078125 0.5109375 0.034375 0.034375
0 0.653125 0.52109375 0.028125 0.0359375
0 0.55234375 0.53359375 0.0328125 0.0421875
0 0.4671875 0.56796875 0.028125 0.0359375
0 0.3890625 0.603125 0.0375 0.046875
0 0.40546875 0.55234375 0.0265625 0.0359375
0 0.2734375 0.57109375 0.0375 0.0390625
0 0.190625 0.59140625 0.028125 0.0359375
0 0.1671875 0.73515625 0.05625 0.0671875
0 0.07890625 0.61171875 0.0421875 0.0609375
0 0.0515625 0.5359375 0.028125 0.03125
0 0.2203125 0.559375 0.021875 0.028125
0 0.30625 0.55234375 0.025 0.0296875
0 0.39765625 0.575 0.0234375 0.028125
0 0.29453125 0.571875 0.0203125 0.028125
0 0.24453125 0.5546875 0.0203125 0.025
0 0.19453125 0.57265625 0.0234375 0.0265625
