0 0.73046875 0.39375 0.0328125 0.034375
0 0.7953125 0.38125 0.025 0.03125
0 0.8203125 0.38203125 0.03125 0.0328125
0 0.91328125 0.4390625 0.0546875 0.05625
0 0.99375 0.396875 0.03125 0.0375
0 1.04453125 0.38046875 0.0265625 0.0359375
0 1.02265625 0.39609375 0.0265625 0.0359375
0 1.17890625 0.40703125 0.0421875 0.0421875
0 1.1 0.4046875 0.03125 0.034375
0 1.478125 0.31796875 0.05 0.0609375
0 1.39140625 0.396875 0.0328125 0.03125
0 1.27578125 0.4296875 0.0234375 0.0375
0 1.57578125 0.4078125 0.0203125 0.028125
0 0.4 0.296875 0.021875 0.028125
