0 0.475 0.6296875 0.021875 0.025
0 0.53671875 0.53203125 0.0203125 0.0296875
0 0.5609375 0.5375 0.01875 0.03125
0 0.69765625 0.54765625 0.0171875 0.0328125
0 0.95546875 0.66640625 0.0171875 0.0265625
0 1.03828125 0.51796875 0.0296875 0.0328125
0 1.11875 0.5421875 0.0375 0.040625
0 1.2890625 0.55703125 0.021875 0.0203125
0 1.515625 0.69375 0.0375 0.034375
0 1.38203125 0.46015625 0.0203125 0.0453125
0 0.64609375 0.6234375 0.0171875 0.021875
0 0.7640625 0.67578125 0.015625 0.0171875
0 1.2765625 0.63515625 0.015625 0.0203125
