0 1.25078125 0.1140625 0.0296875 0.0375
0 0.18046875 1.61328125 0.0296875 0.0640625
0 0.11015625 1.65859375 0.0359375 0.0390625
0 0.2296875 1.90234375 0.0375 0.0421875
0 0.584375 1.6625 0.01875 0.034375
0 0.85546875 1.7 0.0359375 0.046875
0 1.06640625 1.6890625 0.0203125 0.025
0 1.0828125 1.68515625 0.025 0.0296875
0 1.22734375 1.68203125 0.0265625 0.0359375
0 1.4 1.67578125 0.025 0.0421875
0 1.32421875 1.62578125 0.0140625 0.0171875
0 1.3140625 1.6265625 0.015625 0.015625
0 0.88984375 0.234375 0.0203125 0.03125
0 0.565625 1.4484375 0.040625 0.046875
0 1.00625 1.41328125 0.0375 0.0421875
0 0.60390625 1.05625 0.0359375 0.040625
0 0.89375 1.3765625 0.021875 0.040625
0 0.43984375 1.51953125 0.0328125 0.0328125
0 0.10703125 0.16953125 0.0359375 0.0390625
0 0.18046875 1.6140625 0.0296875 0.0625
0 0.584375 1.66796875 0.01875 0.0453125
0 1.06484375 1.6890625 0.0234375 0.025
0 1.2265625 1.68203125 0.028125 0.0359375
0 0.746875 0.13984375 0.03125 0.0421875
0 1.43984375 0.22109375 0.0203125 0.0265625
0 0.26015625 0.16953125 0.0296875 0.0328125
0 0.54375 1.1078125 0.040625 0.04375
0 0.59765625 1.11015625 0.0359375 0.0421875
0 0.7453125 1.14296875 0.0375 0.0265625
0 0.7140625 1.1453125 0.0375 0.0375
0 0.515625 1.10078125 0.0375 0.0390625
0 0.45390625 1.1234375 0.0421875 0.04375
0 0.4875 1.2171875 0.04375 0.04375
0 0.321875 1.1546875 0.0375 0.03125
0 0.4015625 1.153125 0.0375 0.028125
0 0.5328125 1.23203125 0.04375 0.0296875
0 0.58828125 1.4 0.0296875 0.034375
