0 0.734375 0.334375 0.025 0.025
0 0.6859375 0.29140625 0.021875 0.0203125
0 0.61484375 0.45859375 0.0328125 0.0265625
0 0.64765625 0.4015625 0.0234375 0.021875
0 0.803125 0.22265625 0.025 0.0203125
0 0.88671875 0.15703125 0.0203125 0.0171875
0 0.94921875 0.1515625 0.0234375 0.01875
0 1.015625 0.07109375 0.0125 0.0171875
0 1.0265625 0.09921875 0.015625 0.0140625
0 1.0578125 0.0078125 0.0125 0.015625
0 1.14140625 0.0546875 0.0140625 0.015625
0 1.22578125 0.1234375 0.0109375 0.0125
0 1.25234375 0.12421875 0.0078125 0.0109375
0 1.26796875 0.1390625 0.0078125 0.0125
0 1.29296875 0.1734375 0.0078125 0.009375
