0 0.50703125 0.18203125 0.0390625 0.0609375
0 1.10859375 0.21328125 0.0109375 0.0203125
0 0.95078125 0.2296875 0.0171875 0.021875
0 0.18203125 0.2 0.0421875 0.0625
0 0.0421875 0.4890625 0.071875 0.10625
0 0.209375 0.59921875 0.065625 0.0921875
0 0.9203125 0.24296875 0.034375 0.0421875
0 1.3390625 0.5171875 0.046875 0.065625
0 1.44765625 0.46640625 0.0453125 0.0515625
0 1.553125 0.22734375 0.059375 0.0765625
0 1.41015625 0.18203125 0.0359375 0.0609375
0 1.29375 0.596875 0.06875 0.06875
0 1.21484375 0.5234375 0.0515625 0.071875
0 1.1265625 0.39453125 0.040625 0.0546875
0 1.17109375 0.353125 0.0265625 0.028125
0 1.18984375 0.23046875 0.0203125 0.0203125
0 0.06640625 0.84140625 0.0984375 0.1828125
0 0.46796875 0.7421875 0.0984375 0.1125
0 0.81796875 0.73515625 0.0890625 0.0984375
0 1.30703125 0.68203125 0.0921875 0.1140625
0 1.55625 0.7125 0.084375 0.1375
0 1.54921875 0.84921875 0.1015625 0.1640625
0 1.3296875 0.88828125 0.065625 0.0984375
0 1.4984375 0.2546875 0.028125 0.046875
0 0.3 0.1953125 0.0625 0.08125
0 0.078125 0.17890625 0.071875 0.1046875
0 0.36015625 0.2234375 0.0359375 0.04375
0 0.57890625 0.2140625 0.0359375 0.05625
0 0.621875 0.24375 0.03125 0.05
0 0.790625 0.24375 0.071875 0.0875
0 0.0140625 0.196875 0.021875 0.028125
