0 1.45546875 0.659375 0.0765625 0.103125
0 1.34765625 0.58125 0.0515625 0.078125
0 0.584375 0.53515625 0.04375 0.0546875
0 0.97109375 0.41796875 0.0234375 0.0265625
0 1.0703125 0.42421875 0.01875 0.0359375
0 1.28046875 0.3984375 0.0234375 0.028125
0 1.2984375 0.39921875 0.021875 0.0265625
0 1.36015625 0.4171875 0.0203125 0.025
0 1.4 0.384375 0.01875 0.03125
0 1.45625 0.36640625 0.01875 0.0328125
0 0.1296875 0.36953125 0.153125 0.1953125
0 0.44375 0.41015625 0.034375 0.0484375
0 0.79921875 0.4046875 0.1296875 0.159375
0 1.17734375 0.41953125 0.0171875 0.0234375
0 0.7140625 0.42109375 0.01875 0.0203125
0 0.9015625 0.45546875 0.0125 0.0203125
0 0.48046875 0.59453125 0.0328125 0.0453125
