0 0.59375 0.18359375 0.03125 0.0453125
0 0.5609375 0.2046875 0.03125 0.03125
0 0.67421875 0.196875 0.0296875 0.0375
0 0.7234375 0.19140625 0.03125 0.0390625
0 0.78359375 0.184375 0.0359375 0.046875
0 0.875 0.18671875 0.03125 0.0390625
0 0.8578125 0.175 0.03125 0.040625
0 0.94296875 0.1859375 0.0296875 0.0375
0 0.95625 0.1484375 0.025 0.03125
0 0.91953125 0.1859375 0.0234375 0.034375
0 1.19296875 0.121875 0.0515625 0.084375
0 1.16171875 0.1015625 0.0359375 0.0625
0 0.99453125 0.1375 0.0359375 0.05
0 1.2125 0.021875 0.015625 0.01875
0 1.24453125 0.009375 0.0203125 0.01875
0 1.1265625 0.0421875 0.01875 0.01875
0 1.09375 0.0484375 0.015625 0.01875
0 1.3484375 0.09140625 0.05625 0.0671875
0 0.05859375 0.096875 0.0203125 0.034375
0 0.82578125 0.396875 0.1171875 0.11875
0 1.0515625 0.371875 0.171875 0.184375
0 1.28828125 0.209375 0.1078125 0.14375
0 1.49375 0.253125 0.0875 0.090625
0 1.48203125 0.121875 0.0640625 0.06875
0 1.55 0.15703125 0.053125 0.0578125
0 0.9234375 0.30234375 0.103125 0.1234375
0 0.0578125 0.17109375 0.05625 0.0796875
0 0.1484375 0.07890625 0.025 0.0453125
0 0.2640625 0.12265625 0.059375 0.0671875
0 0.34296875 0.10078125 0.0328125 0.0421875
0 0.37421875 0.20625 0.0296875 0.034375
0 0.40234375 0.16328125 0.0296875 0.0328125
0 0.5046875 0.17890625 0.025 0.0453125
