0 0.18984375 0.38359375 0.0984375 0.1421875
0 0.9140625 0.33984375 0.15625 0.1796875
0 0.621875 0.22421875 0.090625 0.1203125
0 0.2046875 0.215625 0.096875 0.09375
0 0.03046875 0.1015625 0.0609375 0.1
0 0.128125 0.1609375 0.06875 0.0875
0 0.64375 0.06171875 0.078125 0.0765625
0 0.3921875 0.08046875 0.075 0.0828125
0 1.13671875 0.1734375 0.1140625 0.121875
0 1.48203125 0.2203125 0.0890625 0.125
0 0.384375 0.3046875 0.128125 0.153125
0 0.7578125 0.46484375 0.10625 0.1453125
0 1.34140625 0.23828125 0.1390625 0.1328125
0 1.18984375 0.3484375 0.1421875 0.146875
0 1.10390625 0.2671875 0.0859375 0.1
0 0.48203125 0.23984375 0.0921875 0.1078125
