0 0.5546875 0.3140625 0.053125 0.071875
0 0.40546875 0.32265625 0.0609375 0.0765625
0 0.2390625 0.303125 0.059375 0.071875
0 0.52109375 0.60546875 0.0640625 0.0765625
0 0.35234375 0.58671875 0.0703125 0.0828125
0 0.15625 0.5921875 0.08125 0.090625
0 1.334375 0.31015625 0.05625 0.0765625
0 1.16328125 0.26328125 0.0609375 0.0828125
0 1.00703125 0.3078125 0.0578125 0.075
0 0.8375 0.28359375 0.05625 0.0703125
0 0.67890625 0.32578125 0.0546875 0.0671875
0 0.6859375 0.57421875 0.059375 0.0828125
0 0.84453125 0.578125 0.0671875 0.0875
0 1.02265625 0.60859375 0.0671875 0.0859375
0 1.23125 0.64453125 0.071875 0.0828125
0 1.4328125 0.6078125 0.084375 0.1
