0 0.153125 0.02265625 0.0375 0.0328125
0 0.1 0.109375 0.04375 0.0375
0 0.0390625 0.21484375 0.04375 0.0421875
0 0.1703125 0.25546875 0.04375 0.0390625
0 0.29609375 0.1265625 0.0421875 0.040625
0 0.33125 0.03203125 0.0375 0.0390625
0 0.49140625 0.11796875 0.0328125 0.0390625
0 0.2265625 0.30703125 0.053125 0.0421875
0 0.48203125 0.01640625 0.0296875 0.0265625
0 0.6140625 0.0328125 0.03125 0.028125
0 0.6546875 0.08046875 0.03125 0.0453125
0 0.6984375 0.06015625 0.028125 0.0328125
0 0.784375 0.02890625 0.025 0.0328125
0 0.86171875 0.03359375 0.0203125 0.0328125
0 0.95703125 0.0625 0.0234375 0.034375
0 1.08828125 0.09375 0.0234375 0.0375
0 1.0640625 0.0734375 0.021875 0.025
0 1.2078125 0.0546875 0.025 0.0375
0 1.18828125 0.1578125 0.0265625 0.040625
0 1.05390625 0.20859375 0.0296875 0.0421875
0 0.7921875 0.146875 0.028125 0.0375
0 0.90234375 0.1296875 0.0265625 0.034375
0 1.0046875 0.24296875 0.03125 0.0359375
0 0.96875 0.28828125 0.03125 0.0421875
0 0.73125 0.26015625 0.040625 0.0421875
0 0.8828125 0.29765625 0.028125 0.0359375
0 0.78671875 0.39921875 0.0453125 0.0515625
0 1.0375 0.396875 0.04375 0.053125
0 1.16015625 0.2375 0.0328125 0.040625
0 1.16640625 0.31328125 0.0359375 0.0421875
0 0.29296875 0.3859375 0.0546875 0.053125
0 0.3703125 0.44296875 0.0625 0.0546875
0 0.5640625 0.42734375 0.05625 0.0578125
0 0.28359375 0.684375 0.0796875 0.0625
0 0.89453125 0.53828125 0.0484375 0.0546875
0 0.01328125 0.37265625 0.0265625 0.0578125
0 0.0171875 0.484375 0.034375 0.05
0 1.33203125 0.06875 0.0234375 0.03125
0 1.465625 0.10234375 0.028125 0.0328125
0 1.22734375 0.10703125 0.0265625 0.0328125
0 1.3828125 0.2078125 0.0375 0.04375
0 1.45546875 0.22109375 0.0359375 0.0359375
0 1.55234375 0.225 0.0328125 0.04375
0 1.29609375 0.346875 0.0359375 0.025
0 1.52578125 0.371875 0.0453125 0.034375
0 1.23984375 0.421875 0.0421875 0.046875
0 1.38515625 0.50234375 0.0609375 0.0515625
0 1.56015625 0.49609375 0.0578125 0.0421875
0 1.19375 0.60234375 0.059375 0.0640625
