0 0.28984375 0.5484375 0.0703125 0.0875
0 0.2984375 0.47421875 0.040625 0.0484375
0 0.5328125 0.46171875 0.13125 0.1703125
0 0.8125 0.46484375 0.1125 0.1484375
0 0.68203125 0.5203125 0.0453125 0.05625
0 0.9078125 0.51015625 0.05 0.0609375
0 0.96328125 0.51640625 0.0265625 0.0515625
0 0.9921875 0.56796875 0.040625 0.0546875
0 1.1 0.4984375 0.10625 0.146875
0 1.26015625 0.5890625 0.0515625 0.08125
0 1.21640625 0.51328125 0.0390625 0.0609375
0 1.30546875 0.49609375 0.0421875 0.0515625
0 1.4359375 0.51015625 0.078125 0.0984375
0 1.33046875 0.5140625 0.0203125 0.028125
0 0.58359375 0.521875 0.0640625 0.096875
