0 1.05078125 0.115625 0.0234375 0.034375
0 1.47578125 0.0875 0.0265625 0.034375
0 0.0671875 0.0515625 0.015625 0.01875
0 0.09453125 0.07265625 0.0171875 0.0234375
0 0.17734375 0.0859375 0.0203125 0.025
0 0.2625 0.0484375 0.015625 0.015625
0 0.32265625 0.0765625 0.0203125 0.025
0 0.40390625 0.028125 0.0171875 0.01875
0 0.6125 0.04140625 0.0125 0.0171875
0 0.9140625 0.0453125 0.015625 0.015625
0 0.93671875 0.053125 0.0203125 0.025
0 0.73984375 0.065625 0.0171875 0.025
0 1.0171875 0.05078125 0.015625 0.0171875
0 1.146875 0.05 0.0125 0.015625
0 1.26640625 0.06328125 0.0140625 0.0203125
0 1.38046875 0.06640625 0.0171875 0.0203125
0 0.71640625 0.04296875 0.0109375 0.0140625
0 0.840625 0.046875 0.0125 0.015625
0 0.79609375 0.103125 0.0171875 0.025
0 0.1046875 0.05078125 0.015625 0.0171875
0 0.51328125 0.04453125 0.0109375 0.0140625
