0 1.0 0.46875 0.028125 0.034375
0 1.0265625 0.66640625 0.034375 0.0390625
0 1.10234375 0.46953125 0.0328125 0.0390625
0 1.165625 0.68203125 0.0375 0.0359375
0 1.190625 0.4828125 0.034375 0.040625
0 1.2578125 0.48671875 0.034375 0.0390625
0 1.28125 0.67421875 0.034375 0.0421875
0 1.35859375 0.49765625 0.0296875 0.0359375
0 1.45625 0.44765625 0.034375 0.0390625
0 1.40078125 0.66953125 0.0390625 0.0359375
0 0.13359375 0.4953125 0.0359375 0.0375
0 0.2109375 0.5234375 0.0375 0.04375
0 0.2453125 0.465625 0.034375 0.040625
0 0.30859375 0.4796875 0.0359375 0.040625
0 0.38046875 0.4828125 0.0328125 0.0375
0 0.42109375 0.5078125 0.0328125 0.040625
0 0.50078125 0.5296875 0.0296875 0.040625
0 0.50625 0.47109375 0.03125 0.0359375
0 0.46953125 0.659375 0.0390625 0.046875
0 0.5703125 0.52578125 0.03125 0.0421875
0 0.6375 0.4875 0.028125 0.0375
0 0.6296875 0.66640625 0.028125 0.0390625
0 0.7046875 0.50078125 0.03125 0.0328125
0 0.75234375 0.64375 0.0328125 0.040625
0 0.775 0.50234375 0.03125 0.0328125
0 0.8328125 0.4890625 0.03125 0.034375
0 0.88984375 0.49921875 0.0265625 0.0359375
0 0.88984375 0.66015625 0.0359375 0.0390625
