0 1.075 0.5921875 0.103125 0.15
0 1.12734375 0.50859375 0.1015625 0.1296875
0 1.26171875 0.496875 0.0703125 0.121875
0 0.91171875 0.525 0.0921875 0.096875
0 1.05 0.48046875 0.09375 0.1140625
0 0.78125 0.79921875 0.134375 0.1578125
0 0.815625 0.54140625 0.08125 0.1171875
0 0.5640625 0.56796875 0.096875 0.1140625
0 0.89140625 0.37890625 0.0765625 0.0859375
0 0.75 0.47421875 0.08125 0.0953125
0 0.9859375 0.80234375 0.134375 0.1640625
0 0.74375 0.36015625 0.065625 0.0765625
0 0.63828125 0.38046875 0.0578125 0.0828125
0 0.72734375 0.671875 0.0921875 0.11875
0 0.325 0.4421875 0.075 0.1
0 0.309375 0.27734375 0.059375 0.0828125
0 0.41484375 0.371875 0.0578125 0.071875
0 0.1265625 0.38984375 0.078125 0.0921875
0 0.08515625 0.4390625 0.0734375 0.1
0 0.07265625 0.56484375 0.0953125 0.1109375
0 0.18984375 0.58359375 0.1015625 0.0890625
0 0.559375 0.24765625 0.046875 0.0640625
0 0.78515625 0.26640625 0.0515625 0.0765625
0 0.2109375 0.27578125 0.046875 0.0640625
0 0.2078125 0.36015625 0.046875 0.0640625
0 0.0578125 0.26015625 0.04375 0.0609375
0 0.553125 0.18046875 0.034375 0.0421875
0 0.44765625 0.13359375 0.0296875 0.0359375
0 0.40234375 0.9953125 0.1359375 0.140625
0 0.07421875 0.86953125 0.1140625 0.1703125
0 0.08984375 0.6890625 0.1078125 0.128125
0 0.19609375 0.98203125 0.1578125 0.1703125
0 0.85234375 0.98828125 0.1515625 0.1546875
0 0.6890625 0.9921875 0.134375 0.134375
0 1.04609375 0.97421875 0.1390625 0.1703125
0 1.1875 0.9453125 0.1 0.171875
0 1.30390625 0.85546875 0.1234375 0.1515625
0 1.46796875 0.775 0.1359375 0.153125
0 1.4109375 0.5921875 0.078125 0.146875
0 1.40546875 0.415625 0.0796875 0.09375
0 1.53671875 0.30546875 0.0515625 0.0765625
0 1.5734375 0.28828125 0.046875 0.0921875
0 1.36015625 0.36875 0.0640625 0.096875
0 1.3921875 0.27578125 0.065625 0.0859375
0 1.2265625 0.32109375 0.0625 0.0703125
0 1.3109375 0.3 0.040625 0.065625
0 1.07890625 0.31484375 0.0546875 0.0671875
0 1.13984375 0.3046875 0.0453125 0.0625
0 1.11640625 0.0625 0.0390625 0.046875
0 1.12578125 0.20703125 0.0453125 0.0640625
0 1.25703125 0.2296875 0.0546875 0.078125
0 0.4015625 0.51953125 0.0875 0.1046875
0 0.18203125 0.07890625 0.0265625 0.0390625
0 0.3453125 0.06328125 0.025 0.0390625
0 0.39453125 0.0859375 0.0265625 0.04375
0 0.5140625 0.046875 0.021875 0.034375
0 0.60546875 0.0578125 0.0203125 0.040625
0 0.6453125 0.22421875 0.03125 0.0515625
0 0.04921875 0.05703125 0.0265625 0.0359375
0 0.13125 0.2703125 0.03125 0.04375
0 1.27734375 0.01171875 0.0265625 0.0203125
0 0.8546875 0.0171875 0.028125 0.028125
0 0.81796875 0.0140625 0.0265625 0.021875
0 0.97421875 0.2671875 0.0546875 0.053125
0 0.415625 0.69375 0.10625 0.125
0 0.26171875 0.06640625 0.0265625 0.0390625
0 0.28671875 0.040625 0.0265625 0.034375
0 0.89375 0.35 0.06875 0.08125
0 1.26796875 0.4625 0.0953125 0.11875
0 1.2921875 0.4296875 0.078125 0.103125
0 0.65625 0.553125 0.078125 0.09375
