0 0.3875 0.7296875 0.009375 0.009375
0 0.46796875 0.76328125 0.0109375 0.0109375
0 0.59921875 0.803125 0.0109375 0.01875
0 0.81015625 0.9140625 0.0203125 0.025
0 0.88359375 0.9203125 0.0171875 0.021875
0 0.91484375 0.9296875 0.0109375 0.021875
0 0.759375 0.98828125 0.015625 0.0296875
0 0.65703125 0.95390625 0.0171875 0.0234375
0 1.50078125 0.971875 0.0171875 0.028125
0 1.534375 1.01484375 0.021875 0.0234375
0 1.53125 0.87109375 0.015625 0.0203125
0 1.50234375 0.87265625 0.0140625 0.0203125
0 1.4171875 0.875 0.015625 0.021875
0 1.3140625 0.79765625 0.0125 0.0171875
0 1.28984375 0.80625 0.0140625 0.021875
0 1.57265625 0.81875 0.0109375 0.015625
0 1.325 0.86328125 0.015625 0.0171875
0 1.50078125 0.80859375 0.0109375 0.0171875
0 1.4890625 0.84765625 0.0125 0.0140625
0 1.52890625 0.83828125 0.0109375 0.0171875
0 1.3515625 0.8109375 0.0125 0.015625
0 1.58203125 0.84140625 0.0109375 0.0140625
0 1.45625 0.84921875 0.0125 0.0203125
0 1.53984375 0.7953125 0.0109375 0.0125
0 1.5078125 0.83828125 0.009375 0.0140625
0 1.515625 0.8578125 0.0125 0.01875
0 1.33828125 0.8421875 0.0109375 0.015625
0 1.40234375 0.84296875 0.0140625 0.0171875
0 1.37890625 0.81015625 0.0109375 0.0140625
0 0.4140625 0.7453125 0.009375 0.0125
0 1.3609375 0.67890625 0.00625 0.0078125
0 1.14921875 0.84375 0.0109375 0.015625
0 1.15 0.80859375 0.0125 0.0171875
0 1.00234375 0.81171875 0.0109375 0.0140625
0 1.0234375 0.79453125 0.009375 0.0140625
0 1.00390625 0.7609375 0.0140625 0.01875
0 0.92109375 0.78046875 0.0109375 0.0140625
