0 0.36640625 0.17890625 0.0265625 0.0296875
0 0.034375 0.75 0.03125 0.034375
0 0.08203125 0.85 0.0359375 0.03125
0 0.9953125 0.8078125 0.03125 0.040625
0 0.90078125 0.8015625 0.0328125 0.0375
0 0.85234375 0.8015625 0.0203125 0.04375
0 0.6203125 0.68359375 0.028125 0.0359375
0 0.675 0.79453125 0.021875 0.0296875
0 1.2984375 0.85546875 0.03125 0.0453125
0 0.4015625 0.72578125 0.025 0.0328125
0 0.46640625 0.71796875 0.0265625 0.0359375
0 0.87265625 0.42890625 0.0140625 0.0203125
0 0.728125 0.4515625 0.021875 0.021875
0 1.525 0.884375 0.034375 0.034375
0 0.29140625 0.17109375 0.0265625 0.0390625
