0 0.4546875 0.26484375 0.05 0.0953125
0 0.23828125 0.2609375 0.0453125 0.075
0 0.10078125 0.28515625 0.0515625 0.0765625
0 0.71953125 0.37109375 0.0671875 0.1078125
0 0.784375 0.26484375 0.0375 0.0734375
0 1.1453125 0.29375 0.040625 0.05625
0 1.209375 0.2859375 0.034375 0.04375
0 1.53359375 0.3328125 0.0453125 0.06875
0 1.5703125 0.26640625 0.04375 0.0515625
0 1.4640625 0.2625 0.0375 0.046875
0 1.31171875 0.25 0.0265625 0.028125
0 1.30625 0.18828125 0.03125 0.0390625
0 1.17265625 0.18671875 0.0234375 0.0328125
0 1.03671875 0.1765625 0.0171875 0.025
0 1.09453125 0.1953125 0.0171875 0.021875
0 1.00234375 0.178125 0.0109375 0.01875
0 0.9453125 0.16875 0.0125 0.01875
0 0.90546875 0.15390625 0.0109375 0.0203125
0 0.87109375 0.17109375 0.0140625 0.0203125
0 0.890625 0.1703125 0.0125 0.021875
0 0.81875 0.1546875 0.015625 0.01875
0 0.79921875 0.1421875 0.0109375 0.0125
0 0.7515625 0.146875 0.0125 0.0125
0 0.47578125 0.14140625 0.0109375 0.0140625
0 1.246875 0.22265625 0.025 0.0296875
