0 0.64375 0.35078125 0.04375 0.0640625
0 0.83046875 0.375 0.0484375 0.0625
0 0.565625 0.28046875 0.021875 0.0265625
0 1.38984375 0.4421875 0.0359375 0.04375
0 1.290625 0.403125 0.03125 0.0375
0 1.2046875 0.3890625 0.025 0.03125
0 1.1484375 0.359375 0.021875 0.028125
0 1.134375 0.34609375 0.01875 0.0265625
0 1.29609375 0.2796875 0.0203125 0.03125
0 0.2546875 0.36796875 0.05 0.0734375
0 0.36953125 0.3578125 0.0359375 0.040625
0 0.453125 0.35234375 0.021875 0.0234375
0 0.13671875 0.45625 0.0390625 0.05
0 0.46796875 0.2640625 0.0140625 0.015625
0 0.74296875 0.25703125 0.0140625 0.0171875
0 0.709375 0.25859375 0.0125 0.0140625
0 0.80703125 0.265625 0.0140625 0.01875
0 1.45 0.26875 0.015625 0.021875
0 1.56015625 0.2640625 0.0109375 0.021875
0 1.2171875 0.25703125 0.0125 0.0109375
0 1.2 0.25078125 0.009375 0.0109375
0 1.25390625 0.253125 0.0109375 0.0125
0 0.1890625 0.26796875 0.015625 0.0171875
0 0.02578125 0.25859375 0.0109375 0.0140625
