0 0.09453125 0.353125 0.0578125 0.096875
0 0.1890625 0.3703125 0.046875 0.065625
0 0.25859375 0.3875 0.0390625 0.059375
0 0.31875 0.3671875 0.04375 0.065625
0 0.48828125 0.34453125 0.0515625 0.1265625
0 0.2453125 0.340625 0.03125 0.040625
0 0.55859375 0.378125 0.0203125 0.034375
0 0.621875 0.41953125 0.05625 0.0703125
0 0.86328125 0.42109375 0.0546875 0.0640625
0 1.03125 0.3734375 0.028125 0.04375
0 1.1765625 0.39765625 0.053125 0.0734375
0 0.7984375 0.415625 0.021875 0.03125
0 0.71484375 0.41015625 0.0265625 0.0359375
0 0.846875 0.3078125 0.025 0.028125
0 0.73671875 0.31484375 0.0171875 0.0203125
0 1.31953125 0.3953125 0.0296875 0.0375
0 1.50859375 0.3921875 0.0296875 0.046875
0 1.2625 0.4 0.01875 0.021875
