0 1.20390625 0.5796875 0.0890625 0.128125
0 1.340625 0.1484375 0.0625 0.084375
0 1.24375 0.190625 0.053125 0.078125
0 1.14296875 0.1703125 0.0578125 0.075
0 1.0265625 0.17265625 0.05 0.0734375
0 0.8578125 0.196875 0.05 0.08125
0 0.75390625 0.246875 0.0421875 0.059375
0 0.63046875 0.346875 0.0328125 0.04375
0 0.56015625 0.34453125 0.0296875 0.0296875
0 0.48671875 0.39765625 0.0234375 0.0328125
0 0.2796875 0.46875 0.01875 0.025
0 0.44375 0.40234375 0.021875 0.0328125
0 0.08203125 0.51875 0.0140625 0.01875
