0 0.67578125 0.6125 0.0140625 0.01875
0 0.63125 0.60078125 0.00625 0.0046875
0 0.58046875 0.503125 0.0078125 0.00625
0 0.575 0.43125 0.015625 0.01875
0 0.70703125 0.34921875 0.0078125 0.0078125
0 0.80234375 0.61796875 0.0171875 0.0140625
0 0.875 0.61171875 0.00625 0.0046875
0 0.9328125 0.6234375 0.0125 0.01875
0 0.9953125 0.646875 0.0125 0.015625
0 1.03125 0.54453125 0.01875 0.0234375
0 1.04296875 0.446875 0.0046875 0.009375
0 1.01953125 0.36171875 0.0171875 0.0234375
0 0.9609375 0.3484375 0.009375 0.009375
0 0.8828125 0.36015625 0.015625 0.0234375
0 0.83203125 0.346875 0.0078125 0.009375
0 0.759375 0.359375 0.015625 0.021875
0 0.79140625 0.47109375 0.0234375 0.0296875
0 0.75 0.60390625 0.009375 0.0078125
