0 0.234375 0.24765625 0.015625 0.0359375
0 0.278125 0.37265625 0.046875 0.0578125
0 0.32578125 0.33046875 0.0328125 0.0515625
0 0.40078125 0.46015625 0.0265625 0.0390625
0 1.36484375 0.23359375 0.0265625 0.0328125
0 1.5015625 0.21484375 0.021875 0.0328125
0 0.97265625 0.1609375 0.0109375 0.0125
0 1.02109375 0.14765625 0.0109375 0.0140625
0 1.1078125 0.15859375 0.0125 0.0140625
0 1.12890625 0.1515625 0.0109375 0.0125
0 1.20078125 0.13671875 0.0109375 0.0109375
0 1.2453125 0.1390625 0.0125 0.015625
0 1.2984375 0.146875 0.0125 0.0125
0 1.17265625 0.15390625 0.0109375 0.0109375
0 0.85 0.16171875 0.0125 0.0140625
0 0.75078125 0.15234375 0.0109375 0.0171875
0 1.56875 0.1375 0.0125 0.0125
0 1.4640625 0.134375 0.0125 0.015625
0 1.53359375 0.14609375 0.0109375 0.0109375
0 1.15546875 0.153125 0.0078125 0.009375
0 0.934375 0.15625 0.009375 0.0125
0 0.95390625 0.153125 0.0109375 0.015625
0 0.90546875 0.15234375 0.0140625 0.0140625
0 1.4421875 0.69453125 0.090625 0.0953125
0 1.2546875 0.6015625 0.078125 0.09375
0 1.26640625 0.4734375 0.0734375 0.084375
0 0.99453125 0.49765625 0.0515625 0.1015625
0 0.7921875 0.5453125 0.046875 0.084375
0 0.878125 0.49453125 0.05625 0.0828125
0 0.78984375 0.478125 0.0609375 0.071875
0 0.63359375 0.40859375 0.0453125 0.0703125
0 0.53203125 0.4640625 0.0359375 0.06875
0 0.46015625 0.39453125 0.0421875 0.0609375
0 0.5828125 0.4375 0.034375 0.065625
0 0.01015625 0.328125 0.0203125 0.05625
0 0.11015625 0.31171875 0.0296875 0.0359375
0 0.21328125 0.2609375 0.0234375 0.0375
