0 1.34375 0.384375 0.025 0.0375
0 1.4875 0.35234375 0.021875 0.0328125
0 0.97734375 0.25703125 0.0203125 0.0234375
0 0.42265625 0.25078125 0.0203125 0.0265625
0 0.49375 0.23671875 0.021875 0.0265625
0 0.59140625 0.2375 0.0203125 0.028125
0 0.646875 0.22109375 0.015625 0.0234375
0 0.92890625 0.16484375 0.0140625 0.0203125
0 0.96640625 0.15546875 0.0109375 0.0171875
0 0.99765625 0.13984375 0.0109375 0.0171875
0 1.0234375 0.14453125 0.0125 0.0171875
0 0.0890625 0.1328125 0.015625 0.01875
0 0.290625 0.11640625 0.0125 0.0140625
0 0.1390625 0.134375 0.0125 0.01875
0 0.51015625 0.0828125 0.0109375 0.015625
