0 0.08515625 0.28984375 0.0265625 0.0328125
0 0.11953125 0.25390625 0.0203125 0.0296875
0 0.16171875 0.29765625 0.0203125 0.0296875
0 0.18125 0.275 0.015625 0.021875
0 0.2125 0.25078125 0.01875 0.0265625
0 0.24765625 0.2671875 0.0203125 0.025
0 0.28203125 0.290625 0.0265625 0.0375
0 0.32109375 0.28046875 0.0203125 0.0265625
0 0.29609375 0.2390625 0.0140625 0.025
0 0.375 0.290625 0.021875 0.028125
0 0.39375 0.253125 0.015625 0.028125
0 0.46328125 0.29140625 0.0171875 0.0265625
0 0.503125 0.2484375 0.021875 0.034375
0 0.53046875 0.290625 0.0203125 0.025
0 0.503125 0.22265625 0.015625 0.0234375
0 0.596875 0.21640625 0.01875 0.0265625
0 0.575 0.25078125 0.015625 0.0171875
0 0.62421875 0.30390625 0.0140625 0.0234375
0 0.615625 0.26796875 0.01875 0.0265625
0 0.671875 0.2171875 0.015625 0.03125
0 0.7 0.25 0.01875 0.021875
0 0.68984375 0.29140625 0.0140625 0.0234375
0 0.77109375 0.2828125 0.0171875 0.025
0 0.75859375 0.25078125 0.0203125 0.0265625
0 0.74375 0.21484375 0.0125 0.0203125
0 0.81640625 0.2578125 0.0171875 0.028125
0 0.8328125 0.21484375 0.01875 0.0234375
0 0.90546875 0.2515625 0.0203125 0.028125
0 0.8484375 0.284375 0.01875 0.025
0 0.9671875 0.25078125 0.01875 0.0234375
0 0.9359375 0.23125 0.01875 0.028125
0 1.02265625 0.23046875 0.0203125 0.0203125
0 1.00625 0.27890625 0.01875 0.0265625
0 1.0953125 0.28125 0.025 0.028125
0 1.065625 0.2609375 0.01875 0.025
0 1.10078125 0.234375 0.0203125 0.025
0 1.1359375 0.26328125 0.01875 0.0296875
0 1.17421875 0.278125 0.0171875 0.028125
0 1.1890625 0.23046875 0.01875 0.0296875
0 1.31328125 0.625 0.0265625 0.034375
0 1.4015625 0.51484375 0.021875 0.0265625
0 1.2921875 0.52734375 0.01875 0.0296875
0 1.17578125 0.5234375 0.0234375 0.03125
0 1.06953125 0.5296875 0.0203125 0.03125
0 0.9515625 0.484375 0.021875 0.034375
0 0.03046875 0.48359375 0.0203125 0.0296875
0 0.096875 0.4984375 0.021875 0.03125
0 0.08515625 0.61015625 0.0171875 0.0265625
0 1.0625 0.61484375 0.025 0.0328125
0 1.2234375 0.63515625 0.025 0.0328125
0 1.3734375 0.50546875 0.021875 0.0265625
0 1.48203125 0.58046875 0.0140625 0.0234375
0 1.23515625 0.2609375 0.0140625 0.025
0 1.278125 0.23515625 0.015625 0.0234375
0 1.3109375 0.26328125 0.01875 0.0234375
0 1.259375 0.296875 0.01875 0.025
0 1.3578125 0.29453125 0.021875 0.0265625
0 1.36953125 0.2453125 0.0171875 0.025
0 1.42265625 0.2359375 0.0203125 0.025
0 1.42109375 0.26796875 0.0203125 0.0296875
0 1.43671875 0.275 0.0203125 0.028125
0 1.49140625 0.26015625 0.0171875 0.0265625
0 1.51953125 0.2375 0.0171875 0.025
0 1.5359375 0.29609375 0.01875 0.0265625
0 1.5640625 0.24296875 0.015625 0.0234375
0 1.57578125 0.26875 0.0203125 0.028125
0 0.02265625 0.609375 0.0203125 0.025
0 0.00859375 0.675 0.0140625 0.03125
0 0.24609375 0.6734375 0.0203125 0.025
0 0.16640625 0.675 0.0234375 0.025
0 0.19765625 0.51328125 0.0234375 0.0265625
0 0.2234375 0.42265625 0.021875 0.0265625
0 0.11875 0.415625 0.025 0.021875
0 0.3046875 0.4796875 0.01875 0.025
0 0.40546875 0.46640625 0.0234375 0.0265625
0 0.38203125 0.51015625 0.0171875 0.0203125
0 0.32734375 0.5484375 0.0171875 0.021875
0 0.303125 0.5921875 0.021875 0.021875
0 0.36953125 0.6015625 0.0203125 0.03125
0 0.43125 0.5515625 0.015625 0.025
0 0.4796875 0.5203125 0.021875 0.034375
0 0.76796875 0.68984375 0.0203125 0.0296875
