0 0.165625 0.140625 0.034375 0.046875
0 0.2953125 0.22890625 0.021875 0.0328125
0 0.4140625 0.265625 0.0375 0.028125
0 0.05625 0.16171875 0.028125 0.0484375
0 0.23515625 0.36953125 0.0328125 0.0359375
0 0.23046875 0.46171875 0.0234375 0.0390625
0 0.29609375 0.48046875 0.0265625 0.0265625
0 0.321875 0.478125 0.028125 0.028125
0 0.38828125 0.4578125 0.0265625 0.0375
0 0.4359375 0.4640625 0.03125 0.0375
0 0.54609375 0.509375 0.0359375 0.028125
0 0.8390625 0.1765625 0.0375 0.053125
0 0.94609375 0.24765625 0.0359375 0.0484375
0 0.7515625 0.2546875 0.03125 0.0375
0 0.66328125 0.215625 0.0359375 0.040625
0 0.64375 0.23203125 0.025 0.0421875
0 0.59765625 0.359375 0.0171875 0.034375
0 0.83984375 0.3953125 0.0328125 0.0375
0 0.9703125 0.32890625 0.028125 0.0453125
0 1.0796875 0.20546875 0.034375 0.0453125
0 1.07109375 0.2328125 0.0421875 0.0375
0 1.16484375 0.2 0.0421875 0.05625
0 1.28125 0.246875 0.0375 0.059375
0 1.484375 0.165625 0.03125 0.05
0 1.41015625 0.24140625 0.0328125 0.0390625
0 1.3890625 0.16875 0.009375 0.040625
0 1.4328125 0.31640625 0.034375 0.0453125
0 1.36640625 0.478125 0.0390625 0.040625
0 1.23359375 0.48515625 0.0328125 0.0328125
0 1.50703125 0.3484375 0.0359375 0.04375
0 1.4609375 0.33046875 0.021875 0.0359375
0 1.5921875 0.3125 0.015625 0.040625
0 1.2375 0.2125 0.0375 0.040625
0 0.740625 0.4875 0.034375 0.040625
0 0.6625 0.40078125 0.021875 0.0328125
0 0.5234375 0.44609375 0.021875 0.0203125
