0 1.0234375 0.59140625 0.025 0.0140625
0 0.77890625 0.6390625 0.0203125 0.028125
0 0.80234375 0.62109375 0.0171875 0.0265625
0 0.76796875 0.46875 0.0140625 0.025
0 0.78046875 0.4375 0.0171875 0.015625
0 0.43515625 0.4359375 0.0140625 0.025
0 0.34765625 0.42265625 0.0109375 0.0203125
0 0.3546875 0.59765625 0.021875 0.0265625
0 0.41328125 0.47734375 0.0109375 0.0203125
0 0.4953125 0.48828125 0.009375 0.0203125
0 0.46015625 0.5640625 0.0140625 0.021875
0 0.20859375 0.53203125 0.0171875 0.0234375
0 0.1609375 0.40859375 0.01875 0.0265625
0 0.103125 0.4921875 0.0125 0.028125
0 0.0125 0.63125 0.01875 0.03125
0 0.61875 0.453125 0.009375 0.021875
0 0.37421875 0.503125 0.0109375 0.01875
