0 1.05 0.34765625 0.078125 0.0984375
0 0.26875 0.2578125 0.065625 0.075
0 0.140625 0.20078125 0.040625 0.0390625
0 0.15078125 0.10625 0.0421875 0.05
0 0.03046875 0.1171875 0.0390625 0.05
0 0.12421875 0.0234375 0.0390625 0.034375
0 0.27421875 0.03046875 0.0359375 0.0421875
0 0.40078125 0.0421875 0.0421875 0.05625
0 0.55703125 0.10859375 0.0359375 0.0578125
0 0.66015625 0.1109375 0.0390625 0.05
0 0.65546875 0.0296875 0.0359375 0.04375
0 0.56328125 0.021875 0.0390625 0.03125
0 1.0109375 0.05625 0.034375 0.046875
0 1.11953125 0.03359375 0.0390625 0.0421875
0 0.775 0.11796875 0.034375 0.0453125
0 0.6171875 0.240625 0.05 0.05625
