0 0.8109375 0.453125 0.03125 0.028125
0 0.89921875 0.525 0.0390625 0.046875
0 0.865625 0.5921875 0.034375 0.0375
0 0.86171875 0.65 0.0421875 0.04375
0 1.0015625 0.65234375 0.028125 0.0359375
0 1.08828125 0.696875 0.0359375 0.046875
0 1.11484375 0.6859375 0.0296875 0.040625
0 1.1859375 0.64140625 0.034375 0.0515625
0 1.24921875 0.62578125 0.0296875 0.0484375
0 1.20625 0.80625 0.034375 0.04375
0 1.2453125 0.7921875 0.028125 0.04375
0 1.2859375 0.76640625 0.034375 0.0484375
0 1.35703125 0.74296875 0.0359375 0.0546875
0 1.525 0.7828125 0.034375 0.04375
0 1.553125 0.64375 0.028125 0.046875
0 1.4875 0.63359375 0.03125 0.0390625
0 1.25625 0.56484375 0.0375 0.0421875
0 1.18046875 0.46796875 0.0265625 0.0359375
0 1.1203125 0.4765625 0.03125 0.05
0 1.08671875 0.4828125 0.0234375 0.04375
0 1.01875 0.50078125 0.034375 0.0484375
0 0.965625 0.50234375 0.03125 0.0421875
0 1.36484375 0.4171875 0.0296875 0.05
0 1.46875 0.40078125 0.028125 0.0421875
0 1.5109375 0.5 0.034375 0.04375
0 1.4921875 0.528125 0.025 0.040625
0 1.5734375 0.38515625 0.028125 0.0453125
0 1.0421875 0.55703125 0.021875 0.0296875
0 0.9921875 0.56171875 0.03125 0.0359375
0 0.390625 0.4046875 0.475 0.515625
0 0.7390625 0.26171875 0.03125 0.0421875
0 0.69921875 0.309375 0.0296875 0.0375
0 0.86484375 0.12109375 0.0296875 0.0453125
0 0.06015625 0.184375 0.0265625 0.0375
0 0.0328125 0.296875 0.040625 0.046875
0 0.021875 0.04375 0.028125 0.028125
0 0.7921875 0.61328125 0.03125 0.0640625
0 0.86640625 0.11875 0.0296875 0.046875
0 1.1015625 0.284375 0.021875 0.028125
0 0.98671875 0.3109375 0.0265625 0.0375
0 1.19765625 0.02578125 0.0234375 0.0328125
0 0.7578125 0.0703125 0.025 0.0375
0 1.46640625 0.03828125 0.0203125 0.0328125
0 1.571875 0.02578125 0.025 0.0234375
0 1.50703125 0.20625 0.0296875 0.034375
0 1.43671875 0.2796875 0.0328125 0.034375
0 1.36328125 0.31328125 0.0328125 0.0421875
