0 1.48203125 0.253125 0.0515625 0.0625
0 1.309375 0.23125 0.05 0.05625
0 1.06171875 0.13046875 0.0453125 0.0796875
0 1.02109375 0.175 0.0609375 0.06875
0 0.871875 0.15 0.0625 0.090625
0 1.26171875 0.50703125 0.0859375 0.1109375
0 0.80859375 0.55078125 0.0828125 0.1171875
0 0.615625 0.140625 0.0875 0.10625
0 0.653125 0.1640625 0.040625 0.0625
0 0.23203125 0.16953125 0.0515625 0.0734375
0 0.1734375 0.02109375 0.040625 0.0359375
0 0.0765625 0.10234375 0.040625 0.0421875
0 0.10234375 0.1796875 0.0390625 0.0625
0 0.12109375 0.6078125 0.0515625 0.1125
