0 1.1421875 0.2671875 0.1125 0.109375
0 0.5671875 0.215625 0.096875 0.103125
0 1.3265625 0.10625 0.03125 0.04375
0 1.41875 0.09453125 0.0375 0.0359375
0 1.42578125 0.04609375 0.0390625 0.0453125
0 1.55546875 0.090625 0.0359375 0.05625
0 1.5328125 0.05546875 0.03125 0.0390625
0 1.22109375 0.0765625 0.0390625 0.046875
0 1.10859375 0.05859375 0.0421875 0.0453125
0 0.98125 0.0828125 0.034375 0.046875
0 1.121875 0.02109375 0.0375 0.0296875
0 1.20078125 0.0140625 0.0390625 0.028125
0 0.74375 0.1453125 0.0375 0.05
0 0.85078125 0.14140625 0.0359375 0.0453125
0 0.865625 0.06796875 0.0375 0.0359375
0 0.6984375 0.08671875 0.040625 0.0359375
0 0.6390625 0.0453125 0.0375 0.04375
0 0.45703125 0.13125 0.0328125 0.04375
0 0.04453125 0.053125 0.0296875 0.05625
0 1.34921875 0.01328125 0.0359375 0.0203125
0 1.4875 0.01171875 0.0375 0.0203125
0 0.01640625 0.10859375 0.0265625 0.0546875
0 1.1875 0.07421875 0.025 0.0421875
0 0.99765625 0.01796875 0.0359375 0.0296875
