0 1.43046875 0.48828125 0.0515625 0.0578125
0 1.3265625 0.503125 0.04375 0.046875
0 1.33828125 0.63671875 0.0515625 0.0640625
0 1.21015625 0.47578125 0.0421875 0.0515625
0 1.12421875 0.496875 0.0390625 0.05
0 1.16484375 0.63359375 0.0515625 0.0640625
0 1.028125 0.6515625 0.05 0.059375
0 0.99375 0.48125 0.046875 0.053125
0 0.86015625 0.47421875 0.0421875 0.0609375
0 0.81953125 0.47578125 0.0421875 0.0515625
0 0.815625 0.66171875 0.046875 0.0609375
0 0.74375 0.46953125 0.04375 0.0609375
0 0.6921875 0.46171875 0.046875 0.0546875
0 0.63046875 0.49453125 0.0421875 0.0546875
0 0.66328125 0.6546875 0.0453125 0.05625
0 0.50703125 0.64453125 0.0484375 0.0609375
0 0.5359375 0.47890625 0.04375 0.0515625
0 0.46875 0.47265625 0.04375 0.0515625
0 0.428125 0.50078125 0.04375 0.0421875
0 0.36640625 0.52421875 0.0421875 0.0546875
0 0.2921875 0.47734375 0.046875 0.0515625
0 0.2453125 0.4890625 0.046875 0.059375
0 0.31796875 0.63046875 0.0484375 0.0640625
