0 1.3484375 0.42890625 0.03125 0.0421875
0 1.403125 0.365625 0.03125 0.040625
0 1.4421875 0.45546875 0.028125 0.0359375
0 1.46875 0.5421875 0.03125 0.040625
0 1.3296875 0.54921875 0.028125 0.0390625
0 1.2453125 0.42734375 0.03125 0.0390625
0 1.19140625 0.3640625 0.0265625 0.03125
0 1.1921875 0.54921875 0.03125 0.0390625
0 1.121875 0.43359375 0.028125 0.0359375
0 1.05390625 0.54765625 0.0296875 0.0484375
0 0.93203125 0.55 0.0296875 0.040625
0 0.9953125 0.43125 0.028125 0.034375
0 0.88125 0.43203125 0.028125 0.0390625
0 1.08671875 0.3484375 0.0296875 0.040625
0 0.9640625 0.35390625 0.028125 0.0390625
0 0.84375 0.3546875 0.028125 0.0375
0 0.72265625 0.359375 0.0265625 0.03125
0 0.76484375 0.4234375 0.0265625 0.0375
0 0.64140625 0.43203125 0.0265625 0.0328125
0 0.6046875 0.36484375 0.028125 0.0359375
0 0.52109375 0.43828125 0.0296875 0.0328125
0 0.49375 0.36640625 0.028125 0.0328125
0 0.4046875 0.43828125 0.028125 0.0328125
0 0.3765625 0.36015625 0.028125 0.0390625
0 0.27109375 0.371875 0.0265625 0.034375
0 0.28125 0.4484375 0.03125 0.0375
0 0.28359375 0.5515625 0.0296875 0.040625
0 0.425 0.54921875 0.028125 0.0390625
0 0.54453125 0.5515625 0.0328125 0.04375
0 0.67578125 0.53671875 0.0296875 0.0421875
0 0.81484375 0.5609375 0.0328125 0.040625
0 0.146875 0.53984375 0.028125 0.0359375
0 0.20234375 0.45234375 0.0328125 0.0390625
0 0.11484375 0.44453125 0.0296875 0.0359375
0 1.3015625 0.3640625 0.03125 0.03125
