0 1.43125 0.43046875 0.04375 0.0453125
0 1.3421875 0.3765625 0.0375 0.04375
0 1.23046875 0.35703125 0.0390625 0.0484375
0 1.1546875 0.3734375 0.040625 0.05
0 1.32109375 0.4515625 0.0421875 0.053125
0 1.34140625 0.55703125 0.0453125 0.0578125
0 1.1859375 0.5171875 0.0375 0.040625
0 1.071875 0.3765625 0.0375 0.05
0 1.0671875 0.3328125 0.0375 0.04375
0 0.9984375 0.36640625 0.034375 0.0453125
0 0.9828125 0.43125 0.040625 0.046875
0 1.12109375 0.57734375 0.0453125 0.0484375
0 1.27578125 0.62890625 0.0390625 0.0609375
0 0.95625 0.5140625 0.040625 0.05
0 0.7125 0.42890625 0.0375 0.0578125
0 0.74453125 0.41171875 0.0328125 0.0484375
0 0.79921875 0.3796875 0.0328125 0.04375
0 0.8890625 0.384375 0.034375 0.046875
0 0.846875 0.446875 0.040625 0.05
0 0.82890625 0.51171875 0.0421875 0.0515625
0 0.740625 0.5390625 0.04375 0.05625
0 0.61953125 0.584375 0.0453125 0.06875
0 0.61796875 0.3765625 0.0390625 0.05
0 0.61015625 0.44140625 0.0390625 0.0578125
0 0.50546875 0.42734375 0.0484375 0.0640625
0 0.68671875 0.3796875 0.0109375 0.0125
0 0.66171875 0.37265625 0.0109375 0.0109375
0 0.18984375 0.36796875 0.0546875 0.0671875
0 0.3 0.3875 0.053125 0.065625
0 0.25859375 0.33046875 0.0484375 0.0515625
0 0.37265625 0.37265625 0.0453125 0.0578125
0 0.396875 0.35546875 0.0375 0.0546875
0 0.37734375 0.51171875 0.0484375 0.0734375
0 0.28203125 0.58515625 0.0546875 0.0796875
0 0.20625 0.4609375 0.053125 0.078125
0 1.2640625 0.78515625 0.05 0.0640625
0 1.08828125 0.80546875 0.0484375 0.0453125
0 0.97421875 0.7484375 0.0484375 0.065625
0 0.09921875 0.39453125 0.0109375 0.0109375
0 0.13828125 0.39140625 0.0109375 0.0109375
