0 1.446875 0.17890625 0.01875 0.0203125
0 1.4265625 0.14140625 0.01875 0.0203125
0 1.3890625 0.14765625 0.015625 0.0203125
0 1.3578125 0.18046875 0.01875 0.0203125
0 1.321875 0.190625 0.015625 0.01875
0 1.33984375 0.14921875 0.0171875 0.0203125
0 1.3578125 0.20859375 0.01875 0.0203125
0 1.4 0.24921875 0.01875 0.0234375
0 1.42109375 0.221875 0.0171875 0.021875
0 1.465625 0.21953125 0.01875 0.0140625
0 1.47734375 0.24609375 0.0171875 0.0171875
0 1.51875 0.21484375 0.015625 0.0234375
0 1.534375 0.21640625 0.01875 0.0234375
0 1.54375 0.1734375 0.01875 0.01875
0 1.58515625 0.25625 0.0140625 0.01875
0 1.5609375 0.11953125 0.01875 0.0203125
0 1.49765625 0.1515625 0.0171875 0.01875
0 1.425 0.18828125 0.015625 0.0234375
0 1.3640625 0.16640625 0.015625 0.0171875
0 1.3796875 0.084375 0.015625 0.01875
0 1.4234375 0.07734375 0.01875 0.0203125
0 1.475 0.08125 0.015625 0.015625
0 1.496875 0.0765625 0.015625 0.01875
0 1.5703125 0.046875 0.015625 0.01875
0 1.5859375 0.0515625 0.015625 0.01875
0 1.59375 0.10859375 0.0125 0.0203125
0 1.5703125 0.01328125 0.01875 0.0171875
0 1.503125 0.02421875 0.015625 0.0140625
0 1.45859375 0.0234375 0.0171875 0.015625
0 1.384375 0.02421875 0.015625 0.0140625
0 1.35390625 0.05078125 0.0140625 0.0203125
0 1.3328125 0.025 0.015625 0.01875
0 1.30234375 0.06015625 0.0171875 0.0171875
0 1.2859375 0.09375 0.015625 0.01875
0 1.265625 0.12109375 0.015625 0.0265625
0 1.2875 0.1484375 0.01875 0.025
0 1.109375 0.196875 0.0125 0.01875
0 1.16171875 0.184375 0.0171875 0.01875
0 1.1875 0.15546875 0.015625 0.0171875
0 1.2265625 0.16640625 0.015625 0.0171875
0 1.2546875 0.178125 0.015625 0.01875
0 1.21796875 0.121875 0.0171875 0.015625
0 1.2390625 0.15546875 0.015625 0.0140625
0 1.21640625 0.084375 0.0171875 0.021875
0 1.165625 0.05703125 0.015625 0.0171875
0 1.175 0.0375 0.015625 0.01875
0 1.1359375 0.04609375 0.015625 0.0171875
0 1.12109375 0.06796875 0.0140625 0.0171875
0 1.10859375 0.12109375 0.0171875 0.0203125
0 1.1171875 0.15859375 0.015625 0.0203125
0 1.15859375 0.1296875 0.0140625 0.01875
0 1.065625 0.165625 0.015625 0.01875
0 1.0796875 0.09296875 0.015625 0.0234375
0 1.09765625 0.009375 0.0171875 0.015625
0 1.03125 0.12890625 0.015625 0.0171875
0 0.9890625 0.02734375 0.0125 0.0171875
0 0.95078125 0.04375 0.0140625 0.015625
0 0.90703125 0.04765625 0.0140625 0.0171875
0 0.91640625 0.13359375 0.0171875 0.0203125
0 0.9640625 0.15859375 0.01875 0.0234375
0 1.021875 0.16015625 0.015625 0.0171875
0 0.9875 0.1484375 0.015625 0.01875
0 0.91328125 0.19375 0.0140625 0.01875
0 0.89765625 0.16875 0.0171875 0.015625
0 0.84375 0.16171875 0.015625 0.0171875
0 0.86640625 0.20234375 0.0140625 0.0203125
0 0.75234375 0.01875 0.0140625 0.01875
0 0.8328125 0.01875 0.015625 0.01875
0 0.896875 0.009375 0.015625 0.015625
0 0.8328125 0.04609375 0.015625 0.0171875
0 0.8609375 0.06796875 0.015625 0.0171875
0 0.88984375 0.13671875 0.0140625 0.0171875
0 0.809375 0.13671875 0.015625 0.0171875
0 0.765625 0.13828125 0.015625 0.0171875
0 0.7484375 0.16328125 0.015625 0.0203125
0 0.8015625 0.16640625 0.015625 0.0203125
0 0.8203125 0.26484375 0.015625 0.0234375
0 0.88671875 0.23359375 0.0140625 0.0171875
0 0.78828125 0.2328125 0.0140625 0.021875
0 0.753125 0.20390625 0.0125 0.0171875
0 0.77734375 0.20859375 0.0109375 0.0171875
0 0.87109375 0.26328125 0.0140625 0.0171875
0 0.7625 0.26015625 0.015625 0.0203125
0 0.72578125 0.2265625 0.0140625 0.01875
0 1.24140625 0.015625 0.0109375 0.015625
0 1.2203125 0.01015625 0.0125 0.0171875
0 1.465625 0.05546875 0.0125 0.0171875
0 0.5421875 0.1828125 0.10625 0.1
0 0.36328125 0.10234375 0.0140625 0.0171875
0 0.37109375 0.0609375 0.0140625 0.0125
0 0.44609375 0.0828125 0.0140625 0.015625
0 0.46875 0.07890625 0.015625 0.0171875
0 0.47578125 0.02421875 0.0109375 0.0140625
0 0.38359375 0.021875 0.0140625 0.01875
0 0.321875 0.03984375 0.0125 0.0140625
0 0.271875 0.0296875 0.015625 0.0125
0 0.2546875 0.05625 0.015625 0.01875
0 0.259375 0.0796875 0.01875 0.021875
0 0.309375 0.11171875 0.015625 0.0171875
0 0.31953125 0.0875 0.0140625 0.0125
0 0.3578125 0.0828125 0.0125 0.015625
0 0.24140625 0.1171875 0.0171875 0.015625
0 0.2015625 0.078125 0.015625 0.021875
0 0.18671875 0.11171875 0.0171875 0.0203125
0 0.1875 0.14453125 0.015625 0.0171875
0 0.234375 0.14375 0.0125 0.0125
0 0.1609375 0.24453125 0.03125 0.0421875
0 0.14453125 0.08125 0.0140625 0.0125
0 0.12265625 0.1765625 0.0171875 0.015625
0 0.08359375 0.146875 0.0171875 0.01875
0 0.10703125 0.0796875 0.0171875 0.01875
0 0.1171875 0.06015625 0.0125 0.0171875
0 0.14609375 0.06484375 0.0140625 0.0140625
0 0.0953125 0.02578125 0.015625 0.0171875
0 0.06640625 0.0234375 0.0171875 0.01875
0 0.05390625 0.0546875 0.0140625 0.015625
0 0.040625 0.21640625 0.01875 0.0203125
0 0.10390625 0.23046875 0.0171875 0.0171875
0 0.00625 0.02890625 0.0125 0.0203125
0 0.43671875 0.0625 0.0140625 0.015625
0 1.4109375 0.10859375 0.0125 0.0171875
0 1.5625 0.0796875 0.015625 0.021875
0 0.93203125 0.02109375 0.0140625 0.0203125
0 0.8421875 0.23828125 0.0125 0.0203125
