0 1.53671875 0.25390625 0.0421875 0.0578125
0 1.4328125 0.2765625 0.04375 0.05625
0 1.33671875 0.278125 0.0421875 0.05625
0 1.26796875 0.325 0.0390625 0.05625
0 1.20859375 0.36015625 0.0421875 0.0390625
0 0.99765625 0.2921875 0.0515625 0.04375
0 0.84921875 0.27109375 0.0515625 0.0671875
0 0.7765625 0.3140625 0.046875 0.059375
0 0.65078125 0.32109375 0.0421875 0.0578125
0 0.52890625 0.2890625 0.0484375 0.059375
0 0.4125 0.3078125 0.04375 0.065625
0 0.284375 0.29921875 0.04375 0.0640625
0 0.17109375 0.30625 0.0453125 0.059375
0 0.0875 0.32109375 0.034375 0.0546875
0 0.23203125 0.1140625 0.0234375 0.028125
0 0.45546875 0.2796875 0.0328125 0.040625
