0 1.4390625 0.48046875 0.071875 0.1109375
0 1.3765625 0.49296875 0.05625 0.0984375
0 1.23984375 0.4765625 0.0765625 0.10625
0 1.1546875 0.47890625 0.059375 0.0765625
0 1.0265625 0.409375 0.09375 0.10625
0 0.79765625 0.4953125 0.0859375 0.084375
0 0.634375 0.475 0.084375 0.109375
0 0.46171875 0.44765625 0.0796875 0.1078125
0 0.5296875 0.50859375 0.065625 0.0828125
0 0.22109375 0.49296875 0.0703125 0.0890625
0 0.2671875 0.50703125 0.05625 0.0921875
0 0.11640625 0.4328125 0.0703125 0.08125
0 0.02578125 0.45234375 0.0484375 0.0703125
