0 1.11640625 0.284375 0.0640625 0.075
0 1.03515625 0.2328125 0.0328125 0.0375
0 0.915625 0.19453125 0.075 0.0828125
0 0.68671875 0.28203125 0.0359375 0.0453125
0 0.646875 0.28125 0.025 0.034375
0 1.3484375 0.29765625 0.0375 0.0578125
0 1.378125 0.20234375 0.046875 0.0546875
0 1.50078125 0.1625 0.0359375 0.05
0 1.37109375 0.1609375 0.0359375 0.025
0 1.5890625 0.33125 0.021875 0.06875
0 1.53203125 0.12265625 0.0296875 0.0296875
0 0.19296875 0.13125 0.0140625 0.015625
0 0.17890625 0.1078125 0.0140625 0.015625
0 0.25703125 0.0765625 0.0140625 0.015625
0 0.296875 0.15 0.0125 0.015625
0 0.24609375 0.1515625 0.0140625 0.015625
0 0.1125 0.13359375 0.0125 0.0171875
0 0.059375 0.1609375 0.015625 0.021875
0 0.0484375 0.0515625 0.015625 0.01875
0 0.2375 0.2625 0.01875 0.01875
0 0.1796875 0.2390625 0.015625 0.01875
0 0.1390625 0.26484375 0.015625 0.0171875
0 0.04140625 0.23515625 0.0171875 0.0171875
0 0.05625 0.26953125 0.015625 0.0140625
0 0.2515625 0.28828125 0.01875 0.0171875
0 0.23359375 0.23515625 0.0171875 0.0140625
0 0.17109375 0.21171875 0.0140625 0.0140625
0 0.16328125 0.13046875 0.0140625 0.0140625
0 0.14765625 0.1046875 0.0140625 0.015625
0 0.15234375 0.078125 0.0109375 0.0125
0 0.18125 0.05859375 0.0125 0.0171875
0 0.30625 0.04453125 0.015625 0.0171875
0 0.21484375 0.0515625 0.0140625 0.015625
0 0.22421875 0.075 0.0140625 0.015625
0 0.27421875 0.09609375 0.0140625 0.0171875
0 0.30625 0.07421875 0.015625 0.0140625
0 0.440625 0.140625 0.015625 0.01875
0 0.46328125 0.075 0.0109375 0.01875
0 0.19140625 0.03359375 0.0140625 0.0140625
0 0.2265625 0.17734375 0.01875 0.0203125
0 0.33203125 0.1 0.0171875 0.01875
0 0.12734375 0.05546875 0.0140625 0.0140625
0 0.11484375 0.38671875 0.0171875 0.0203125
0 0.1234375 0.36171875 0.01875 0.0203125
0 0.18984375 0.3203125 0.0171875 0.01875
0 0.1546875 0.3203125 0.015625 0.015625
0 0.2765625 0.38125 0.025 0.025
0 0.059375 0.36015625 0.015625 0.0171875
0 0.0546875 0.3875 0.015625 0.01875
0 0.0546875 0.4234375 0.01875 0.01875
0 0.04375 0.32890625 0.015625 0.0171875
0 0.0421875 0.30546875 0.0125 0.0171875
0 0.08828125 0.24296875 0.0171875 0.0171875
0 0.3375 0.13828125 0.021875 0.0203125
0 0.3859375 0.125 0.015625 0.021875
0 0.7 0.21796875 0.015625 0.0171875
0 0.56484375 0.28359375 0.0171875 0.0234375
0 0.58828125 0.221875 0.0140625 0.01875
0 0.31875 0.23203125 0.015625 0.0171875
0 0.70546875 0.10859375 0.0140625 0.0171875
0 0.69921875 0.08515625 0.0140625 0.0140625
0 0.73515625 0.0828125 0.0109375 0.015625
0 0.77109375 0.10703125 0.0140625 0.0171875
0 0.80625 0.07890625 0.015625 0.0171875
0 0.83046875 0.05546875 0.0140625 0.0171875
0 0.8484375 0.0703125 0.0125 0.01875
0 0.88046875 0.0734375 0.0140625 0.01875
0 0.909375 0.08515625 0.0125 0.0140625
0 0.85859375 0.01953125 0.0140625 0.0171875
0 0.90546875 0.04921875 0.0109375 0.0171875
0 0.7625 0.1921875 0.01875 0.01875
0 0.775 0.1578125 0.0125 0.01875
0 0.70625 0.1671875 0.015625 0.01875
0 0.66171875 0.13515625 0.0171875 0.0171875
0 0.61875 0.11640625 0.0125 0.0140625
0 0.65625 0.08984375 0.0125 0.0171875
0 0.61171875 0.090625 0.0140625 0.015625
0 0.5734375 0.115625 0.0125 0.015625
0 0.6015625 0.06171875 0.0125 0.0171875
0 0.5671875 0.06484375 0.0125 0.0140625
0 0.54296875 0.08671875 0.0171875 0.0140625
0 0.525 0.04296875 0.015625 0.0140625
0 0.51953125 0.01875 0.0140625 0.015625
0 0.56875 0.1671875 0.015625 0.015625
0 0.6828125 0.03125 0.015625 0.01875
0 0.71875 0.05546875 0.015625 0.0171875
0 0.64375 0.0625 0.015625 0.01875
0 0.596875 0.04140625 0.015625 0.0140625
0 0.8328125 0.02421875 0.015625 0.0171875
0 0.4796875 0.05 0.0125 0.021875
0 0.71015625 0.03515625 0.0140625 0.0171875
0 0.64765625 0.03515625 0.0140625 0.0140625
0 0.76015625 0.03515625 0.0140625 0.0171875
0 0.79140625 0.0390625 0.0140625 0.01875
0 0.7625 0.05625 0.015625 0.015625
0 0.79296875 0.06171875 0.0140625 0.0171875
0 0.78125 0.0828125 0.0125 0.0125
0 0.97421875 0.04296875 0.0171875 0.0203125
0 0.9796875 0.0140625 0.015625 0.015625
0 0.928125 0.0453125 0.0125 0.0125
0 0.93046875 0.025 0.0140625 0.0125
0 1.45546875 0.0953125 0.0140625 0.021875
0 0.4609375 0.10234375 0.015625 0.0171875
0 0.7140625 0.2765625 0.015625 0.03125
0 0.81953125 0.21796875 0.0171875 0.0203125
0 0.60234375 0.2625 0.0140625 0.015625
0 0.6640625 0.1703125 0.0125 0.01875
0 0.72109375 0.19453125 0.0140625 0.0203125
0 0.7375 0.12890625 0.0125 0.0171875
0 0.76171875 0.1359375 0.0140625 0.01875
0 0.50390625 0.1203125 0.0140625 0.01875
0 0.5015625 0.09296875 0.0125 0.0171875
0 0.47109375 0.14296875 0.0171875 0.0203125
0 0.81171875 0.109375 0.0140625 0.01875
0 0.05625 0.13203125 0.0125 0.0171875
0 0.01953125 0.13515625 0.0140625 0.0171875
0 0.06171875 0.10625 0.0140625 0.01875
0 0.2671875 0.02890625 0.0125 0.0140625
0 0.22421875 0.025 0.0109375 0.015625
0 0.49375 0.06953125 0.0125 0.0171875
0 0.62578125 0.13203125 0.0140625 0.0171875
0 0.184375 0.15 0.0125 0.015625
0 0.11015625 0.33046875 0.0140625 0.0171875
0 1.02265625 0.12109375 0.0109375 0.0171875
0 0.92890625 0.065625 0.0109375 0.015625
0 0.88828125 0.0203125 0.0109375 0.015625
0 0.63515625 0.025 0.0078125 0.015625
0 0.6125 0.01640625 0.009375 0.0140625
0 1.0109375 0.1421875 0.0125 0.01875
0 0.00546875 0.26875 0.0109375 0.015625
0 0.24140625 0.12890625 0.0140625 0.0140625
0 0.43046875 0.17578125 0.0109375 0.0140625
0 0.3984375 0.16640625 0.0125 0.0140625
0 0.35546875 0.153125 0.0171875 0.015625
