0 1.36640625 0.26875 0.0359375 0.040625
0 1.23984375 0.2796875 0.0359375 0.04375
0 1.115625 0.2703125 0.034375 0.0375
0 0.990625 0.2734375 0.034375 0.040625
0 1.46796875 0.16328125 0.0328125 0.0359375
0 1.3625 0.1796875 0.03125 0.04375
0 1.28125 0.16640625 0.028125 0.0359375
0 1.17578125 0.16484375 0.0328125 0.0359375
0 1.10390625 0.165625 0.0296875 0.0375
0 1.0140625 0.1421875 0.034375 0.040625
0 0.90390625 0.11953125 0.0296875 0.0421875
0 0.79609375 0.1328125 0.0328125 0.040625
0 0.6890625 0.15 0.03125 0.0375
0 0.621875 0.259375 0.034375 0.04375
0 0.74375 0.26015625 0.03125 0.0421875
0 0.8703125 0.2765625 0.034375 0.046875
0 0.60625 0.15234375 0.034375 0.0390625
0 0.53203125 0.15546875 0.0328125 0.0453125
0 0.4484375 0.15234375 0.03125 0.0421875
0 0.45 0.2875 0.0375 0.04375
0 0.32890625 0.27421875 0.0359375 0.0421875
0 0.26015625 0.16015625 0.0328125 0.0421875
0 0.35703125 0.1546875 0.0328125 0.04375
0 0.15 0.140625 0.034375 0.034375
