0 1.52578125 0.15390625 0.0296875 0.0390625
0 1.465625 0.09921875 0.025 0.0265625
0 1.5859375 0.06640625 0.028125 0.0359375
0 1.525 0.02734375 0.03125 0.0265625
0 1.38828125 0.04296875 0.0234375 0.0296875
0 1.32421875 0.41171875 0.0609375 0.0984375
0 1.278125 0.29375 0.034375 0.040625
0 1.2203125 0.2015625 0.0375 0.040625
0 1.240625 0.35 0.034375 0.053125
0 1.165625 0.28671875 0.034375 0.0453125
0 1.10078125 0.2109375 0.0328125 0.04375
0 1.0984375 0.365625 0.034375 0.05
0 1.0640625 0.29140625 0.034375 0.0421875
0 1.10234375 0.08671875 0.0296875 0.0421875
0 1.0203125 0.1015625 0.028125 0.034375
0 1.0734375 0.03359375 0.028125 0.0296875
0 0.98359375 0.02734375 0.0296875 0.0390625
0 0.9140625 0.103125 0.028125 0.03125
0 0.8453125 0.15390625 0.0375 0.0359375
0 0.82109375 0.0953125 0.0296875 0.034375
0 0.8671875 0.0484375 0.025 0.03125
0 0.78671875 0.04375 0.0296875 0.0375
0 0.99765625 0.3671875 0.0421875 0.053125
0 0.865625 0.3765625 0.0375 0.0375
0 0.79375 0.37734375 0.034375 0.0390625
0 0.59609375 0.1796875 0.0578125 0.059375
0 0.73203125 0.1625 0.0265625 0.028125
0 0.71484375 0.09375 0.0328125 0.046875
0 0.69296875 0.03515625 0.0296875 0.0359375
0 0.5953125 0.10390625 0.028125 0.0328125
0 0.53125 0.09375 0.03125 0.04375
0 0.46640625 0.1609375 0.0265625 0.034375
0 0.42890625 0.37421875 0.0359375 0.0546875
0 0.5015625 0.02109375 0.03125 0.0328125
0 0.42109375 0.04609375 0.0296875 0.0390625
0 0.41484375 0.09375 0.0265625 0.034375
0 0.315625 0.03359375 0.028125 0.0390625
0 0.21484375 0.0859375 0.0671875 0.075
0 0.05078125 0.0984375 0.0296875 0.04375
0 0.0359375 0.1484375 0.034375 0.05625
0 0.01953125 0.22265625 0.0234375 0.0453125
0 0.25625 0.15390625 0.025 0.0328125
0 0.13515625 0.03671875 0.0234375 0.0234375
0 0.02734375 0.31484375 0.0265625 0.0421875
0 0.02578125 0.3921875 0.0328125 0.034375
