0 1.3046875 0.5421875 0.034375 0.034375
0 1.1578125 0.54453125 0.03125 0.0421875
0 1.02578125 0.5453125 0.0328125 0.034375
0 0.91484375 0.534375 0.0328125 0.040625
0 1.253125 0.4109375 0.034375 0.040625
0 1.190625 0.35 0.028125 0.025
0 1.11328125 0.41328125 0.0265625 0.0234375
0 1.09609375 0.33359375 0.0265625 0.0265625
0 0.9953125 0.3234375 0.028125 0.028125
0 0.9953125 0.39921875 0.03125 0.0359375
0 0.8984375 0.37578125 0.028125 0.0359375
0 0.89375 0.31796875 0.028125 0.0265625
0 0.8125 0.31328125 0.028125 0.0328125
0 0.8 0.38984375 0.028125 0.0359375
0 0.78359375 0.5125 0.0390625 0.046875
0 0.71171875 0.325 0.0265625 0.028125
0 0.653125 0.528125 0.03125 0.04375
0 0.6609375 0.3859375 0.028125 0.034375
0 0.61875 0.33046875 0.028125 0.0328125
0 0.53984375 0.4046875 0.0296875 0.03125
0 0.53046875 0.33515625 0.0296875 0.0328125
0 0.4390625 0.34453125 0.025 0.0296875
0 0.35625 0.38125 0.034375 0.040625
0 0.4546875 0.53125 0.0375 0.04375
0 0.553125 0.5171875 0.034375 0.04375
0 0.28203125 0.5328125 0.0390625 0.0375
