0 1.48046875 0.3890625 0.0921875 0.13125
0 1.2171875 0.3921875 0.090625 0.128125
0 1.29140625 0.1734375 0.0921875 0.140625
0 1.5390625 0.15546875 0.0875 0.1265625
0 1.0078125 0.36875 0.1 0.13125
0 1.00546875 0.19765625 0.1015625 0.1234375
0 0.828125 0.3546875 0.0875 0.15
0 0.753125 0.14296875 0.090625 0.1421875
0 1.54609375 0.9484375 0.0984375 0.13125
0 1.27421875 0.94921875 0.0984375 0.1265625
0 0.6421875 0.55 0.0875 0.096875
0 0.571875 0.3453125 0.090625 0.134375
0 0.59296875 0.06015625 0.0921875 0.1140625
0 1.2734375 0.04453125 0.1 0.0859375
0 0.35078125 0.4625 0.0859375 0.11875
0 0.39140625 0.11640625 0.0953125 0.1203125
0 0.2171875 0.4765625 0.090625 0.1125
0 0.1140625 0.05 0.090625 0.1
0 1.559375 0.01796875 0.075 0.0328125
