0 1.43046875 0.64765625 0.0640625 0.0703125
0 1.31171875 0.3953125 0.0671875 0.0875
0 1.4078125 0.23671875 0.06875 0.0921875
0 1.12734375 0.2640625 0.0640625 0.084375
0 0.8609375 0.31015625 0.06875 0.0703125
0 1.1484375 0.65078125 0.0625 0.0734375
0 0.82578125 0.78359375 0.0765625 0.0796875
0 0.73203125 0.33046875 0.0703125 0.1046875
0 0.596875 0.81015625 0.059375 0.0796875
0 0.38125 0.63828125 0.075 0.0796875
0 0.19765625 0.63671875 0.0671875 0.0796875
0 0.1921875 0.32421875 0.06875 0.1078125
0 0.8 0.04140625 0.071875 0.0765625
