0 1.34140625 0.4109375 0.0421875 0.05
0 1.378125 0.2984375 0.034375 0.040625
0 1.48828125 0.29296875 0.0328125 0.0453125
0 1.2796875 0.29921875 0.03125 0.0453125
0 1.1890625 0.2875 0.034375 0.04375
0 1.20625 0.40625 0.04375 0.05
0 1.08984375 0.28125 0.0328125 0.04375
0 1.07109375 0.415625 0.0359375 0.046875
0 0.9984375 0.2734375 0.034375 0.040625
0 0.94296875 0.4125 0.0390625 0.046875
0 0.89453125 0.2796875 0.0328125 0.040625
0 0.79453125 0.2671875 0.0328125 0.040625
0 0.8 0.40703125 0.0375 0.0515625
0 0.66015625 0.43046875 0.0390625 0.0453125
0 0.67265625 0.27109375 0.0390625 0.0453125
0 0.5734375 0.28125 0.034375 0.04375
0 0.484375 0.28828125 0.034375 0.0359375
0 0.5328125 0.4328125 0.034375 0.046875
0 0.3875 0.421875 0.0375 0.05625
0 0.40078125 0.2921875 0.0328125 0.040625
0 0.2484375 0.41796875 0.040625 0.0484375
0 0.290625 0.30859375 0.034375 0.0421875
0 0.21328125 0.3125 0.0328125 0.040625
0 0.10390625 0.321875 0.0328125 0.040625
