0 0.76484375 0.17890625 0.0953125 0.1140625
0 1.28828125 0.29140625 0.0296875 0.0328125
0 1.12421875 0.12734375 0.0234375 0.0265625
0 1.02734375 0.15703125 0.0234375 0.0265625
0 0.99453125 0.12578125 0.0234375 0.0234375
0 1.07734375 0.11328125 0.0265625 0.0265625
0 1.04375 0.07890625 0.021875 0.0265625
0 0.9953125 0.0875 0.021875 0.025
0 0.9390625 0.084375 0.025 0.025
0 0.921875 0.11484375 0.028125 0.0265625
0 1.109375 0.0546875 0.021875 0.021875
0 1.06875 0.04921875 0.021875 0.0234375
0 0.92421875 0.04375 0.0234375 0.025
0 1.0875 0.14765625 0.021875 0.0234375
0 1.1140625 0.20625 0.021875 0.025
0 1.17265625 0.1671875 0.0234375 0.025
0 1.2125 0.17578125 0.021875 0.0234375
0 1.259375 0.20703125 0.025 0.0328125
0 1.2640625 0.128125 0.025 0.025
0 1.2984375 0.16171875 0.025 0.0296875
0 1.2859375 0.23984375 0.025 0.0234375
0 1.2046875 0.2640625 0.025 0.025
0 1.134375 0.24921875 0.025 0.0265625
0 0.66640625 0.11171875 0.0234375 0.0234375
0 0.65703125 0.0453125 0.0234375 0.025
0 0.5921875 0.2421875 0.028125 0.03125
0 0.58515625 0.303125 0.0296875 0.0375
0 0.54140625 0.21171875 0.0265625 0.0265625
0 0.871875 0.075 0.021875 0.03125
0 1.12890625 0.0921875 0.0234375 0.028125
0 1.55859375 0.29453125 0.0234375 0.0296875
0 1.4828125 0.26953125 0.01875 0.0234375
0 1.42109375 0.296875 0.0234375 0.03125
0 1.36953125 0.24609375 0.0234375 0.0265625
0 1.30703125 0.21484375 0.0234375 0.0265625
0 1.36875 0.0984375 0.021875 0.025
0 1.4484375 0.2171875 0.021875 0.025
0 1.3546875 0.16953125 0.021875 0.0203125
0 1.471875 0.11328125 0.01875 0.0203125
0 1.265625 0.0546875 0.021875 0.01875
0 1.21328125 0.04765625 0.0203125 0.0203125
0 1.1453125 0.03046875 0.01875 0.0171875
0 1.3390625 0.028125 0.021875 0.01875
0 1.42265625 0.0984375 0.0234375 0.028125
0 1.365625 0.31015625 0.021875 0.0234375
0 0.28984375 0.05390625 0.0265625 0.0296875
0 0.3421875 0.07109375 0.021875 0.0234375
0 0.34765625 0.10859375 0.0203125 0.0234375
0 0.17421875 0.190625 0.0296875 0.028125
0 0.178125 0.14765625 0.025 0.0265625
0 0.12421875 0.10703125 0.0203125 0.0265625
0 0.1625 0.10234375 0.025 0.0296875
0 0.13203125 0.06171875 0.0296875 0.0203125
0 0.059375 0.01640625 0.03125 0.0265625
0 0.26875 0.0203125 0.021875 0.025
0 0.13125 0.240625 0.03125 0.034375
0 0.34609375 0.21171875 0.0171875 0.0296875
0 0.41875 0.196875 0.025 0.03125
0 0.41015625 0.15078125 0.0234375 0.0296875
0 0.09375 0.15234375 0.025 0.0265625
0 0.01328125 0.15234375 0.0171875 0.0359375
0 0.20859375 0.01328125 0.0234375 0.0203125
0 0.478125 0.15859375 0.028125 0.0359375
0 0.40859375 0.3140625 0.0234375 0.025
0 0.3328125 0.303125 0.025 0.028125
0 0.26640625 0.3171875 0.0234375 0.028125
0 0.1890625 0.30390625 0.028125 0.0296875
0 0.0734375 0.31484375 0.025 0.0296875
0 0.040625 0.265625 0.025 0.025
0 0.33984375 0.16875 0.0203125 0.028125
0 0.26328125 0.1109375 0.0203125 0.021875
0 0.51484375 0.19140625 0.0203125 0.0328125
0 0.490625 0.3015625 0.03125 0.0375
0 0.99609375 0.0546875 0.0171875 0.021875
0 0.72578125 0.0328125 0.0234375 0.025
0 1.51484375 0.16796875 0.0234375 0.0296875
