0 1.37421875 0.77421875 0.0484375 0.0578125
0 1.1984375 0.77421875 0.04375 0.0546875
0 1.015625 0.778125 0.046875 0.040625
0 0.85 0.85703125 0.05625 0.0734375
0 0.69921875 0.821875 0.0484375 0.05625
0 0.565625 0.83203125 0.05 0.0609375
0 0.41875 0.8375 0.05 0.065625
0 1.459375 0.60625 0.04375 0.05625
0 1.3 0.6015625 0.04375 0.059375
0 1.1578125 0.58828125 0.04375 0.0609375
0 1.00390625 0.60234375 0.0421875 0.0484375
0 0.84609375 0.5890625 0.0421875 0.0625
0 0.659375 0.6015625 0.04375 0.053125
0 0.5046875 0.5953125 0.04375 0.053125
0 0.4 0.60859375 0.04375 0.0515625
0 0.26953125 0.584375 0.0453125 0.059375
0 0.1375 0.6046875 0.05 0.065625
