0 1.45234375 0.42890625 0.0390625 0.0453125
0 1.33671875 0.43125 0.0359375 0.040625
0 1.2359375 0.546875 0.0375 0.040625
0 1.24921875 0.42890625 0.0359375 0.0453125
0 1.165625 0.425 0.034375 0.0375
0 1.10859375 0.5328125 0.0328125 0.040625
0 1.0796875 0.40078125 0.034375 0.0484375
0 0.9921875 0.3984375 0.0375 0.046875
0 0.9921875 0.5421875 0.040625 0.053125
0 0.9078125 0.4125 0.034375 0.046875
0 0.85390625 0.53046875 0.0328125 0.0515625
0 0.66640625 0.4171875 0.0359375 0.04375
0 0.72109375 0.54921875 0.0390625 0.0484375
0 0.59296875 0.54453125 0.0390625 0.0421875
0 0.44453125 0.4203125 0.0359375 0.05
0 0.55546875 0.41328125 0.0328125 0.0421875
0 0.3375 0.4578125 0.040625 0.040625
0 0.2546875 0.4296875 0.0375 0.040625
0 0.10546875 0.4609375 0.0421875 0.04375
0 0.7921875 0.40234375 0.03125 0.0421875
