0 1.43046875 0.16171875 0.0609375 0.0796875
0 1.3921875 0.18203125 0.04375 0.0546875
0 1.2078125 0.05703125 0.059375 0.0828125
0 1.11640625 0.03984375 0.0515625 0.0484375
0 1.115625 0.2 0.053125 0.09375
0 1.2953125 0.29296875 0.08125 0.0671875
0 1.05859375 0.18515625 0.0609375 0.0796875
0 0.96953125 0.05234375 0.0484375 0.0578125
0 0.8640625 0.26015625 0.0625 0.0859375
0 0.8578125 0.0953125 0.0625 0.06875
0 0.84609375 0.03359375 0.0515625 0.0546875
0 0.76484375 0.1203125 0.0578125 0.05625
0 1.5609375 0.115625 0.04375 0.08125
0 0.43671875 0.16328125 0.0484375 0.0484375
0 0.45390625 0.28125 0.0484375 0.0625
0 0.584375 0.10625 0.059375 0.065625
0 0.4046875 0.03515625 0.053125 0.0484375
0 0.36640625 0.121875 0.0546875 0.06875
0 0.21875 0.28828125 0.05 0.0484375
0 0.29375 0.25703125 0.046875 0.0578125
0 0.2125 0.10703125 0.04375 0.0515625
0 0.28046875 0.03046875 0.0515625 0.0515625
0 0.10546875 0.0765625 0.0515625 0.04375
0 0.078125 0.20546875 0.0625 0.0671875
0 0.60859375 0.1890625 0.0609375 0.090625
0 0.6453125 0.06171875 0.05625 0.0703125
0 1.35859375 0.0546875 0.0484375 0.05
