0 0.04453125 0.4984375 0.0203125 0.021875
0 0.1515625 0.49296875 0.015625 0.0171875
0 0.1671875 0.48828125 0.015625 0.0234375
0 0.1328125 0.45546875 0.015625 0.0203125
0 0.20234375 0.51484375 0.0109375 0.0171875
0 0.22578125 0.5015625 0.0140625 0.021875
0 0.24609375 0.50859375 0.0109375 0.0234375
0 0.21171875 0.503125 0.0140625 0.01875
0 0.2640625 0.4625 0.0125 0.021875
0 0.3140625 0.51015625 0.015625 0.0234375
0 0.3453125 0.5515625 0.015625 0.025
0 0.13984375 0.43984375 0.0140625 0.0140625
0 0.29296875 0.46640625 0.0109375 0.0140625
0 0.3265625 0.47109375 0.009375 0.0171875
0 0.33671875 0.46484375 0.0140625 0.0234375
0 0.3484375 0.48515625 0.009375 0.0203125
0 0.37734375 0.49765625 0.0171875 0.0203125
0 0.6203125 0.5328125 0.0375 0.040625
0 0.54375 0.47265625 0.015625 0.0296875
0 0.446875 0.484375 0.01875 0.028125
0 0.81171875 0.578125 0.0359375 0.0375
0 0.61953125 0.4734375 0.0140625 0.015625
0 0.65234375 0.4703125 0.0078125 0.01875
0 0.89375 0.45 0.0375 0.04375
0 1.1296875 0.4984375 0.015625 0.01875
0 1.01484375 0.4359375 0.0140625 0.03125
0 1.22734375 0.44375 0.0109375 0.015625
0 1.2609375 0.4703125 0.0125 0.015625
0 1.3078125 0.4875 0.0125 0.015625
0 1.565625 0.49375 0.0125 0.0125
0 1.58125 0.4859375 0.0125 0.01875
0 1.1125 0.48671875 0.0125 0.0109375
0 1.0953125 0.47265625 0.009375 0.0109375
0 0.10625 0.48671875 0.0125 0.0171875
0 0.09609375 0.4734375 0.0109375 0.0125
0 0.0671875 0.48671875 0.009375 0.0140625
0 0.36171875 0.51953125 0.0171875 0.0234375
