0 0.1828125 0.0390625 0.028125 0.0375
0 0.121875 0.03828125 0.03125 0.0328125
0 0.0703125 0.03515625 0.028125 0.0328125
0 0.021875 0.07109375 0.028125 0.0359375
0 0.2546875 0.05703125 0.028125 0.0328125
0 0.32421875 0.0609375 0.0265625 0.028125
0 0.37421875 0.1015625 0.0203125 0.025
0 0.3921875 0.0625 0.015625 0.028125
0 0.40546875 0.040625 0.0203125 0.025
0 0.5125 0.05390625 0.01875 0.0234375
0 0.45625 0.05546875 0.01875 0.0203125
0 0.534375 0.05703125 0.015625 0.0171875
0 0.7796875 0.05 0.01875 0.021875
0 0.70703125 0.07109375 0.0171875 0.0203125
0 0.64765625 0.078125 0.0171875 0.021875
0 0.59375 0.046875 0.01875 0.01875
0 0.7953125 0.071875 0.015625 0.015625
