0 0.853125 0.33515625 0.025 0.0359375
0 0.7859375 0.34609375 0.01875 0.0171875
0 0.75859375 0.40859375 0.0203125 0.0265625
0 0.77578125 0.49453125 0.0359375 0.0484375
0 0.725 0.31328125 0.025 0.0359375
0 0.675 0.3546875 0.0125 0.01875
0 0.55546875 0.32890625 0.0171875 0.0171875
0 0.5546875 0.51640625 0.03125 0.0484375
0 0.21640625 0.31484375 0.0140625 0.0203125
0 0.4109375 0.32734375 0.009375 0.0109375
0 0.4375 0.3359375 0.00625 0.009375
0 1.19453125 0.37421875 0.0109375 0.0140625
0 1.15390625 0.37421875 0.0109375 0.0109375
0 1.0046875 0.3921875 0.009375 0.0125
0 0.96953125 0.3890625 0.0078125 0.0125
0 1.403125 0.43515625 0.021875 0.0140625
0 0.13359375 0.30859375 0.0078125 0.0171875
0 0.14765625 0.3203125 0.0078125 0.015625
0 0.1046875 0.32265625 0.00625 0.0109375
0 0.17421875 0.32734375 0.0078125 0.0109375
0 0.1625 0.315625 0.00625 0.00625
0 0.23671875 0.35546875 0.0078125 0.0109375
