0 0.484375 0.10625 0.021875 0.034375
0 0.36875 0.10546875 0.034375 0.0421875
0 0.23046875 0.08046875 0.0296875 0.0359375
0 0.20234375 0.0875 0.0296875 0.025
0 0.1984375 0.1140625 0.04375 0.0375
0 0.31328125 0.10546875 0.0203125 0.0265625
0 0.64375 0.12578125 0.015625 0.0171875
0 0.6703125 0.11328125 0.021875 0.0296875
0 0.75703125 0.1328125 0.0140625 0.021875
0 0.7796875 0.15625 0.0125 0.015625
0 0.81796875 0.1203125 0.0140625 0.01875
0 0.9078125 0.115625 0.025 0.0375
0 1.128125 0.25234375 0.05 0.0859375
0 1.0078125 0.134375 0.021875 0.03125
0 1.15390625 0.14921875 0.0265625 0.0265625
0 0.95078125 0.1296875 0.0140625 0.01875
0 1.04375 0.13984375 0.0125 0.0171875
0 1.2203125 0.15234375 0.021875 0.0265625
0 1.3875 0.16015625 0.025 0.0359375
0 1.51171875 0.1484375 0.0328125 0.04375
