0 0.2421875 0.96171875 0.05625 0.0859375
0 0.43984375 0.91953125 0.0484375 0.0703125
0 0.3703125 0.9 0.028125 0.03125
0 0.3109375 0.9125 0.025 0.040625
0 0.09296875 0.88515625 0.0328125 0.0484375
0 0.57578125 0.89375 0.0359375 0.046875
0 0.54765625 0.9140625 0.0234375 0.040625
0 0.528125 0.90078125 0.021875 0.0328125
0 0.5140625 0.928125 0.025 0.028125
0 0.609375 0.85546875 0.053125 0.0640625
0 0.22890625 0.88828125 0.0234375 0.0296875
0 1.30234375 1.39140625 0.0921875 0.0515625
0 1.21640625 1.415625 0.0265625 0.04375
0 1.17734375 1.47890625 0.0328125 0.0390625
0 1.128125 1.34921875 0.028125 0.0390625
0 1.01015625 1.4109375 0.0421875 0.053125
0 0.83515625 1.465625 0.0421875 0.046875
0 0.940625 1.4109375 0.028125 0.03125
0 0.9015625 1.225 0.021875 0.025
0 1.040625 1.33125 0.015625 0.025
0 1.375 1.22421875 0.01875 0.0203125
0 1.41640625 1.2359375 0.0171875 0.01875
0 1.4109375 1.2015625 0.0125 0.021875
0 1.0109375 1.1703125 0.015625 0.015625
