0 1.30625 0.99140625 0.1125 0.1203125
0 0.278125 0.8984375 0.075 0.053125
0 0.16328125 0.26875 0.0171875 0.021875
0 0.21796875 0.24765625 0.0140625 0.0203125
0 0.2375 0.25703125 0.01875 0.0234375
0 0.29921875 0.21640625 0.0140625 0.0203125
0 0.3390625 0.28125 0.015625 0.01875
0 0.43203125 0.290625 0.0109375 0.01875
0 0.42109375 0.26640625 0.0140625 0.0171875
0 0.43671875 0.23984375 0.0140625 0.0171875
0 0.4578125 0.271875 0.009375 0.01875
0 0.49140625 0.253125 0.0140625 0.01875
0 0.56171875 0.2734375 0.0140625 0.021875
0 0.74375 0.25078125 0.015625 0.0234375
0 0.86171875 0.26640625 0.0140625 0.0203125
0 0.9953125 0.353125 0.015625 0.021875
0 1.025 0.290625 0.0125 0.01875
0 0.984375 0.24921875 0.0125 0.0203125
0 0.77109375 0.2515625 0.0140625 0.01875
0 0.91328125 0.34375 0.0140625 0.021875
0 1.15703125 0.26953125 0.0203125 0.0171875
0 1.38046875 0.30078125 0.0140625 0.0171875
0 1.209375 0.3765625 0.01875 0.009375
0 1.1109375 0.38046875 0.0125 0.0109375
0 0.9296875 0.434375 0.021875 0.015625
0 0.884375 0.41015625 0.01875 0.0140625
0 0.71015625 0.48125 0.0234375 0.0125
0 0.76328125 0.4765625 0.0234375 0.015625
0 1.11328125 0.29296875 0.0171875 0.0203125
0 0.17890625 0.02109375 0.0109375 0.0140625
0 0.56171875 0.26015625 0.0140625 0.0171875
0 0.87734375 0.43125 0.0140625 0.0125
