0 0.7734375 0.20078125 0.0375 0.0234375
0 0.4734375 0.66171875 0.021875 0.0265625
0 0.56171875 0.62734375 0.0171875 0.0203125
0 0.65 0.61171875 0.021875 0.0265625
0 0.71953125 0.5890625 0.0171875 0.025
0 0.790625 0.57578125 0.01875 0.0234375
0 0.8625 0.6234375 0.015625 0.021875
0 0.87421875 0.615625 0.0140625 0.01875
0 0.91015625 0.6046875 0.0171875 0.01875
0 0.94765625 0.57890625 0.0171875 0.0203125
0 1.025 0.59296875 0.01875 0.0203125
0 1.0921875 0.56953125 0.015625 0.0203125
0 1.10859375 0.57890625 0.0109375 0.0140625
0 1.14296875 0.575 0.0140625 0.01875
0 1.18203125 0.5921875 0.0140625 0.021875
0 1.2125 0.575 0.0125 0.01875
0 1.2609375 0.584375 0.0125 0.01875
0 1.3078125 0.603125 0.0125 0.015625
0 1.34921875 0.5796875 0.0109375 0.015625
0 1.4109375 0.49765625 0.01875 0.0234375
0 0.25546875 0.684375 0.0171875 0.025
0 0.965625 0.59296875 0.0125 0.0140625
0 0.35390625 0.67109375 0.0171875 0.0265625
0 0.18203125 0.728125 0.0171875 0.025
