0 0.10546875 0.49296875 0.0171875 0.0234375
0 0.43828125 0.5015625 0.0140625 0.015625
0 0.35390625 0.4546875 0.0109375 0.0125
0 1.3265625 0.48046875 0.009375 0.0140625
0 0.2609375 0.1875 0.0375 0.040625
0 0.7921875 0.15546875 0.040625 0.0515625
0 0.9109375 0.49765625 0.015625 0.0203125
0 0.94609375 0.47421875 0.0140625 0.0171875
0 0.91015625 0.45234375 0.0109375 0.0140625
0 0.99921875 0.46875 0.0140625 0.01875
0 1.23515625 0.51015625 0.0140625 0.0171875
0 1.3078125 0.4984375 0.01875 0.021875
0 1.2046875 0.48203125 0.015625 0.0171875
0 1.24296875 0.48203125 0.0140625 0.0171875
0 1.16328125 0.478125 0.0140625 0.015625
0 1.3484375 0.48984375 0.015625 0.0171875
0 0.07421875 0.50546875 0.0234375 0.0328125
0 0.14765625 0.4859375 0.0171875 0.025
0 0.3015625 0.43828125 0.009375 0.0140625
0 0.27109375 0.43203125 0.0109375 0.0140625
0 0.24140625 0.4375 0.0109375 0.015625
0 0.33828125 0.465625 0.0140625 0.01875
0 0.3828125 0.4703125 0.009375 0.0125
0 0.36640625 0.4390625 0.0109375 0.015625
0 0.51015625 0.48359375 0.0140625 0.0171875
0 0.60390625 0.490625 0.0171875 0.01875
0 0.6484375 0.48203125 0.015625 0.0203125
0 0.67421875 0.5046875 0.0140625 0.015625
0 0.7140625 0.4890625 0.015625 0.021875
0 0.759375 0.490625 0.01875 0.021875
0 0.7796875 0.4796875 0.015625 0.01875
0 0.85390625 0.48359375 0.0171875 0.0203125
0 0.74296875 0.478125 0.0140625 0.021875
0 0.74609375 0.4640625 0.0109375 0.0125
0 1.08359375 0.4609375 0.0078125 0.009375
0 1.0859375 0.47890625 0.015625 0.0140625
0 1.1546875 0.4578125 0.009375 0.0125
0 1.14921875 0.4703125 0.0078125 0.009375
0 1.4078125 0.4890625 0.0125 0.0125
0 1.44375 0.446875 0.0125 0.015625
0 1.36015625 0.46640625 0.0109375 0.0140625
