0 0.2046875 0.55625 0.015625 0.028125
0 0.2125 0.5765625 0.028125 0.034375
0 0.99609375 0.36484375 0.0140625 0.0140625
0 1.26796875 0.44921875 0.0171875 0.0203125
0 0.57578125 0.5453125 0.0078125 0.00625
0 1.2546875 0.278125 0.009375 0.009375
0 0.95546875 0.3640625 0.0109375 0.009375
0 0.84765625 0.4328125 0.0140625 0.015625
0 0.9453125 0.4015625 0.0125 0.009375
0 0.97265625 0.41875 0.0140625 0.01875
0 1.0796875 0.4140625 0.015625 0.01875
0 1.1890625 0.43046875 0.0125 0.0140625
0 0.94453125 0.35 0.0109375 0.0125
