0 1.45390625 0.3046875 0.0609375 0.071875
0 1.38515625 0.26015625 0.0546875 0.0640625
0 1.1203125 0.30234375 0.040625 0.0640625
0 1.271875 0.29609375 0.05 0.0578125
0 1.20234375 0.51875 0.0609375 0.071875
0 1.01328125 0.3 0.0453125 0.0625
0 1.00078125 0.54765625 0.0578125 0.0703125
0 0.8625 0.3640625 0.046875 0.053125
0 0.78046875 0.290625 0.0421875 0.05625
0 0.7234375 0.3671875 0.053125 0.06875
0 0.6328125 0.1765625 0.0375 0.053125
0 0.5984375 0.31328125 0.046875 0.0640625
0 0.59453125 0.50625 0.0609375 0.08125
0 0.5265625 0.13984375 0.0375 0.0515625
0 0.43671875 0.175 0.0359375 0.046875
0 0.5203125 0.39609375 0.053125 0.0640625
0 0.38125 0.33828125 0.0625 0.0796875
0 0.14296875 0.325 0.0671875 0.08125
