0 0.1625 0.52890625 0.01875 0.0171875
0 0.22890625 0.50234375 0.0171875 0.0203125
0 0.29921875 0.5578125 0.0171875 0.025
0 0.38046875 0.58984375 0.0203125 0.0234375
0 0.14453125 0.52578125 0.0171875 0.0203125
0 0.84765625 0.57734375 0.0203125 0.0234375
0 0.8875 0.5390625 0.021875 0.021875
0 1.36875 0.375 0.009375 0.0125
0 1.3984375 0.3828125 0.009375 0.009375
0 1.42578125 0.3796875 0.0109375 0.0125
0 1.5015625 0.38828125 0.0125 0.0140625
0 1.54765625 0.39921875 0.0109375 0.0140625
0 1.53515625 0.39921875 0.0109375 0.0140625
0 1.59140625 0.3953125 0.0109375 0.015625
0 1.46328125 0.46328125 0.0171875 0.0171875
0 1.2671875 0.62421875 0.025 0.0296875
0 1.53984375 0.50546875 0.0140625 0.0171875
0 1.3234375 0.65546875 0.01875 0.0296875
0 0.61015625 0.52890625 0.0171875 0.0203125
0 0.6109375 0.46484375 0.015625 0.0203125
0 0.6765625 0.45078125 0.015625 0.0171875
0 0.61484375 0.45234375 0.0140625 0.0171875
0 0.86875 0.371875 0.009375 0.0125
0 0.84609375 0.36953125 0.0078125 0.0109375
0 0.71875 0.4078125 0.0125 0.015625
0 0.7 0.39765625 0.009375 0.0109375
0 0.721875 0.35234375 0.009375 0.0109375
0 1.57421875 0.4328125 0.0171875 0.01875
0 1.4625 0.38671875 0.0125 0.0140625
0 0.81015625 0.36953125 0.0078125 0.0109375
0 0.81953125 0.3734375 0.0078125 0.009375
0 0.75703125 0.3765625 0.0109375 0.0125
0 1.3484375 0.53125 0.015625 0.021875
