0 0.43984375 0.325 0.0234375 0.040625
0 0.4765625 0.3125 0.025 0.025
0 0.5125 0.30234375 0.034375 0.0359375
0 0.5578125 0.29609375 0.04375 0.0515625
0 0.64375 0.30078125 0.0375 0.0390625
0 0.5984375 0.3078125 0.025 0.034375
0 0.68203125 0.32421875 0.0421875 0.0515625
0 0.790625 0.346875 0.0375 0.034375
0 0.75390625 0.31015625 0.0234375 0.0265625
0 0.778125 0.31015625 0.03125 0.0296875
0 0.846875 0.2984375 0.03125 0.034375
0 1.00859375 0.29453125 0.0265625 0.0359375
0 1.06875 0.3140625 0.025 0.03125
