0 0.35546875 0.20625 0.0171875 0.015625
0 0.48984375 0.23515625 0.0171875 0.0171875
0 0.17578125 0.1375 0.0171875 0.025
0 0.2015625 0.190625 0.01875 0.025
0 0.11328125 0.23515625 0.0171875 0.0265625
0 0.09609375 0.1890625 0.0203125 0.025
0 0.3125 0.17265625 0.01875 0.0296875
0 0.2671875 0.12890625 0.01875 0.0234375
0 0.41796875 0.2203125 0.0234375 0.025
0 0.53671875 0.22421875 0.0234375 0.0265625
0 0.54453125 0.17578125 0.0203125 0.0265625
0 0.49765625 0.128125 0.0140625 0.01875
0 0.59140625 0.17421875 0.0234375 0.0296875
0 0.6296875 0.21015625 0.021875 0.0265625
0 0.7078125 0.19453125 0.021875 0.0265625
0 0.6921875 0.234375 0.021875 0.028125
0 0.74921875 0.240625 0.0203125 0.03125
0 0.56640625 0.05390625 0.0203125 0.0234375
0 0.640625 0.05234375 0.025 0.0265625
0 0.778125 0.17265625 0.015625 0.0265625
0 0.83984375 0.18203125 0.0203125 0.0328125
0 0.8875 0.228125 0.025 0.034375
0 0.9609375 0.18125 0.01875 0.025
0 1.0109375 0.16796875 0.021875 0.0296875
0 1.07734375 0.15390625 0.0203125 0.0265625
0 1.0734375 0.19375 0.01875 0.028125
0 1.03046875 0.23359375 0.0234375 0.0328125
0 0.96328125 0.23515625 0.0234375 0.0328125
0 1.05234375 0.1125 0.0203125 0.028125
0 1.1390625 0.14609375 0.028125 0.0328125
0 1.146875 0.19765625 0.028125 0.0328125
0 1.221875 0.15390625 0.028125 0.0390625
0 1.1125 0.10234375 0.01875 0.0203125
0 1.17265625 0.09375 0.0203125 0.028125
0 1.09375 0.25234375 0.021875 0.0296875
0 1.15 0.2421875 0.021875 0.03125
0 1.51484375 0.17421875 0.0234375 0.0359375
0 1.546875 0.26015625 0.03125 0.0484375
0 0.2890625 0.08828125 0.015625 0.0203125
0 1.30234375 0.23671875 0.0265625 0.0453125
0 1.3765625 0.24140625 0.028125 0.0421875
0 1.35234375 0.16015625 0.0234375 0.0328125
0 1.2828125 0.17734375 0.021875 0.0359375
0 1.459375 0.2546875 0.025 0.040625
0 1.471875 0.08359375 0.021875 0.0328125
0 1.309375 0.02109375 0.021875 0.0328125
0 0.60625 0.23203125 0.01875 0.0265625
0 0.6890625 0.14609375 0.01875 0.0234375
0 1.4015625 0.175 0.021875 0.034375
0 1.37890625 0.10859375 0.0234375 0.0359375
