0 0.659375 0.47578125 0.01875 0.0265625
0 0.703125 0.41640625 0.01875 0.0265625
0 0.80390625 0.5 0.0203125 0.025
0 0.75625 0.46484375 0.015625 0.0203125
0 0.7953125 0.41640625 0.01875 0.0234375
0 0.76171875 0.4203125 0.0203125 0.021875
0 0.784375 0.39765625 0.015625 0.0203125
0 0.84375 0.3921875 0.01875 0.021875
0 0.83515625 0.434375 0.0203125 0.021875
0 0.88125 0.409375 0.015625 0.021875
0 0.9234375 0.45390625 0.01875 0.0234375
0 0.8828125 0.5328125 0.021875 0.028125
0 0.89765625 0.5078125 0.0203125 0.025
0 0.96796875 0.5390625 0.0203125 0.03125
0 0.98046875 0.52109375 0.0171875 0.0234375
0 0.98203125 0.49375 0.0203125 0.021875
0 1.02578125 0.5484375 0.0203125 0.025
0 0.98046875 0.45078125 0.0203125 0.0234375
0 0.96171875 0.41875 0.0171875 0.025
0 0.99921875 0.4015625 0.0171875 0.025
0 1.03125 0.41328125 0.015625 0.0171875
0 1.1359375 0.4546875 0.015625 0.021875
0 1.14453125 0.43671875 0.0140625 0.0171875
0 1.17265625 0.44453125 0.0140625 0.0171875
0 1.1921875 0.48671875 0.0125 0.0171875
0 1.3 0.425 0.015625 0.01875
0 1.34375 0.4375 0.0125 0.015625
0 1.46171875 0.52890625 0.0140625 0.0171875
0 1.51171875 0.53359375 0.0140625 0.0171875
0 1.40390625 0.4390625 0.0109375 0.015625
0 1.41953125 0.44375 0.0109375 0.0125
0 1.43515625 0.446875 0.0140625 0.015625
0 1.45625 0.4578125 0.0125 0.015625
0 1.58359375 0.515625 0.0140625 0.015625
0 0.759375 0.15703125 0.015625 0.0203125
0 0.7359375 0.1484375 0.0125 0.015625
0 0.24296875 0.3484375 0.0203125 0.021875
0 0.05078125 0.54609375 0.0234375 0.0359375
0 0.00703125 0.32890625 0.0140625 0.0390625
0 0.74453125 0.42890625 0.0140625 0.0203125
0 1.5828125 0.44609375 0.0125 0.0140625
0 0.025 0.359375 0.03125 0.040625
0 0.05859375 0.4390625 0.0203125 0.028125
0 0.07890625 0.43359375 0.0296875 0.0296875
0 0.18203125 0.46875 0.0203125 0.03125
0 0.2453125 0.4015625 0.028125 0.03125
0 0.18984375 0.35625 0.0234375 0.028125
0 0.1125 0.35703125 0.028125 0.0296875
0 0.27265625 0.35390625 0.0203125 0.0296875
0 0.33984375 0.34375 0.0234375 0.03125
0 0.3265625 0.42890625 0.028125 0.0296875
0 0.34765625 0.45390625 0.0234375 0.0296875
0 0.396875 0.42109375 0.021875 0.0296875
0 0.3640625 0.38984375 0.015625 0.0234375
0 0.38203125 0.378125 0.0171875 0.028125
0 0.371875 0.32421875 0.021875 0.0234375
0 0.334375 0.54375 0.01875 0.034375
0 0.48046875 0.40546875 0.0234375 0.0265625
0 0.46328125 0.37421875 0.0234375 0.0265625
0 0.5 0.375 0.01875 0.021875
0 0.52421875 0.3734375 0.0203125 0.028125
0 0.5703125 0.4125 0.025 0.028125
0 0.60078125 0.41171875 0.0203125 0.0234375
0 0.58671875 0.37890625 0.0203125 0.0234375
0 0.66328125 0.409375 0.0171875 0.025
0 0.5734375 0.4015625 0.025 0.025
