0 0.98046875 0.30546875 0.0671875 0.0828125
0 1.50546875 0.55859375 0.0359375 0.0453125
0 1.40625 0.6375 0.0375 0.046875
0 1.10703125 0.71875 0.0265625 0.040625
0 0.8796875 0.671875 0.025 0.028125
0 0.81875 0.65703125 0.034375 0.0390625
0 0.7828125 0.54375 0.021875 0.03125
0 0.6453125 0.51796875 0.028125 0.0359375
0 0.53046875 0.68984375 0.0296875 0.0390625
0 0.4625 0.55234375 0.028125 0.0359375
0 0.5359375 0.59921875 0.04375 0.0546875
0 0.13203125 0.55703125 0.0328125 0.0421875
0 0.05390625 0.53359375 0.0296875 0.0390625
0 1.5 0.475 0.03125 0.03125
0 1.44453125 0.49140625 0.0265625 0.0359375
0 1.4953125 0.43203125 0.025 0.0328125
0 1.425 0.43828125 0.03125 0.0359375
0 1.32578125 0.4609375 0.0296875 0.0375
0 1.28046875 0.46875 0.0234375 0.034375
0 1.20078125 0.46640625 0.0234375 0.0328125
0 1.12421875 0.490625 0.0234375 0.034375
0 0.79921875 0.43671875 0.0296875 0.0328125
0 0.76953125 0.490625 0.0328125 0.034375
0 0.58125 0.484375 0.01875 0.028125
0 0.41484375 0.49609375 0.0265625 0.0328125
0 0.57421875 0.43515625 0.0265625 0.0390625
0 0.3 0.4609375 0.01875 0.028125
0 0.3296875 0.43125 0.021875 0.03125
0 0.21953125 0.47421875 0.0265625 0.0328125
0 0.1546875 0.46015625 0.025 0.0296875
0 0.059375 0.45703125 0.028125 0.0359375
0 0.33671875 0.48828125 0.0265625 0.0265625
0 1.25078125 0.340625 0.0296875 0.0375
0 1.29375 0.3328125 0.025 0.034375
0 1.15234375 0.3515625 0.0296875 0.04375
0 1.26796875 0.384375 0.0234375 0.034375
0 1.20625 0.36171875 0.025 0.0328125
0 1.21796875 0.271875 0.0265625 0.03125
0 1.1609375 0.28984375 0.03125 0.0359375
0 1.39609375 0.33125 0.0296875 0.0375
0 1.3953125 0.28046875 0.021875 0.0296875
0 1.53984375 0.3921875 0.0265625 0.03125
0 1.4625 0.37734375 0.025 0.0359375
0 1.4 0.3984375 0.028125 0.0375
0 1.3546875 0.3625 0.028125 0.0375
0 1.3578125 0.39140625 0.021875 0.0296875
0 1.4421875 0.30625 0.025 0.034375
0 1.24296875 0.4359375 0.0265625 0.034375
0 1.5078125 0.2140625 0.021875 0.028125
0 0.70390625 0.32578125 0.0328125 0.0421875
0 0.7546875 0.29921875 0.025 0.0296875
0 0.8140625 0.2640625 0.025 0.03125
0 0.1140625 0.4265625 0.021875 0.028125
0 0.28515625 0.3921875 0.0234375 0.03125
0 0.39140625 0.315625 0.0265625 0.025
0 0.33515625 0.31484375 0.0234375 0.0234375
0 0.4828125 0.271875 0.021875 0.028125
0 0.36328125 0.4046875 0.0234375 0.028125
0 0.2609375 0.34609375 0.03125 0.0390625
0 0.41015625 0.3875 0.0234375 0.028125
0 1.09609375 0.21875 0.0203125 0.028125
0 1.0875 0.2921875 0.028125 0.03125
0 0.52421875 0.33125 0.0203125 0.025
0 0.52578125 0.40078125 0.0234375 0.0296875
0 0.56484375 0.375 0.0203125 0.028125
0 0.71875 0.4015625 0.021875 0.028125
0 0.67734375 0.39453125 0.0265625 0.0296875
0 0.64609375 0.40703125 0.0265625 0.0328125
0 0.8359375 0.3484375 0.025 0.034375
0 0.81484375 0.325 0.0265625 0.034375
0 0.78828125 0.3796875 0.0265625 0.03125
0 0.8984375 0.35625 0.025 0.0375
0 1.29609375 0.25078125 0.0296875 0.0390625
0 1.42890625 0.1640625 0.0203125 0.03125
0 1.37734375 0.18046875 0.0234375 0.0359375
0 1.29296875 0.29921875 0.0234375 0.0359375
0 0.18359375 0.43203125 0.0203125 0.0328125
0 0.259375 0.44921875 0.028125 0.0359375
0 0.07578125 0.31640625 0.0203125 0.0265625
0 0.1421875 0.36484375 0.021875 0.0296875
0 0.11015625 0.40625 0.0234375 0.034375
0 0.03359375 0.36484375 0.0171875 0.0203125
0 0.178125 0.38359375 0.021875 0.0265625
0 0.17265625 0.3203125 0.0203125 0.028125
0 0.58671875 0.27265625 0.0265625 0.0328125
0 0.63125 0.2625 0.021875 0.03125
0 0.67421875 0.23984375 0.0203125 0.0296875
0 0.353125 0.25234375 0.025 0.0359375
0 0.40859375 0.2578125 0.0234375 0.0375
0 0.44765625 0.325 0.0234375 0.028125
0 0.525 0.26171875 0.01875 0.0328125
0 0.45546875 0.26484375 0.0203125 0.0328125
0 0.45 0.37578125 0.01875 0.0265625
0 0.58828125 0.375 0.0171875 0.025
0 0.7953125 0.1734375 0.01875 0.025
0 0.81875 0.20625 0.021875 0.03125
0 0.73671875 0.2421875 0.0234375 0.03125
0 0.86015625 0.17265625 0.0234375 0.0328125
0 0.896875 0.24375 0.015625 0.025
0 0.7046875 0.290625 0.025 0.034375
0 0.21484375 0.3359375 0.0203125 0.025
0 0.26953125 0.30703125 0.0203125 0.0296875
0 0.28515625 0.26328125 0.0203125 0.0234375
0 0.23515625 0.31640625 0.0203125 0.0296875
0 0.32265625 0.3640625 0.0203125 0.03125
0 1.2171875 0.16640625 0.025 0.0328125
0 1.2828125 0.1546875 0.015625 0.021875
0 1.2 0.209375 0.01875 0.025
0 1.24296875 0.215625 0.0203125 0.028125
0 0.87109375 0.27734375 0.0203125 0.0296875
0 1.571875 0.4328125 0.0375 0.034375
0 1.11640625 0.26328125 0.0234375 0.0296875
0 0.640625 0.46171875 0.025 0.0328125
0 0.5140625 0.53203125 0.0375 0.0421875
0 0.375 0.45234375 0.021875 0.0234375
0 0.16640625 0.5078125 0.0234375 0.028125
0 0.24375 0.5046875 0.025 0.028125
0 1.5390625 0.29765625 0.025 0.0265625
0 0.4453125 0.43203125 0.025 0.0328125
