0 0.21328125 0.3375 0.0578125 0.0625
0 0.3140625 0.34921875 0.015625 0.0203125
0 0.28359375 0.34765625 0.0109375 0.0140625
0 0.4984375 0.34453125 0.01875 0.0234375
0 0.55 0.35703125 0.015625 0.0203125
0 0.57890625 0.37109375 0.0140625 0.0203125
0 0.7703125 0.365625 0.01875 0.025
0 0.8375 0.3671875 0.015625 0.025
0 0.846875 0.68671875 0.05 0.0359375
0 1.03671875 0.378125 0.0140625 0.021875
0 1.31171875 0.37578125 0.0265625 0.0328125
0 1.425 0.39765625 0.01875 0.0234375
0 1.47109375 0.39453125 0.0234375 0.0328125
0 0.14765625 0.34609375 0.0171875 0.0203125
0 0.16328125 0.28515625 0.0078125 0.0109375
0 0.48359375 0.7078125 0.0296875 0.021875
