0 0.3734375 0.4859375 0.05 0.06875
0 0.5734375 0.42421875 0.03125 0.0421875
0 0.65625 0.509375 0.028125 0.040625
0 0.54921875 0.36171875 0.0171875 0.0234375
0 0.47734375 0.365625 0.0234375 0.03125
0 0.31328125 0.3921875 0.0234375 0.021875
0 0.3578125 0.3734375 0.01875 0.021875
0 0.23125 0.40078125 0.040625 0.0546875
0 0.13984375 0.353125 0.0109375 0.0125
0 0.1609375 0.3671875 0.009375 0.0125
0 0.28125 0.3703125 0.0125 0.015625
0 0.615625 0.3828125 0.015625 0.021875
0 0.75 0.34140625 0.01875 0.0203125
0 0.03203125 0.36015625 0.0140625 0.0171875
