0 0.0140625 0.59921875 0.028125 0.0484375
0 0.15078125 0.56171875 0.0421875 0.0390625
0 0.32890625 0.58125 0.0578125 0.075
0 0.77734375 0.66640625 0.0421875 0.0453125
0 0.83671875 0.65078125 0.0421875 0.0515625
0 0.97109375 0.66875 0.0453125 0.05625
0 1.2640625 0.66640625 0.04375 0.0546875
0 1.015625 0.53671875 0.015625 0.0203125
0 1.1515625 0.55625 0.021875 0.025
0 0.86796875 0.63125 0.0328125 0.046875
0 0.88125 0.58359375 0.01875 0.0234375
0 0.5859375 0.5515625 0.01875 0.028125
0 0.61015625 0.534375 0.0171875 0.01875
0 0.48671875 0.55546875 0.0140625 0.0171875
0 0.61640625 0.5875 0.0203125 0.028125
0 0.66875 0.56796875 0.015625 0.0234375
0 0.24921875 0.52578125 0.0171875 0.0265625
0 0.284375 0.52421875 0.021875 0.0265625
0 0.5125 0.534375 0.015625 0.021875
0 0.434375 0.509375 0.0125 0.015625
0 0.46171875 0.53984375 0.0109375 0.0171875
0 0.0484375 0.52265625 0.01875 0.0234375
0 0.028125 0.49609375 0.01875 0.0203125
0 0.0953125 0.51015625 0.028125 0.0328125
0 0.153125 0.48359375 0.015625 0.0171875
0 1.29765625 0.5625 0.0140625 0.015625
0 1.34296875 0.57734375 0.0109375 0.0140625
0 1.3859375 0.57890625 0.0125 0.0140625
0 1.3671875 0.55703125 0.0125 0.0140625
0 1.296875 0.54765625 0.009375 0.0140625
0 1.28671875 0.54921875 0.0109375 0.0140625
0 1.21796875 0.56640625 0.0109375 0.0171875
0 1.4546875 0.57109375 0.0125 0.0171875
0 1.5671875 0.5828125 0.0125 0.015625
0 1.5390625 0.5734375 0.015625 0.01875
0 1.47578125 0.56953125 0.0140625 0.0171875
0 1.17890625 0.6421875 0.0390625 0.075
0 1.58046875 0.66328125 0.0328125 0.0484375
0 0.36796875 0.559375 0.0328125 0.046875
