0 0.9640625 1.80859375 0.0375 0.0421875
0 0.465625 1.78515625 0.0375 0.0453125
0 0.275 1.7375 0.03125 0.0375
0 0.65078125 1.87421875 0.0453125 0.0390625
0 0.1953125 1.6359375 0.021875 0.028125
0 0.525 1.61640625 0.015625 0.0203125
0 0.59765625 1.6453125 0.0171875 0.021875
0 0.59140625 1.5921875 0.0109375 0.015625
0 0.3859375 1.62109375 0.01875 0.0234375
0 0.7484375 1.6015625 0.015625 0.021875
0 0.08359375 1.7484375 0.0359375 0.034375
0 0.05 1.5875 0.01875 0.021875
0 0.91171875 1.63984375 0.0203125 0.0234375
0 1.1609375 1.671875 0.01875 0.025
0 1.04375 1.68203125 0.01875 0.0234375
0 1.39296875 1.63671875 0.0171875 0.0234375
0 1.425 1.62265625 0.01875 0.0203125
0 0.965625 1.55078125 0.015625 0.0171875
