0 0.13828125 0.365625 0.0234375 0.03125
0 0.0328125 0.51875 0.03125 0.040625
0 0.14140625 0.5015625 0.0296875 0.040625
0 0.28984375 0.503125 0.0265625 0.03125
0 0.315625 0.35546875 0.025 0.0328125
0 0.28671875 0.36953125 0.0234375 0.0296875
0 0.4234375 0.35 0.040625 0.04375
0 0.496875 0.390625 0.021875 0.03125
0 0.5609375 0.378125 0.015625 0.021875
0 0.79765625 0.371875 0.0328125 0.040625
0 0.83203125 0.365625 0.0296875 0.05625
0 1.3703125 0.334375 0.040625 0.05
0 0.228125 0.51484375 0.034375 0.0328125
0 0.21015625 0.3640625 0.0234375 0.028125
0 0.6015625 0.36015625 0.01875 0.0265625
0 0.4796875 0.3625 0.021875 0.028125
0 1.05390625 0.40546875 0.0234375 0.0328125
0 1.03203125 0.4578125 0.0234375 0.03125
0 1.3015625 0.4 0.034375 0.040625
0 1.1390625 0.39765625 0.021875 0.0296875
0 1.16875 0.39140625 0.021875 0.0265625
0 0.99375 0.38984375 0.009375 0.0140625
0 0.6296875 0.3890625 0.021875 0.028125
0 1.521875 0.38671875 0.025 0.0265625
0 1.4609375 0.41015625 0.021875 0.0265625
0 1.2 0.6046875 0.025 0.028125
0 1.54140625 0.5421875 0.0328125 0.0375
0 1.54609375 0.40390625 0.0265625 0.0328125
0 1.57578125 0.40390625 0.0203125 0.0296875
0 1.48515625 0.5375 0.0234375 0.034375
0 0.478125 0.5078125 0.021875 0.025
0 0.35625 0.3515625 0.021875 0.028125
0 0.38046875 0.36875 0.0234375 0.03125
0 0.2515625 0.38984375 0.025 0.0359375
0 0.2421875 0.3640625 0.021875 0.03125
0 0.05703125 0.34609375 0.0328125 0.0390625
0 0.09375 0.34921875 0.021875 0.0296875
0 0.45546875 0.37265625 0.0234375 0.0296875
0 0.65859375 0.39296875 0.0203125 0.0265625
0 0.68984375 0.396875 0.0203125 0.025
0 0.6875 0.37578125 0.01875 0.0234375
0 0.6640625 0.36328125 0.01875 0.0265625
0 0.7421875 0.390625 0.01875 0.025
0 0.74921875 0.365625 0.0171875 0.025
0 0.7796875 0.3703125 0.021875 0.028125
0 0.534375 0.49296875 0.021875 0.0234375
0 0.7546875 0.55390625 0.021875 0.0296875
0 0.95859375 0.3984375 0.0203125 0.025
0 1.13515625 0.51015625 0.0265625 0.0296875
0 1.20625 0.4265625 0.01875 0.025
0 1.0296875 0.3984375 0.01875 0.025
0 1.590625 0.51953125 0.01875 0.0296875
0 1.2140625 0.39140625 0.015625 0.0171875
0 1.04140625 0.52734375 0.0265625 0.0328125
