0 0.3578125 0.5859375 0.009375 0.0125
0 0.4203125 0.56640625 0.00625 0.0109375
0 0.3046875 0.54375 0.00625 0.00625
0 0.4953125 0.56484375 0.00625 0.0078125
0 0.56171875 0.52890625 0.0046875 0.0078125
0 0.49765625 0.525 0.0046875 0.00625
0 0.6140625 0.571875 0.009375 0.0125
0 0.646875 0.56953125 0.015625 0.0234375
0 0.58203125 0.56796875 0.0078125 0.0109375
0 0.67890625 0.5546875 0.0078125 0.009375
0 0.6953125 0.5796875 0.009375 0.0125
0 0.70625 0.534375 0.00625 0.009375
0 0.6671875 0.5328125 0.00625 0.009375
0 0.98671875 0.528125 0.0296875 0.0375
0 0.86796875 0.56875 0.0234375 0.028125
0 0.9390625 0.54375 0.009375 0.0125
0 0.878125 0.52578125 0.00625 0.0078125
0 0.7296875 0.54140625 0.00625 0.0078125
0 0.68203125 0.5078125 0.0078125 0.009375
0 0.728125 0.53203125 0.00625 0.0078125
0 0.840625 0.54921875 0.00625 0.0078125
0 1.02265625 0.51875 0.0046875 0.00625
0 1.0453125 0.509375 0.00625 0.00625
0 1.11171875 0.55078125 0.0078125 0.0109375
0 1.1234375 0.5671875 0.009375 0.015625
0 1.2171875 0.54765625 0.0125 0.0171875
0 1.2390625 0.56328125 0.0125 0.0140625
0 1.1765625 0.53984375 0.021875 0.0265625
0 1.41328125 0.56015625 0.0109375 0.0140625
0 0.60234375 0.55078125 0.0078125 0.0109375
