0 0.66328125 0.178125 0.0734375 0.08125
0 0.7078125 0.1609375 0.065625 0.109375
0 0.47734375 0.47421875 0.0234375 0.0328125
0 0.3578125 0.57421875 0.025 0.0328125
0 0.14296875 0.58828125 0.0296875 0.0328125
0 0.25703125 0.5921875 0.0296875 0.040625
0 0.16796875 0.7015625 0.0265625 0.0375
0 0.2921875 0.696875 0.028125 0.040625
0 0.21484375 0.82890625 0.0328125 0.0359375
0 0.159375 0.94921875 0.040625 0.0609375
0 0.3171875 0.9328125 0.0375 0.04375
0 0.34140625 0.834375 0.0296875 0.05
0 0.4578125 0.82109375 0.028125 0.0453125
0 0.3609375 0.7859375 0.028125 0.034375
0 0.40078125 0.78828125 0.0203125 0.0296875
0 0.38359375 0.49765625 0.0390625 0.0453125
0 0.49453125 0.5921875 0.0328125 0.040625
0 0.47265625 0.96796875 0.0421875 0.0578125
0 1.02578125 0.70546875 0.0359375 0.0453125
0 0.8859375 0.48984375 0.028125 0.0421875
0 0.1734375 0.47421875 0.025 0.0234375
0 0.096875 0.45625 0.021875 0.025
0 0.9203125 0.7015625 0.028125 0.040625
0 1.43671875 0.46796875 0.0328125 0.0390625
0 0.28359375 0.5 0.0359375 0.05
0 1.01015625 0.59921875 0.0421875 0.0484375
0 0.99140625 0.48203125 0.0296875 0.0421875
