0 0.10625 0.2609375 0.034375 0.05
0 0.140625 0.36953125 0.040625 0.0421875
0 0.14296875 0.20078125 0.0359375 0.0328125
0 0.24140625 0.19375 0.0328125 0.04375
0 0.33671875 0.1578125 0.0359375 0.0375
0 0.44921875 0.14296875 0.0296875 0.0328125
0 0.4703125 0.13203125 0.025 0.0328125
0 0.4953125 0.1203125 0.01875 0.025
0 0.40234375 0.27890625 0.0359375 0.0421875
0 0.36953125 0.328125 0.0484375 0.053125
0 0.4875 0.29609375 0.0375 0.0453125
0 0.49453125 0.25390625 0.0234375 0.0359375
0 0.56484375 0.1046875 0.0203125 0.03125
0 0.58359375 0.1015625 0.0171875 0.025
0 0.6046875 0.1140625 0.021875 0.0375
0 0.7109375 0.08984375 0.021875 0.0265625
0 0.65 0.09453125 0.015625 0.0203125
0 0.77890625 0.096875 0.0234375 0.03125
0 0.83359375 0.07890625 0.0328125 0.0484375
0 0.875 0.08671875 0.021875 0.0390625
0 0.88828125 0.12109375 0.0296875 0.0296875
0 0.640625 0.25546875 0.03125 0.0484375
0 0.5875 0.2671875 0.040625 0.040625
0 0.74453125 0.278125 0.0359375 0.053125
0 0.97890625 0.0765625 0.0203125 0.025
0 1.0484375 0.0765625 0.025 0.0625
0 1.0953125 0.059375 0.028125 0.040625
0 1.17734375 0.06171875 0.0234375 0.0359375
0 1.315625 0.0609375 0.034375 0.04375
0 1.40625 0.1046875 0.01875 0.034375
0 1.4875 0.08515625 0.0625 0.0734375
0 0.475 0.3984375 0.053125 0.059375
0 0.58671875 0.378125 0.0515625 0.06875
0 0.6734375 0.334375 0.040625 0.053125
0 0.2984375 0.41640625 0.040625 0.0765625
0 0.06640625 0.17265625 0.0234375 0.0328125
0 0.01171875 0.2140625 0.0234375 0.04375
0 0.0265625 0.37265625 0.04375 0.0515625
0 0.40390625 0.1609375 0.0171875 0.025
