0 0.159375 0.29296875 0.08125 0.0859375
0 0.46796875 0.30546875 0.0921875 0.1203125
0 0.43125 0.1453125 0.06875 0.090625
0 0.60859375 0.128125 0.0734375 0.1
0 0.73828125 0.12265625 0.0828125 0.1015625
0 0.79140625 0.19296875 0.0765625 0.0796875
0 0.7734375 0.40078125 0.09375 0.1015625
0 1.04609375 0.434375 0.0796875 0.09375
0 1.0890625 0.1484375 0.084375 0.1125
0 1.21640625 0.41484375 0.0828125 0.0984375
0 1.2875 0.03828125 0.0625 0.0765625
0 1.32890625 0.15546875 0.0734375 0.1109375
0 1.41640625 0.1828125 0.0828125 0.1
0 1.584375 0.20078125 0.03125 0.0859375
0 1.58359375 0.05078125 0.0328125 0.0734375
