0 0.06328125 0.0328125 0.0609375 0.065625
0 0.1828125 0.06015625 0.059375 0.0640625
0 0.26953125 0.09453125 0.0671875 0.0921875
0 0.36171875 0.0421875 0.0421875 0.059375
0 0.43828125 0.07421875 0.0265625 0.0421875
0 0.57734375 0.04453125 0.0828125 0.0890625
0 0.32109375 0.25859375 0.1890625 0.2515625
0 0.95078125 0.275 0.1921875 0.275
0 1.27734375 0.1578125 0.2078125 0.259375
0 1.44140625 0.1296875 0.0859375 0.10625
0 1.49140625 0.1625 0.0453125 0.065625
0 1.54765625 0.14375 0.0359375 0.05
0 1.58125 0.15703125 0.0375 0.0671875
0 1.5484375 0.07265625 0.0375 0.0421875
0 1.3609375 0.0484375 0.046875 0.084375
0 1.11640625 0.0765625 0.0421875 0.053125
0 1.07421875 0.07890625 0.0359375 0.0421875
0 1.13828125 0.02734375 0.0578125 0.0515625
0 0.9859375 0.11796875 0.1375 0.1578125
0 0.8734375 0.0609375 0.053125 0.075
0 0.83125 0.05390625 0.021875 0.0296875
0 0.6453125 0.04921875 0.059375 0.0828125
