0 0.240625 0.321875 0.03125 0.0375
0 0.24921875 0.2890625 0.0328125 0.025
0 0.30078125 0.33359375 0.0390625 0.0484375
0 0.3640625 0.33359375 0.025 0.0359375
0 0.34921875 0.34375 0.0265625 0.0375
0 0.4375 0.3203125 0.03125 0.04375
0 0.49453125 0.340625 0.0171875 0.021875
0 0.5265625 0.36796875 0.025 0.0234375
0 0.54609375 0.33671875 0.0296875 0.0390625
0 0.72421875 0.34765625 0.0328125 0.0390625
0 0.75703125 0.3640625 0.0234375 0.025
0 0.78125 0.3671875 0.01875 0.028125
0 0.803125 0.3703125 0.028125 0.04375
0 0.8390625 0.3703125 0.028125 0.03125
0 0.84296875 0.3921875 0.0203125 0.034375
0 0.92421875 0.40234375 0.0203125 0.0328125
0 1.00234375 0.37890625 0.0140625 0.0140625
0 1.02265625 0.371875 0.0171875 0.01875
0 1.01171875 0.39765625 0.0234375 0.0265625
0 1.028125 0.38671875 0.01875 0.0359375
0 1.00546875 0.40546875 0.0171875 0.0234375
0 1.0796875 0.43359375 0.01875 0.0296875
0 1.0765625 0.40234375 0.01875 0.0171875
0 1.109375 0.3875 0.021875 0.0375
0 1.17421875 0.43203125 0.0265625 0.0328125
0 1.19140625 0.4 0.0171875 0.025
0 1.0875 0.4140625 0.01875 0.025
0 1.17890625 0.3515625 0.0109375 0.015625
0 1.25 0.41484375 0.01875 0.0171875
0 1.28046875 0.41953125 0.0171875 0.0203125
0 1.23203125 0.4046875 0.0140625 0.0125
0 1.2078125 0.34140625 0.0125 0.0140625
0 1.20703125 0.35859375 0.0140625 0.0171875
0 1.16328125 0.4015625 0.0140625 0.015625
0 1.175 0.3890625 0.0125 0.015625
0 1.42109375 0.4140625 0.0109375 0.0125
0 1.41796875 0.38046875 0.0140625 0.0140625
0 1.47421875 0.40546875 0.0140625 0.0171875
0 1.43125 0.35 0.0125 0.01875
0 1.45078125 0.35546875 0.0109375 0.0140625
0 1.55390625 0.3890625 0.0171875 0.015625
0 1.54609375 0.37265625 0.0140625 0.0140625
0 1.56484375 0.3453125 0.0140625 0.015625
0 1.59140625 0.36171875 0.0109375 0.0203125
0 1.48984375 0.34765625 0.0140625 0.0140625
0 1.5203125 0.35234375 0.0125 0.0140625
0 1.50625 0.38828125 0.0125 0.0140625
0 1.4859375 0.36640625 0.009375 0.0109375
0 1.4953125 0.4359375 0.009375 0.015625
0 1.425 0.3890625 0.0125 0.01875
0 1.43671875 0.371875 0.0109375 0.0125
0 1.43828125 0.3890625 0.0109375 0.0125
0 1.4328125 0.4046875 0.0125 0.01875
0 1.4734375 0.3671875 0.009375 0.0125
0 1.46015625 0.37578125 0.0109375 0.0078125
0 1.4515625 0.39453125 0.009375 0.0109375
0 1.15703125 0.30859375 0.0140625 0.0109375
0 1.18515625 0.31015625 0.0140625 0.0140625
0 1.11953125 0.28671875 0.0109375 0.0109375
0 1.0875 0.28671875 0.0125 0.0109375
0 1.040625 0.3515625 0.0125 0.0125
0 1.075 0.31953125 0.0125 0.0140625
0 1.02890625 0.28671875 0.0109375 0.0109375
0 1.07578125 0.35390625 0.0109375 0.0109375
0 1.021875 0.3328125 0.0125 0.0125
0 1.05234375 0.3171875 0.0109375 0.01875
0 1.01484375 0.28359375 0.0109375 0.0078125
0 0.9953125 0.34375 0.015625 0.01875
0 0.9625 0.3484375 0.0125 0.015625
0 1.003125 0.284375 0.009375 0.009375
0 0.9625 0.265625 0.0125 0.0125
0 0.93125 0.26875 0.0125 0.0125
0 0.9203125 0.31015625 0.0125 0.0140625
0 0.88359375 0.2734375 0.0078125 0.009375
0 0.88671875 0.30625 0.0171875 0.0125
0 0.82578125 0.24765625 0.0109375 0.0109375
0 0.8484375 0.2265625 0.009375 0.009375
0 0.79140625 0.24453125 0.0078125 0.0109375
0 0.8046875 0.3203125 0.0125 0.0125
0 0.74765625 0.23359375 0.0109375 0.0140625
0 0.765625 0.23515625 0.009375 0.0140625
0 0.71640625 0.22109375 0.0109375 0.0109375
0 0.70546875 0.21484375 0.0078125 0.0109375
0 0.696875 0.21328125 0.009375 0.0078125
0 0.69140625 0.23984375 0.0078125 0.0109375
0 0.78984375 0.21953125 0.0078125 0.0078125
0 0.65859375 0.20390625 0.0078125 0.0078125
0 0.62109375 0.21015625 0.0140625 0.0140625
0 0.64921875 0.2296875 0.0140625 0.0125
0 0.6171875 0.184375 0.009375 0.015625
0 0.64453125 0.19765625 0.0109375 0.0140625
0 0.5578125 0.20546875 0.0125 0.0140625
0 0.5859375 0.2328125 0.0125 0.015625
0 0.64453125 0.28125 0.0109375 0.0125
0 0.55546875 0.17734375 0.0109375 0.0109375
0 0.58046875 0.17421875 0.0109375 0.0078125
0 0.5421875 0.175 0.0125 0.015625
0 0.5125 0.14140625 0.0125 0.0140625
0 0.48671875 0.15 0.0109375 0.0125
0 0.50078125 0.14609375 0.0109375 0.0140625
0 0.46953125 0.16640625 0.0109375 0.0109375
0 0.46015625 0.13515625 0.0109375 0.0078125
0 0.4390625 0.12421875 0.015625 0.0140625
0 0.4203125 0.16484375 0.0125 0.0140625
0 0.41015625 0.12890625 0.0109375 0.0109375
0 0.378125 0.13671875 0.0125 0.0140625
0 0.396875 0.1546875 0.009375 0.0125
0 0.3578125 0.1171875 0.0125 0.0125
0 0.32734375 0.11875 0.0109375 0.015625
0 0.30859375 0.1140625 0.0109375 0.009375
0 0.27734375 0.11328125 0.0109375 0.0078125
0 0.27109375 0.1453125 0.0109375 0.0125
0 0.28125 0.13046875 0.0125 0.0109375
0 0.29296875 0.128125 0.0109375 0.009375
0 0.28515625 0.146875 0.0109375 0.015625
0 0.22109375 0.10703125 0.0078125 0.0140625
0 0.23984375 0.125 0.0109375 0.009375
0 0.42109375 0.1828125 0.0140625 0.0125
0 1.33359375 0.26171875 0.0453125 0.0671875
