0 0.10859375 0.10703125 0.0546875 0.0703125
0 0.23046875 0.10859375 0.0765625 0.0859375
0 0.25625 0.13671875 0.059375 0.0859375
0 0.30859375 0.14296875 0.0421875 0.0578125
0 0.3671875 0.1015625 0.046875 0.06875
0 0.37265625 0.153125 0.0484375 0.06875
0 0.325 0.209375 0.065625 0.084375
0 0.4328125 0.14765625 0.05625 0.0671875
0 0.51171875 0.090625 0.0546875 0.06875
0 0.51875 0.1828125 0.05 0.05625
0 0.6046875 0.0953125 0.05 0.071875
0 0.57265625 0.31171875 0.0703125 0.1015625
0 0.734375 0.22890625 0.05625 0.0828125
0 0.79921875 0.1609375 0.0578125 0.071875
0 0.90625 0.1453125 0.084375 0.1
0 1.02890625 0.1546875 0.0609375 0.084375
0 1.078125 0.12890625 0.06875 0.0984375
0 1.08046875 0.21953125 0.0640625 0.0984375
0 1.23828125 0.19609375 0.0703125 0.0796875
0 1.2171875 0.1796875 0.059375 0.071875
0 1.30703125 0.19140625 0.0734375 0.1015625
0 1.35859375 0.18671875 0.0390625 0.0671875
0 1.47734375 0.15234375 0.0671875 0.0828125
0 1.52890625 0.1515625 0.0515625 0.0625
