0 1.321875 0.13359375 0.009375 0.0109375
0 1.29765625 0.15703125 0.0109375 0.0140625
0 1.4875 0.1765625 0.03125 0.04375
0 1.30859375 0.3390625 0.0328125 0.040625
0 1.27734375 0.33671875 0.0234375 0.0328125
0 1.4796875 0.4328125 0.0125 0.015625
0 1.290625 0.51484375 0.015625 0.0203125
0 1.42265625 0.59140625 0.0109375 0.0171875
0 1.44609375 0.59375 0.0109375 0.0125
0 1.4671875 0.63203125 0.0125 0.0171875
0 1.49765625 0.63984375 0.0109375 0.0140625
0 1.51171875 0.61015625 0.0109375 0.0171875
0 1.0 0.39765625 0.015625 0.0203125
0 0.95859375 0.41015625 0.0140625 0.0203125
0 1.47109375 0.81015625 0.0078125 0.0109375
0 1.43515625 0.81015625 0.0078125 0.0109375
0 1.334375 0.6921875 0.0125 0.015625
0 1.2421875 0.6765625 0.0125 0.01875
0 0.60625 0.4421875 0.028125 0.034375
0 0.55625 0.446875 0.025 0.028125
0 0.4171875 0.159375 0.053125 0.05625
0 0.1171875 0.1625 0.03125 0.040625
0 0.275 0.41171875 0.0125 0.0203125
0 0.09921875 0.5890625 0.0171875 0.025
0 0.32265625 0.65390625 0.0328125 0.0515625
0 0.23125 0.6859375 0.028125 0.034375
0 0.2984375 0.8515625 0.034375 0.046875
0 0.14453125 0.8546875 0.0140625 0.01875
0 0.53671875 0.759375 0.0671875 0.078125
0 0.63984375 0.728125 0.0734375 0.084375
0 0.92734375 0.8015625 0.0109375 0.0125
0 0.91640625 0.78125 0.0109375 0.0125
0 0.8984375 0.809375 0.009375 0.009375
0 0.865625 0.7875 0.009375 0.009375
0 0.86640625 0.76796875 0.0109375 0.0109375
0 0.8484375 0.778125 0.0125 0.0125
0 1.05546875 0.815625 0.0109375 0.0125
0 1.0890625 0.8203125 0.0125 0.0125
0 1.0828125 0.8390625 0.009375 0.009375
0 1.02265625 0.8484375 0.0078125 0.009375
0 1.403125 0.9890625 0.0125 0.01875
0 1.2546875 0.85546875 0.009375 0.0109375
0 1.234375 1.0 0.015625 0.01875
0 1.3015625 1.02421875 0.0125 0.0171875
0 1.44921875 1.0328125 0.0140625 0.01875
0 0.5390625 1.09296875 0.040625 0.0421875
0 0.46015625 1.059375 0.0421875 0.05
0 0.68359375 1.01953125 0.0203125 0.0203125
0 0.72109375 1.04453125 0.0171875 0.0171875
0 1.1078125 1.0546875 0.01875 0.025
0 1.08125 1.07421875 0.015625 0.0203125
0 1.0359375 1.0453125 0.021875 0.025
0 0.96796875 1.05390625 0.0171875 0.0265625
0 0.94453125 1.06171875 0.0203125 0.0234375
0 0.909375 1.0796875 0.025 0.028125
0 0.8953125 1.05390625 0.021875 0.0265625
0 0.871875 1.08359375 0.01875 0.0203125
0 0.85234375 1.053125 0.0234375 0.028125
0 0.81953125 1.05859375 0.0203125 0.0234375
0 1.05546875 1.13515625 0.0171875 0.0203125
0 1.0046875 1.10234375 0.01875 0.0234375
0 1.03125 1.084375 0.01875 0.021875
0 1.4265625 1.2671875 0.0125 0.015625
0 1.23671875 1.203125 0.0078125 0.009375
0 1.2234375 1.18125 0.00625 0.009375
