0 0.353125 0.2453125 0.06875 0.0875
0 0.56875 0.3453125 0.0625 0.06875
0 0.48046875 0.20390625 0.0484375 0.0859375
0 0.54609375 0.09921875 0.0671875 0.0984375
0 0.7890625 0.2828125 0.06875 0.09375
0 0.92890625 0.21796875 0.0578125 0.0828125
0 1.08203125 0.190625 0.0640625 0.0875
0 0.91640625 0.10234375 0.0671875 0.0921875
0 0.54921875 0.0265625 0.0640625 0.053125
0 0.69765625 0.0390625 0.0609375 0.078125
0 0.73828125 0.0484375 0.0703125 0.084375
0 1.0359375 0.046875 0.0625 0.09375
0 1.1234375 0.021875 0.03125 0.040625
0 1.56875 0.03046875 0.040625 0.0515625
0 1.4515625 0.0703125 0.028125 0.040625
0 1.2859375 0.02109375 0.0375 0.0421875
