0 0.50703125 0.55 0.0703125 0.084375
0 0.6921875 0.57109375 0.06875 0.0859375
0 0.63359375 0.55078125 0.0515625 0.0765625
0 0.5375 0.48984375 0.034375 0.0421875
0 0.875 0.54453125 0.065625 0.0734375
0 0.27421875 0.490625 0.0421875 0.08125
0 0.8890625 0.43046875 0.065625 0.0984375
0 0.94296875 0.46953125 0.0296875 0.0421875
0 1.0078125 0.50625 0.034375 0.05
0 1.1109375 0.45625 0.028125 0.034375
0 1.25546875 0.49375 0.0421875 0.084375
0 1.2328125 0.42734375 0.021875 0.0296875
0 0.6140625 0.446875 0.0375 0.05
