0 0.96953125 0.05078125 0.0140625 0.0171875
0 1.015625 0.10234375 0.01875 0.0203125
0 1.06640625 0.1109375 0.0171875 0.01875
0 1.07578125 0.12890625 0.0140625 0.0171875
0 1.11640625 0.11875 0.0203125 0.021875
0 1.23046875 0.0875 0.0171875 0.021875
0 1.146875 0.1625 0.009375 0.021875
0 1.084375 0.18984375 0.025 0.0296875
0 1.00625 0.1703125 0.01875 0.021875
0 0.971875 0.19375 0.01875 0.025
0 0.9765625 0.2171875 0.01875 0.021875
0 1.15625 0.2125 0.025 0.03125
0 1.0453125 0.2390625 0.021875 0.028125
0 1.0 0.24609375 0.021875 0.0265625
0 0.96015625 0.24453125 0.0265625 0.0296875
0 0.9296875 0.22890625 0.021875 0.0296875
0 1.29375 0.09765625 0.015625 0.0234375
0 1.31875 0.071875 0.01875 0.025
0 1.36875 0.06171875 0.01875 0.0234375
0 1.346875 0.084375 0.015625 0.021875
0 1.3609375 0.09609375 0.01875 0.0203125
0 1.42734375 0.0921875 0.0203125 0.025
0 1.4203125 0.07578125 0.01875 0.0203125
0 1.48046875 0.109375 0.0234375 0.01875
0 1.484375 0.084375 0.01875 0.021875
0 1.515625 0.1109375 0.01875 0.025
0 1.50625 0.09375 0.01875 0.021875
0 1.55234375 0.0984375 0.0203125 0.025
0 1.56875 0.09375 0.021875 0.025
0 1.57734375 0.05078125 0.0203125 0.0265625
0 1.4765625 0.16796875 0.025 0.0296875
0 1.58984375 0.121875 0.0171875 0.028125
0 1.471875 0.24375 0.025 0.03125
0 1.45 0.22890625 0.01875 0.0234375
0 1.56171875 0.2546875 0.0296875 0.0375
0 1.3640625 0.2109375 0.021875 0.03125
0 1.4265625 0.26328125 0.028125 0.0328125
0 1.36640625 0.265625 0.0265625 0.03125
0 1.325 0.25078125 0.021875 0.0328125
0 1.25546875 0.22734375 0.0265625 0.0296875
0 1.2375 0.25703125 0.021875 0.0265625
0 1.2421875 0.2171875 0.01875 0.025
0 1.5375 0.28203125 0.028125 0.0359375
0 1.4515625 0.2890625 0.028125 0.034375
0 1.3765625 0.30546875 0.021875 0.0265625
0 1.3390625 0.3109375 0.028125 0.028125
0 1.31875 0.28515625 0.028125 0.0296875
0 1.284375 0.30078125 0.021875 0.0265625
0 1.25859375 0.3140625 0.0296875 0.034375
0 1.26875 0.41484375 0.03125 0.0421875
0 1.340625 0.428125 0.040625 0.04375
0 1.54453125 0.35234375 0.0234375 0.0515625
0 1.4546875 0.43046875 0.021875 0.0546875
0 1.5828125 0.38515625 0.034375 0.0546875
0 1.51953125 0.43125 0.0203125 0.046875
0 1.11328125 0.27109375 0.0265625 0.0359375
0 1.14296875 0.2515625 0.0203125 0.025
0 1.1609375 0.2703125 0.028125 0.03125
0 1.19296875 0.2890625 0.0203125 0.025
0 1.18203125 0.321875 0.0265625 0.028125
0 1.21171875 0.346875 0.0265625 0.028125
0 1.33828125 0.34453125 0.0234375 0.0390625
0 1.48984375 0.4671875 0.0265625 0.04375
0 1.0609375 0.2703125 0.028125 0.040625
0 1.05546875 0.29296875 0.0265625 0.0328125
0 1.06171875 0.32421875 0.0265625 0.0328125
0 1.084375 0.325 0.01875 0.034375
0 1.0140625 0.29765625 0.028125 0.0296875
0 0.96875 0.32734375 0.034375 0.0359375
0 0.925 0.31171875 0.028125 0.0328125
0 1.12109375 0.340625 0.0609375 0.0875
0 0.92421875 0.42734375 0.0234375 0.0328125
0 0.89375 0.17421875 0.01875 0.0234375
0 0.8734375 0.1328125 0.01875 0.01875
0 0.86953125 0.203125 0.0203125 0.028125
0 0.86171875 0.23671875 0.0234375 0.0265625
0 0.86640625 0.26796875 0.0265625 0.0359375
0 0.903125 0.2984375 0.028125 0.028125
0 0.84375 0.31328125 0.028125 0.0328125
0 0.80625 0.29921875 0.01875 0.0296875
0 0.82421875 0.30234375 0.0234375 0.0265625
0 0.86015625 0.3625 0.0296875 0.0375
0 0.7765625 0.36484375 0.0625 0.0765625
0 0.6625 0.1921875 0.025 0.03125
0 0.64921875 0.2515625 0.0265625 0.0375
0 0.49140625 0.2015625 0.0203125 0.03125
0 0.04140625 0.0921875 0.0140625 0.01875
0 0.1109375 0.103125 0.01875 0.01875
0 0.0140625 0.24609375 0.025 0.0421875
0 0.02421875 0.26875 0.0296875 0.0375
0 0.06484375 0.31484375 0.0265625 0.0328125
0 0.02421875 0.35546875 0.0265625 0.0296875
0 0.1421875 0.3203125 0.015625 0.021875
0 0.3671875 0.0890625 0.040625 0.04375
0 0.30703125 0.37421875 0.0515625 0.0578125
0 0.09375 0.15625 0.0125 0.021875
0 1.43203125 0.359375 0.0453125 0.078125
