0 1.565625 0.1671875 0.040625 0.053125
0 1.36796875 0.18828125 0.0734375 0.0890625
0 1.31328125 0.321875 0.0671875 0.059375
0 1.15078125 0.14296875 0.0359375 0.0609375
0 1.096875 0.16796875 0.046875 0.0609375
0 0.984375 0.10234375 0.059375 0.0703125
0 1.15625 0.3140625 0.059375 0.059375
0 0.978125 0.29140625 0.065625 0.0703125
0 0.90234375 0.14140625 0.0359375 0.0546875
0 0.73671875 0.209375 0.0546875 0.08125
0 0.6453125 0.15625 0.065625 0.084375
0 0.61328125 0.146875 0.0609375 0.078125
0 0.5859375 0.25234375 0.0625 0.0796875
0 0.8875 0.33671875 0.065625 0.0703125
0 0.18046875 0.2140625 0.0671875 0.0875
0 0.346875 0.19296875 0.071875 0.1015625
0 0.42578125 0.15546875 0.0640625 0.0828125
0 1.28203125 0.5453125 0.0359375 0.034375
