0 1.578125 0.0453125 0.015625 0.034375
0 1.5125 0.0234375 0.03125 0.034375
0 1.43671875 0.03984375 0.0296875 0.0359375
0 1.33828125 0.0171875 0.0328125 0.034375
0 1.2640625 0.0375 0.028125 0.034375
0 1.21796875 0.02109375 0.0234375 0.0390625
0 1.10703125 0.046875 0.0328125 0.0375
0 1.03828125 0.0328125 0.0234375 0.040625
0 0.94921875 0.0375 0.0296875 0.040625
0 0.87890625 0.04921875 0.0265625 0.0328125
0 0.9140625 0.0578125 0.028125 0.040625
0 0.72265625 0.09609375 0.0328125 0.0390625
0 0.596875 0.053125 0.03125 0.0375
0 0.47578125 0.06640625 0.0171875 0.0328125
0 0.3359375 0.11171875 0.021875 0.0390625
0 0.340625 0.12578125 0.025 0.0328125
0 0.25546875 0.08203125 0.0234375 0.0390625
0 0.4609375 0.14296875 0.034375 0.0421875
0 0.471875 0.22578125 0.0375 0.0484375
0 0.36640625 0.23203125 0.0421875 0.0546875
0 0.32890625 0.2203125 0.0328125 0.05
0 0.28984375 0.20078125 0.0328125 0.0453125
0 0.3265625 0.2640625 0.04375 0.053125
0 0.40390625 0.29609375 0.0453125 0.0546875
0 0.49453125 0.2890625 0.0453125 0.05625
0 0.54375 0.28046875 0.046875 0.0515625
0 0.60390625 0.3171875 0.0484375 0.0625
0 0.6640625 0.29921875 0.046875 0.0546875
0 0.72109375 0.33359375 0.0421875 0.0546875
0 0.228125 0.2484375 0.03125 0.04375
0 0.28046875 0.32578125 0.0484375 0.0484375
0 0.1015625 0.03203125 0.028125 0.0328125
0 0.04765625 0.06328125 0.0234375 0.0390625
0 0.04140625 0.0984375 0.0296875 0.040625
0 0.08203125 0.10234375 0.0296875 0.0390625
0 0.08984375 0.14140625 0.0171875 0.0359375
0 0.19296875 0.1171875 0.0203125 0.040625
0 0.1390625 0.21484375 0.040625 0.0515625
0 0.196875 0.2171875 0.0375 0.046875
0 0.21875 0.2078125 0.0375 0.040625
0 0.04765625 0.2859375 0.0421875 0.046875
0 0.03515625 0.20234375 0.0203125 0.0453125
0 0.09296875 0.2796875 0.0296875 0.05625
0 0.153125 0.29375 0.040625 0.059375
0 0.19453125 0.30703125 0.0578125 0.0546875
0 0.19609375 0.3375 0.0359375 0.059375
0 0.16328125 0.3609375 0.0328125 0.059375
0 0.60390625 0.36171875 0.0359375 0.0609375
0 0.7609375 0.31015625 0.04375 0.0484375
0 0.803125 0.30078125 0.04375 0.0609375
0 0.875 0.31328125 0.046875 0.0546875
0 0.9171875 0.3265625 0.046875 0.05625
0 0.69921875 0.390625 0.0515625 0.05625
0 0.7546875 0.39921875 0.053125 0.0546875
0 0.80859375 0.4328125 0.0515625 0.065625
0 0.9078125 0.42109375 0.053125 0.0671875
0 0.92734375 0.3890625 0.0578125 0.059375
0 0.95546875 0.36640625 0.0484375 0.0609375
0 1.02578125 0.36484375 0.0609375 0.0609375
0 0.96484375 0.50625 0.0546875 0.071875
0 0.62578125 0.5109375 0.0578125 0.065625
0 0.76171875 0.49140625 0.0546875 0.0671875
0 0.840625 0.50859375 0.059375 0.0671875
0 0.9921875 0.4890625 0.053125 0.065625
0 1.01171875 0.46015625 0.0390625 0.0640625
0 1.06015625 0.4171875 0.0546875 0.065625
0 1.08359375 0.4828125 0.0578125 0.065625
0 1.11953125 0.44609375 0.0546875 0.0609375
0 1.18046875 0.45 0.0515625 0.065625
0 1.24765625 0.4734375 0.0578125 0.05625
0 1.365625 0.409375 0.053125 0.0625
0 1.46640625 0.46015625 0.0546875 0.0484375
0 1.32578125 0.478125 0.0546875 0.06875
0 1.3453125 0.53671875 0.065625 0.0671875
0 1.540625 0.4453125 0.0625 0.075
0 1.58203125 0.43046875 0.0359375 0.0671875
0 1.5578125 0.525 0.04375 0.071875
0 1.16796875 0.53984375 0.0578125 0.0671875
0 1.27109375 0.5359375 0.0203125 0.06875
0 1.38046875 0.8171875 0.0234375 0.084375
