0 0.115625 0.10859375 0.05 0.0578125
0 0.02265625 0.06953125 0.0453125 0.0671875
0 0.1625 0.1359375 0.05 0.040625
0 0.23984375 0.14375 0.0390625 0.05
0 0.253125 0.109375 0.034375 0.04375
0 0.32578125 0.09609375 0.0359375 0.0453125
0 0.40078125 0.1484375 0.0453125 0.05625
0 0.475 0.1125 0.040625 0.05625
0 0.53671875 0.10234375 0.0421875 0.0515625
0 0.61953125 0.12421875 0.0359375 0.0546875
0 0.68984375 0.10234375 0.0390625 0.0484375
0 0.76328125 0.1296875 0.0328125 0.05
0 0.8046875 0.16171875 0.04375 0.0546875
0 0.85234375 0.12578125 0.0390625 0.0359375
0 0.96171875 0.1359375 0.0390625 0.053125
0 0.96875 0.10703125 0.034375 0.0359375
0 1.0125 0.1265625 0.028125 0.04375
0 1.0609375 0.09453125 0.034375 0.0546875
0 1.14140625 0.090625 0.0390625 0.046875
0 1.1515625 0.13203125 0.040625 0.0671875
0 1.240625 0.08046875 0.0375 0.0484375
0 1.271875 0.08046875 0.034375 0.0484375
0 1.38515625 0.05625 0.0390625 0.04375
0 1.33515625 0.2984375 0.0328125 0.040625
0 1.40703125 0.26484375 0.0390625 0.0421875
0 1.51015625 0.28046875 0.0484375 0.0640625
0 1.45390625 0.0703125 0.0390625 0.05
0 1.49375 0.0828125 0.04375 0.053125
0 1.58359375 0.0484375 0.0328125 0.053125
0 1.55703125 0.07890625 0.0296875 0.0359375
0 0.71953125 0.38984375 0.0390625 0.0265625
0 0.47890625 0.828125 0.0609375 0.059375
0 0.759375 0.95390625 0.0875 0.0890625
0 0.9078125 0.95 0.046875 0.096875
