0 0.0171875 0.06484375 0.034375 0.0609375
0 0.0828125 0.05546875 0.075 0.0796875
0 0.1796875 0.034375 0.05625 0.053125
0 0.2390625 0.071875 0.065625 0.059375
0 0.3015625 0.0515625 0.053125 0.05
0 0.35859375 0.10234375 0.0515625 0.0578125
0 0.44296875 0.065625 0.0453125 0.05
0 0.509375 0.05625 0.05625 0.05625
0 0.565625 0.0625 0.059375 0.05625
0 1.446875 0.13359375 0.009375 0.0109375
0 1.046875 0.38515625 0.14375 0.2078125
0 0.43828125 0.4 0.1453125 0.196875
0 0.7046875 0.15859375 0.015625 0.0203125
0 0.67265625 0.165625 0.0140625 0.01875
0 1.040625 0.1375 0.01875 0.01875
0 1.1546875 0.14921875 0.0125 0.0171875
0 1.53515625 0.01640625 0.0390625 0.0328125
