0 1.38828125 0.22421875 0.0921875 0.1078125
0 1.51015625 0.45 0.1109375 0.115625
0 1.2640625 0.32578125 0.0875 0.1171875
0 1.13046875 0.315625 0.0984375 0.121875
0 0.9734375 0.25234375 0.090625 0.1140625
0 0.84453125 0.31640625 0.0890625 0.1109375
0 0.659375 0.275 0.096875 0.121875
0 0.453125 0.3640625 0.0875 0.11875
0 0.52265625 0.3140625 0.0734375 0.109375
0 0.22421875 0.36953125 0.0890625 0.1078125
0 0.203125 0.26328125 0.10625 0.1296875
0 0.06875 0.3296875 0.090625 0.11875
0 1.0609375 0.284375 0.084375 0.1
