0 0.12109375 0.5359375 0.0859375 0.096875
0 0.23515625 0.54765625 0.0859375 0.1015625
0 0.35 0.54140625 0.090625 0.1296875
0 0.49296875 0.575 0.0921875 0.128125
0 0.5296875 0.55 0.0375 0.06875
0 0.69765625 0.5921875 0.0421875 0.065625
0 0.7828125 0.6125 0.05 0.065625
0 0.92890625 0.5859375 0.0859375 0.125
0 1.01796875 0.571875 0.0421875 0.05625
0 0.94765625 0.5234375 0.0453125 0.0625
0 1.11796875 0.5515625 0.0609375 0.0875
0 1.06484375 0.55703125 0.0484375 0.0671875
0 1.1953125 0.540625 0.040625 0.05625
0 1.2265625 0.5953125 0.059375 0.084375
0 1.2375 0.56328125 0.04375 0.0515625
0 1.37421875 0.55859375 0.0703125 0.0890625
0 1.4703125 0.565625 0.0375 0.053125
0 1.51171875 0.5515625 0.0546875 0.0625
0 1.5296875 0.57734375 0.065625 0.0828125
0 0.20703125 0.084375 0.0578125 0.0875
0 0.59765625 0.7078125 0.0078125 0.0125
0 0.61953125 0.67421875 0.0109375 0.0140625
0 1.25078125 0.82109375 0.0140625 0.0203125
0 1.3125 0.79765625 0.01875 0.0296875
0 0.6125 0.73203125 0.009375 0.0109375
