0 0.06796875 0.1703125 0.0515625 0.115625
0 0.325 0.11953125 0.1625 0.1765625
0 0.75546875 0.115625 0.2265625 0.225
0 1.0078125 0.328125 0.115625 0.128125
0 0.78984375 0.665625 0.1453125 0.2125
0 1.30390625 0.4453125 0.1203125 0.096875
0 1.32578125 0.77109375 0.1953125 0.2578125
0 1.5578125 1.025 0.03125 0.065625
0 1.44609375 1.00625 0.0515625 0.0625
0 1.48984375 1.159375 0.0859375 0.115625
0 1.35859375 1.09921875 0.0546875 0.0609375
0 1.2609375 1.1453125 0.03125 0.05
0 0.99921875 1.11015625 0.0390625 0.0734375
0 0.39921875 1.115625 0.0453125 0.078125
0 0.5828125 1.1484375 0.046875 0.06875
0 0.80703125 1.10390625 0.0421875 0.0703125
0 0.659375 0.83203125 0.015625 0.0265625
