0 1.35078125 0.69921875 0.1421875 0.1640625
0 1.3453125 0.5 0.09375 0.096875
0 1.53515625 0.51328125 0.1015625 0.1046875
0 1.578125 0.60546875 0.04375 0.1203125
0 1.51015625 0.46953125 0.0640625 0.0890625
0 1.4203125 0.47109375 0.025 0.0453125
0 1.1984375 0.4921875 0.071875 0.08125
0 1.0921875 0.528125 0.1 0.096875
0 0.91875 0.6140625 0.1125 0.115625
0 0.6796875 0.7328125 0.140625 0.15
0 0.47734375 0.396875 0.1109375 0.125
0 0.6109375 0.41171875 0.0375 0.0421875
0 0.05546875 0.60546875 0.0703125 0.0859375
0 0.209375 0.5953125 0.075 0.078125
0 0.3640625 0.42265625 0.028125 0.0328125
0 0.3125 0.44296875 0.028125 0.0296875
0 0.12265625 0.484375 0.0390625 0.040625
0 0.1453125 0.46875 0.021875 0.028125
0 0.17109375 0.484375 0.0296875 0.0375
0 0.05390625 0.47265625 0.0328125 0.0328125
0 0.21015625 0.4765625 0.0265625 0.034375
0 0.525 0.446875 0.046875 0.05
0 0.121875 0.43984375 0.025 0.0296875
