0 0.4421875 0.08203125 0.05625 0.0671875
0 0.5453125 0.36328125 0.05 0.0671875
0 1.17578125 0.33125 0.0640625 0.08125
0 1.3859375 0.3640625 0.05 0.071875
0 1.03046875 0.41015625 0.0484375 0.0734375
0 1.4765625 0.43984375 0.028125 0.0328125
0 1.45625 0.390625 0.025 0.025
0 1.45390625 0.27734375 0.0171875 0.0203125
0 1.51796875 0.44453125 0.0265625 0.0234375
0 1.51640625 0.3953125 0.0234375 0.025
0 1.4953125 0.40625 0.021875 0.021875
0 1.46875 0.39375 0.01875 0.01875
0 1.49296875 0.38046875 0.0171875 0.0171875
0 1.5515625 0.35859375 0.028125 0.0234375
0 1.57890625 0.28203125 0.0171875 0.0171875
0 1.55546875 0.4296875 0.0265625 0.034375
0 1.58828125 0.35234375 0.0203125 0.0234375
0 1.55859375 0.471875 0.0171875 0.021875
0 1.44296875 0.43359375 0.0140625 0.0171875
0 1.35859375 0.3953125 0.0171875 0.021875
0 1.57734375 0.42578125 0.0203125 0.0328125
0 1.3328125 0.39296875 0.021875 0.0234375
