0 0.13671875 0.16875 0.0453125 0.084375
0 0.17734375 0.17890625 0.0453125 0.0578125
0 0.24765625 0.1578125 0.0609375 0.08125
0 0.6015625 0.21328125 0.05 0.0578125
0 0.7375 0.17734375 0.053125 0.0578125
0 0.8046875 0.2 0.0625 0.071875
0 0.890625 0.225 0.046875 0.05
0 0.99921875 0.18828125 0.0515625 0.0671875
0 1.075 0.30234375 0.053125 0.0421875
0 1.14609375 0.13828125 0.0421875 0.0578125
0 1.1796875 0.16015625 0.05 0.0671875
0 1.22890625 0.1625 0.0578125 0.065625
0 1.28515625 0.15859375 0.0453125 0.0609375
0 1.3078125 0.18671875 0.040625 0.0609375
0 1.39296875 0.20859375 0.0578125 0.0640625
0 1.53515625 0.18046875 0.0421875 0.0609375
0 1.571875 0.17265625 0.05 0.0578125
0 1.4828125 0.2421875 0.046875 0.0625
0 1.57890625 0.26875 0.0359375 0.059375
0 1.3734375 0.36328125 0.05 0.0546875
0 0.62265625 0.2 0.0421875 0.05625
