0 1.21171875 0.1390625 0.0859375 0.090625
0 1.30625 0.203125 0.103125 0.128125
0 1.26484375 0.3296875 0.1078125 0.134375
0 0.9 0.121875 0.090625 0.109375
0 0.8171875 0.24453125 0.1 0.1421875
0 1.03203125 0.30078125 0.1046875 0.1453125
0 1.2625 0.59453125 0.115625 0.1609375
0 0.48203125 0.22578125 0.0984375 0.1453125
0 0.40078125 0.3375 0.1109375 0.1375
0 0.35625 0.61015625 0.1125 0.1484375
0 0.34375 0.828125 0.134375 0.18125
0 0.26953125 0.990625 0.1421875 0.1375
0 0.796875 0.75234375 0.115625 0.1484375
0 0.6875 1.37734375 0.1625 0.1953125
0 1.1625 0.80703125 0.128125 0.1359375
0 1.1859375 0.9875 0.1375 0.16875
