0 1.07734375 0.15 0.0234375 0.03125
0 1.26171875 0.13125 0.0203125 0.03125
0 1.2984375 0.02265625 0.01875 0.0234375
0 1.1421875 0.015625 0.01875 0.021875
0 0.9125 0.06171875 0.021875 0.0296875
0 0.98984375 0.03203125 0.0171875 0.0265625
0 1.0515625 0.08203125 0.01875 0.0234375
0 1.45859375 0.20078125 0.0234375 0.0265625
0 0.62421875 0.31640625 0.0703125 0.0984375
0 0.86328125 0.4390625 0.0984375 0.11875
0 1.18515625 0.29765625 0.0890625 0.1265625
0 0.25703125 0.0734375 0.0140625 0.01875
0 0.31640625 0.0375 0.0203125 0.021875
0 0.36875 0.0375 0.0125 0.025
0 0.271875 0.1546875 0.021875 0.021875
0 1.50859375 0.18671875 0.0234375 0.0328125
0 1.47421875 0.26484375 0.0234375 0.0265625
0 1.4171875 0.0921875 0.01875 0.021875
0 1.36875 0.221875 0.028125 0.025
0 1.34375 0.19453125 0.025 0.0234375
0 1.45625 0.16875 0.01875 0.021875
0 1.40234375 0.05078125 0.0203125 0.0234375
0 1.24921875 0.2359375 0.0234375 0.03125
0 1.309375 0.2234375 0.01875 0.03125
0 1.27734375 0.27265625 0.0203125 0.0296875
0 1.2796875 0.065625 0.021875 0.025
0 0.41796875 0.0609375 0.0140625 0.021875
0 0.32265625 0.134375 0.0171875 0.025
0 0.42578125 0.13046875 0.0140625 0.0203125
0 0.475 0.23125 0.015625 0.025
0 0.42734375 0.27421875 0.0171875 0.0234375
0 0.84453125 0.028125 0.0171875 0.025
0 0.8671875 0.090625 0.01875 0.028125
0 0.9125 0.08828125 0.01875 0.0234375
0 0.55390625 0.24375 0.0171875 0.028125
0 0.62734375 0.2109375 0.0203125 0.03125
0 1.33359375 0.04609375 0.0171875 0.0234375
0 1.3671875 0.0375 0.025 0.025
0 0.84140625 0.115625 0.0203125 0.028125
0 0.790625 0.12578125 0.01875 0.0234375
0 0.7203125 0.20703125 0.01875 0.0234375
0 0.8125 0.06953125 0.01875 0.0265625
0 1.03203125 0.2390625 0.0203125 0.028125
0 1.09609375 0.25859375 0.0203125 0.0328125
0 1.07578125 0.2125 0.0171875 0.025
0 1.06171875 0.171875 0.0203125 0.03125
0 0.94453125 0.11640625 0.0171875 0.0203125
0 0.97890625 0.090625 0.0203125 0.028125
0 1.096875 0.075 0.025 0.028125
0 1.11171875 0.2140625 0.0171875 0.028125
0 0.9125 0.23359375 0.021875 0.0265625
0 0.69609375 0.07421875 0.0171875 0.0296875
0 1.12890625 0.0921875 0.0234375 0.028125
0 1.2078125 0.10859375 0.015625 0.0265625
0 1.00390625 0.14453125 0.0234375 0.0359375
0 1.00078125 0.1953125 0.0203125 0.021875
0 1.0171875 0.059375 0.021875 0.03125
0 0.6234375 0.31640625 0.071875 0.0984375
0 1.4703125 0.06953125 0.015625 0.0234375
0 1.51171875 0.1375 0.0203125 0.028125
0 1.33359375 0.0734375 0.0140625 0.025
0 0.5078125 0.04375 0.021875 0.025
0 0.5546875 0.0390625 0.01875 0.01875
0 1.2765625 0.10625 0.01875 0.025
0 1.215625 0.14453125 0.01875 0.0234375
0 1.2703125 0.19453125 0.025 0.0328125
0 1.3859375 0.13984375 0.025 0.0265625
0 0.2296875 0.35703125 0.08125 0.1140625
0 0.23046875 0.35703125 0.0796875 0.1140625
0 1.5828125 0.21015625 0.01875 0.0234375
0 1.5640625 0.1703125 0.01875 0.028125
0 1.15078125 0.1453125 0.0234375 0.028125
0 1.21875 0.04609375 0.01875 0.0265625
0 1.1234375 0.1890625 0.021875 0.021875
0 1.55078125 0.27265625 0.0203125 0.0328125
0 1.4546875 0.1375 0.01875 0.028125
0 1.52734375 0.24609375 0.0328125 0.0359375
0 0.8671875 0.1546875 0.015625 0.028125
0 0.1625 0.21484375 0.01875 0.0265625
0 0.09375 0.065625 0.01875 0.03125
0 0.175 0.0625 0.01875 0.025
0 0.01484375 0.23515625 0.0171875 0.0234375
0 0.02109375 0.28984375 0.0203125 0.0328125
0 0.03515625 0.26171875 0.0203125 0.0234375
0 0.0546875 0.2171875 0.01875 0.021875
0 0.475 0.228125 0.015625 0.028125
0 0.7515625 0.23984375 0.021875 0.0359375
0 0.775 0.15859375 0.01875 0.0234375
0 0.67265625 0.18671875 0.0171875 0.0296875
0 0.56015625 0.16640625 0.0171875 0.0234375
0 0.64765625 0.121875 0.0171875 0.021875
0 1.35390625 0.25 0.0171875 0.025
0 1.44921875 0.44921875 0.0203125 0.0296875
0 1.51328125 0.44609375 0.0234375 0.0296875
0 1.3875 0.17421875 0.021875 0.0265625
0 1.409375 0.196875 0.01875 0.028125
0 0.390625 0.240625 0.01875 0.03125
0 0.55234375 0.21171875 0.0203125 0.0296875
0 0.48515625 0.27265625 0.0234375 0.0296875
0 0.4828125 0.16796875 0.021875 0.0296875
0 0.63515625 0.1515625 0.0203125 0.028125
0 0.8671875 0.2703125 0.021875 0.028125
0 0.965625 0.22578125 0.01875 0.0328125
0 0.9875 0.1625 0.01875 0.03125
0 0.76328125 0.05 0.0234375 0.028125
0 0.69609375 0.14296875 0.0171875 0.0265625
0 0.18125 0.18125 0.025 0.03125
0 0.259375 0.20859375 0.021875 0.0296875
0 0.3171875 0.18046875 0.021875 0.0296875
0 0.28515625 0.13046875 0.0234375 0.0234375
0 0.225 0.1796875 0.021875 0.025
0 0.44296875 0.2125 0.0234375 0.021875
0 0.30625 0.21484375 0.021875 0.0234375
0 0.29140625 0.07109375 0.0140625 0.0203125
0 0.1953125 0.0296875 0.015625 0.021875
0 0.1515625 0.01328125 0.015625 0.0234375
0 0.08515625 0.278125 0.0171875 0.025
0 0.14765625 0.29296875 0.0203125 0.0234375
0 0.3171875 0.28515625 0.021875 0.0234375
0 0.3671875 0.27890625 0.01875 0.0234375
0 0.071875 0.24921875 0.01875 0.0296875
0 0.80390625 0.265625 0.0234375 0.028125
0 0.8234375 0.2890625 0.021875 0.025
0 0.8265625 0.2109375 0.01875 0.028125
0 0.73515625 0.275 0.0203125 0.03125
0 0.67578125 0.28671875 0.0203125 0.0234375
0 0.66640625 0.24609375 0.0203125 0.0265625
0 0.0546875 0.115625 0.015625 0.021875
0 0.06328125 0.04609375 0.0140625 0.0296875
0 0.11328125 0.03203125 0.0140625 0.0265625
0 0.51953125 0.1296875 0.0203125 0.025
0 0.50703125 0.07890625 0.0203125 0.0171875
0 0.6046875 0.059375 0.01875 0.025
0 0.484375 0.07734375 0.01875 0.0234375
0 0.02734375 0.13203125 0.0171875 0.0203125
0 0.02421875 0.07109375 0.0171875 0.0203125
0 1.5625 0.46171875 0.03125 0.0296875
0 1.56875 0.04375 0.021875 0.028125
0 1.4296875 0.03984375 0.021875 0.0234375
0 1.46875 0.0171875 0.0125 0.015625
0 1.24765625 0.0203125 0.0109375 0.015625
0 1.58203125 0.11875 0.0140625 0.028125
0 0.86328125 0.2265625 0.0171875 0.01875
0 0.98046875 0.06640625 0.0171875 0.0203125
0 0.83671875 0.0609375 0.0171875 0.021875
0 0.73515625 0.18828125 0.0171875 0.0234375
0 0.825 0.146875 0.015625 0.025
0 0.78671875 0.23828125 0.0171875 0.0203125
0 0.659375 0.07265625 0.021875 0.0265625
0 0.559375 0.08125 0.0125 0.01875
0 0.646875 0.03984375 0.015625 0.0171875
0 0.475 0.0421875 0.015625 0.01875
0 0.37890625 0.0765625 0.0203125 0.01875
0 0.13125 0.25 0.01875 0.021875
0 0.228125 0.2125 0.01875 0.021875
0 0.22890625 0.2671875 0.0203125 0.025
0 0.1140625 0.1140625 0.0125 0.01875
0 0.26640625 0.02578125 0.0140625 0.0203125
0 0.22578125 0.0140625 0.0140625 0.0125
0 0.45234375 0.109375 0.0203125 0.01875
