0 0.09296875 0.8296875 0.0109375 0.015625
0 0.24921875 0.80390625 0.0109375 0.0140625
0 0.528125 0.80859375 0.009375 0.0140625
0 0.696875 0.87265625 0.075 0.1078125
0 0.909375 0.9203125 0.05625 0.0875
0 0.884375 0.871875 0.015625 0.01875
0 1.08984375 0.7953125 0.0140625 0.015625
0 1.28046875 0.796875 0.0140625 0.01875
0 1.21953125 0.81171875 0.0109375 0.0140625
0 1.11953125 0.865625 0.0109375 0.0125
0 0.18203125 0.80625 0.0109375 0.0125
0 0.33203125 0.81875 0.0078125 0.0125
0 1.4109375 1.53984375 0.16875 0.2734375
