0 0.03515625 0.00703125 0.0265625 0.0140625
0 0.21640625 0.00703125 0.0234375 0.0140625
0 0.33046875 0.00546875 0.0234375 0.0109375
0 0.434375 0.01171875 0.028125 0.0234375
0 0.53828125 0.00859375 0.0265625 0.0171875
0 0.02421875 0.05234375 0.0296875 0.0421875
0 0.1375 0.04765625 0.03125 0.0453125
0 0.24296875 0.0640625 0.0265625 0.040625
0 0.34375 0.05703125 0.03125 0.0390625
0 0.4390625 0.0640625 0.028125 0.034375
0 0.53203125 0.065625 0.0296875 0.034375
0 0.64453125 0.0375 0.0296875 0.0375
0 0.05546875 0.13046875 0.0328125 0.0359375
0 0.1546875 0.128125 0.03125 0.04375
0 0.2421875 0.13203125 0.03125 0.0359375
0 0.36796875 0.13359375 0.0359375 0.0453125
0 0.4875 0.12578125 0.034375 0.0453125
0 0.5984375 0.1265625 0.03125 0.05
0 0.71875 0.121875 0.03125 0.046875
0 0.6796875 0.21796875 0.03125 0.0390625
0 0.5828125 0.21953125 0.034375 0.0484375
0 0.46328125 0.2109375 0.0328125 0.04375
0 0.34609375 0.21171875 0.0296875 0.0453125
0 0.2484375 0.215625 0.03125 0.04375
0 0.13828125 0.209375 0.0265625 0.046875
0 0.18125 0.28671875 0.03125 0.0390625
0 0.03046875 0.303125 0.0328125 0.0375
0 0.0671875 0.39921875 0.034375 0.0515625
0 0.16484375 0.4140625 0.0328125 0.04375
0 0.259375 0.3796875 0.034375 0.053125
0 0.31328125 0.3203125 0.0296875 0.04375
0 0.44140625 0.2953125 0.0328125 0.053125
0 0.58046875 0.28984375 0.0390625 0.0484375
0 0.71484375 0.2921875 0.0328125 0.04375
0 0.584375 0.3921875 0.034375 0.046875
0 0.49296875 0.4203125 0.0390625 0.046875
0 0.38359375 0.40859375 0.0359375 0.0515625
0 0.2890625 0.48203125 0.0375 0.0453125
0 0.69921875 0.41015625 0.0359375 0.0484375
0 0.06015625 0.52265625 0.0359375 0.0453125
0 0.165625 0.5171875 0.03125 0.046875
0 0.425 0.51953125 0.04375 0.0515625
0 0.5296875 0.51953125 0.0375 0.0578125
0 0.66484375 0.51796875 0.0390625 0.0640625
0 0.01484375 0.6375 0.0296875 0.059375
0 0.13125 0.63203125 0.040625 0.0546875
0 0.2734375 0.65703125 0.04375 0.0421875
0 0.40390625 0.625 0.0484375 0.0625
0 0.5609375 0.63984375 0.040625 0.0578125
0 0.67109375 0.6578125 0.0390625 0.059375
0 0.0359375 0.78203125 0.04375 0.0359375
0 0.1625 0.77109375 0.05 0.0578125
0 0.32109375 0.78125 0.0421875 0.0375
0 0.48515625 0.78515625 0.0453125 0.0296875
0 0.6140625 0.7875 0.04375 0.025
0 0.74140625 0.778125 0.0453125 0.04375
0 0.8328125 0.0046875 0.015625 0.009375
0 0.915625 0.0125 0.025 0.025
0 0.99140625 0.0140625 0.0234375 0.028125
0 1.18046875 0.00703125 0.0265625 0.0140625
0 1.2859375 0.009375 0.028125 0.01875
0 1.40546875 0.00859375 0.0234375 0.0171875
0 1.51875 0.00625 0.025 0.0125
0 0.91015625 0.06328125 0.0265625 0.0328125
0 0.8 0.0828125 0.028125 0.03125
0 0.840625 0.12265625 0.03125 0.0421875
0 0.93671875 0.1375 0.0296875 0.04375
0 1.00859375 0.065625 0.0328125 0.034375
0 1.08984375 0.07734375 0.0265625 0.0390625
0 1.1765625 0.06171875 0.025 0.0359375
0 1.26796875 0.05859375 0.0296875 0.0359375
0 1.359375 0.065625 0.03125 0.04375
0 1.42421875 0.04453125 0.0296875 0.0359375
0 1.53359375 0.06953125 0.0265625 0.0359375
0 1.528125 0.12421875 0.03125 0.0328125
0 1.4234375 0.14453125 0.028125 0.0390625
0 1.3609375 0.13203125 0.03125 0.0453125
0 1.2390625 0.14140625 0.03125 0.0359375
0 1.17421875 0.15234375 0.0265625 0.0390625
0 1.06484375 0.134375 0.0328125 0.046875
0 0.99453125 0.19765625 0.0328125 0.0515625
0 0.87421875 0.2203125 0.0296875 0.03125
0 0.77734375 0.209375 0.0328125 0.05
0 1.10390625 0.215625 0.0359375 0.046875
0 1.19921875 0.20703125 0.0328125 0.0453125
0 1.309375 0.21640625 0.03125 0.0421875
0 1.42734375 0.20546875 0.0328125 0.0453125
0 1.54921875 0.21953125 0.0359375 0.0421875
0 1.5296875 0.3046875 0.03125 0.0375
0 1.41953125 0.2921875 0.0328125 0.0625
0 1.3203125 0.2984375 0.0375 0.053125
0 1.20625 0.30234375 0.03125 0.0453125
0 1.12421875 0.26875 0.0328125 0.04375
0 1.01484375 0.30234375 0.0328125 0.0453125
0 0.91640625 0.3078125 0.0328125 0.040625
0 0.82109375 0.3078125 0.0328125 0.03125
0 0.80546875 0.41796875 0.0359375 0.0421875
0 0.91484375 0.38515625 0.0390625 0.0515625
0 1.06484375 0.4140625 0.0421875 0.0625
0 1.203125 0.4046875 0.03125 0.040625
0 1.328125 0.4 0.034375 0.05
0 1.48046875 0.40234375 0.0390625 0.0578125
0 1.5734375 0.415625 0.0375 0.05625
0 1.48984375 0.5359375 0.0359375 0.046875
0 1.38359375 0.521875 0.0390625 0.05625
0 1.58828125 0.51484375 0.0234375 0.0453125
0 1.2578125 0.5328125 0.0375 0.046875
0 1.16484375 0.5203125 0.0421875 0.05625
0 1.02734375 0.52265625 0.0390625 0.0515625
0 0.89765625 0.51875 0.0421875 0.05625
0 0.78828125 0.52890625 0.0359375 0.0515625
0 0.7890625 0.65546875 0.04375 0.0578125
0 0.8875 0.659375 0.034375 0.04375
0 1.01328125 0.62734375 0.0453125 0.0578125
0 1.1265625 0.66015625 0.04375 0.0609375
0 1.25859375 0.64140625 0.0421875 0.0578125
0 1.396875 0.65078125 0.04375 0.0640625
0 1.51015625 0.66328125 0.0390625 0.0515625
0 1.565625 0.78125 0.046875 0.0375
0 1.44609375 0.78984375 0.0484375 0.0203125
0 1.3 0.78046875 0.04375 0.0390625
0 1.16640625 0.78359375 0.0484375 0.0328125
0 1.0328125 0.78125 0.04375 0.0375
