0 0.0171875 0.025 0.025 0.05
0 0.16953125 0.05390625 0.0703125 0.1078125
0 0.1390625 0.1328125 0.084375 0.103125
0 0.1828125 0.2875 0.090625 0.1375
0 0.25234375 0.20390625 0.0734375 0.1171875
0 0.29140625 0.17265625 0.0671875 0.1015625
0 0.41875 0.315625 0.08125 0.140625
0 0.45703125 0.1703125 0.0828125 0.1125
0 0.53828125 0.12890625 0.0578125 0.1203125
0 0.459375 0.04609375 0.08125 0.0921875
0 0.65078125 0.20546875 0.0765625 0.1046875
0 0.71328125 0.053125 0.0640625 0.10625
0 0.55625 0.37421875 0.084375 0.1296875
0 0.98125 0.12265625 0.065625 0.1015625
0 1.215625 0.08203125 0.05 0.0921875
0 0.7265625 0.203125 0.0625 0.078125
0 0.83046875 0.26484375 0.0578125 0.0765625
0 0.94296875 0.1984375 0.0609375 0.084375
0 0.73046875 0.38125 0.0796875 0.11875
0 0.88046875 0.36328125 0.0765625 0.1171875
0 0.9546875 0.28984375 0.06875 0.0953125
0 1.00546875 0.2921875 0.0578125 0.11875
0 1.01640625 0.40703125 0.0640625 0.1078125
0 1.32578125 0.02578125 0.0421875 0.0515625
0 1.2703125 0.425 0.071875 0.08125
0 1.4265625 0.03125 0.034375 0.05625
0 1.553125 0.046875 0.05 0.075
0 1.5 0.23046875 0.065625 0.0890625
0 1.4375 0.3859375 0.071875 0.109375
0 1.33984375 0.36953125 0.0734375 0.1140625
0 0.121875 0.61484375 0.096875 0.1390625
0 0.4015625 0.65625 0.0875 0.1375
0 0.41953125 0.6078125 0.0796875 0.121875
0 0.6265625 0.6453125 0.090625 0.15625
0 0.6734375 0.6828125 0.059375 0.115625
0 1.08984375 0.45234375 0.0734375 0.1046875
0 0.865625 0.66953125 0.075 0.1203125
0 1.0921875 0.64375 0.096875 0.13125
0 1.28125 0.53828125 0.08125 0.1265625
0 1.40625 0.6375 0.084375 0.128125
0 1.45 0.54296875 0.084375 0.0921875
