0 0.77109375 0.521875 0.0453125 0.059375
0 0.52421875 0.271875 0.0109375 0.0125
0 0.0578125 0.68203125 0.040625 0.0515625
0 0.3171875 0.5671875 0.04375 0.065625
0 0.44140625 0.671875 0.0390625 0.05625
0 0.60234375 0.559375 0.0390625 0.05625
0 0.896875 0.5734375 0.040625 0.053125
0 1.0375 0.6046875 0.04375 0.059375
0 1.12890625 0.559375 0.0453125 0.059375
0 1.2359375 0.55078125 0.046875 0.0578125
0 1.35078125 0.54609375 0.0421875 0.0515625
0 1.584375 0.77421875 0.028125 0.0453125
0 1.32890625 0.2390625 0.0078125 0.009375
