0 0.05703125 0.42578125 0.1140625 0.1640625
0 0.44140625 0.46171875 0.1234375 0.1484375
0 0.6390625 0.37890625 0.103125 0.1265625
0 0.62890625 0.6328125 0.1109375 0.134375
0 0.52421875 0.41171875 0.0515625 0.0796875
0 0.84140625 0.4109375 0.0953125 0.115625
0 1.0078125 0.53984375 0.1375 0.1515625
0 1.1359375 0.3984375 0.109375 0.11875
0 1.00234375 0.39609375 0.0640625 0.0703125
0 1.07265625 0.353125 0.0359375 0.084375
0 1.36015625 0.4 0.1015625 0.140625
0 1.51953125 0.36796875 0.0390625 0.0515625
