0 1.05859375 0.9734375 0.0359375 0.078125
0 0.15234375 1.0546875 0.1234375 0.19375
0 0.22734375 0.9015625 0.0734375 0.115625
0 0.31953125 0.8546875 0.0265625 0.04375
0 0.56328125 1.06796875 0.0484375 0.0703125
0 0.39453125 0.709375 0.0109375 0.01875
0 0.43203125 0.703125 0.0109375 0.015625
0 0.86796875 0.89609375 0.0140625 0.0328125
0 1.15 0.953125 0.015625 0.0375
0 1.134375 0.90546875 0.015625 0.0265625
0 1.2796875 0.9296875 0.00625 0.0125
0 0.109375 0.565625 0.025 0.04375
0 1.3734375 0.92734375 0.009375 0.0140625
