0 0.0234375 0.13984375 0.046875 0.0859375
0 0.03515625 0.25859375 0.0640625 0.0703125
0 0.18046875 0.21796875 0.0734375 0.1109375
0 0.24609375 0.17421875 0.0703125 0.0953125
0 0.3671875 0.1921875 0.071875 0.09375
0 0.36328125 0.3703125 0.0609375 0.09375
0 0.49140625 0.29296875 0.0703125 0.0890625
0 0.51796875 0.41953125 0.0703125 0.0796875
0 0.24921875 0.04296875 0.0671875 0.0765625
0 0.56953125 0.0140625 0.0484375 0.028125
0 0.67578125 0.02109375 0.0578125 0.0421875
0 0.9796875 0.0859375 0.078125 0.08125
0 1.0703125 0.13515625 0.0625 0.0703125
0 1.15234375 0.196875 0.0578125 0.084375
0 0.9625 0.24296875 0.065625 0.0765625
0 0.93828125 0.31640625 0.0671875 0.0796875
0 1.00078125 0.346875 0.0703125 0.08125
0 0.70625 0.2875 0.0625 0.075
0 0.6546875 0.3296875 0.053125 0.065625
0 0.7796875 0.2953125 0.053125 0.075
0 0.80703125 0.50859375 0.0734375 0.0671875
0 0.5875 0.50546875 0.0875 0.0859375
0 1.29140625 0.05078125 0.0796875 0.0734375
0 1.565625 0.08359375 0.065625 0.0765625
0 1.54609375 0.1546875 0.0796875 0.109375
0 1.584375 0.3109375 0.03125 0.0875
0 1.5625 0.4390625 0.05625 0.078125
0 1.53828125 0.4234375 0.0390625 0.059375
0 1.43515625 0.47890625 0.0609375 0.0984375
0 1.415625 0.4421875 0.059375 0.084375
0 1.41875 0.22734375 0.04375 0.0609375
0 1.3125 0.3328125 0.05625 0.084375
0 1.22421875 0.3296875 0.0578125 0.090625
0 1.09140625 0.43359375 0.0546875 0.0796875
0 0.14765625 0.49453125 0.0796875 0.0703125
0 0.125 0.61875 0.059375 0.096875
0 0.1828125 0.74296875 0.040625 0.0921875
0 0.525 0.68828125 0.04375 0.0828125
0 0.3171875 0.46640625 0.06875 0.0890625
0 1.4046875 0.79375 0.04375 0.08125
0 1.271875 0.71640625 0.0625 0.0421875
0 1.21484375 0.62421875 0.0671875 0.0453125
0 1.1265625 0.66875 0.090625 0.06875
0 1.1484375 0.51484375 0.04375 0.0828125
0 0.77578125 0.896875 0.0734375 0.08125
0 0.609375 0.92890625 0.025 0.0515625
0 0.328125 0.86640625 0.05 0.0578125
0 0.34921875 0.91875 0.0546875 0.06875
