0 0.13515625 0.46953125 0.0109375 0.0140625
0 0.14765625 0.48515625 0.0078125 0.0140625
0 0.2015625 0.4296875 0.009375 0.009375
0 0.1890625 0.44140625 0.009375 0.0109375
0 0.23203125 0.425 0.0078125 0.009375
0 0.265625 0.42734375 0.00625 0.0140625
0 0.24140625 0.44140625 0.0078125 0.0109375
0 0.1890625 0.4671875 0.009375 0.0125
0 0.1609375 0.47265625 0.009375 0.0109375
0 0.17109375 0.48828125 0.0109375 0.0109375
0 0.1546875 0.5 0.009375 0.0125
0 0.4703125 0.55859375 0.015625 0.0328125
0 0.1609375 0.5375 0.009375 0.0125
0 0.14296875 0.56328125 0.0109375 0.0140625
0 0.15 0.5875 0.0125 0.0125
0 0.16171875 0.61796875 0.0109375 0.0109375
0 0.203125 0.6140625 0.009375 0.0125
0 0.18671875 0.58515625 0.0109375 0.0140625
0 0.17421875 0.5609375 0.0109375 0.0125
0 0.11953125 0.5890625 0.0109375 0.0125
0 0.32421875 0.55390625 0.0234375 0.0359375
0 0.3 0.571875 0.01875 0.034375
0 0.409375 0.5578125 0.021875 0.0375
0 0.07421875 0.42265625 0.0078125 0.0109375
0 0.1015625 0.425 0.00625 0.009375
0 0.10390625 0.44296875 0.0078125 0.0109375
0 0.090625 0.45546875 0.009375 0.0109375
0 0.08828125 0.46796875 0.0109375 0.0109375
0 0.071875 0.48125 0.009375 0.0125
0 0.0796875 0.50390625 0.009375 0.0109375
0 0.08046875 0.5203125 0.0109375 0.0125
0 0.08359375 0.53984375 0.0109375 0.0140625
0 0.0859375 0.5609375 0.009375 0.0125
0 0.09296875 0.59140625 0.0109375 0.0140625
0 0.06875 0.61796875 0.0125 0.0171875
0 0.3515625 0.303125 0.028125 0.0375
0 0.509375 0.2328125 0.025 0.034375
0 0.68203125 0.35859375 0.0203125 0.0265625
0 0.81953125 0.25859375 0.0234375 0.0328125
0 0.94609375 0.3875 0.0171875 0.028125
0 1.06640625 0.31328125 0.0171875 0.0265625
0 1.1078125 0.39609375 0.015625 0.0234375
0 0.6234375 0.56484375 0.01875 0.0265625
0 0.73828125 0.57109375 0.0140625 0.0234375
0 0.784375 0.5421875 0.015625 0.015625
0 0.83359375 0.5390625 0.0203125 0.01875
0 0.21796875 0.525 0.0078125 0.0125
0 0.21328125 0.4828125 0.0078125 0.009375
0 0.23046875 0.4984375 0.0078125 0.009375
0 0.25859375 0.5359375 0.0078125 0.0125
0 0.23828125 0.5640625 0.0078125 0.0125
0 0.128125 0.425 0.00625 0.009375
0 0.12578125 0.45703125 0.0109375 0.0109375
0 0.1515625 0.4421875 0.00625 0.0125
0 0.15859375 0.42578125 0.0078125 0.0109375
0 0.1046875 0.4890625 0.0125 0.015625
0 0.11328125 0.50390625 0.0109375 0.0109375
0 0.12734375 0.51875 0.0109375 0.0125
0 0.19765625 0.509375 0.0109375 0.009375
0 0.21796875 0.459375 0.0078125 0.009375
0 0.203125 0.5640625 0.0125 0.015625
0 0.20078125 0.546875 0.0109375 0.0125
0 0.20859375 0.58359375 0.0078125 0.0109375
0 0.2625 0.55703125 0.009375 0.0109375
0 0.275 0.475 0.009375 0.0125
0 0.25 0.490625 0.009375 0.009375
0 0.2703125 0.50546875 0.009375 0.0109375
0 0.24453125 0.5203125 0.0109375 0.009375
0 0.2796875 0.521875 0.009375 0.0125
0 0.3515625 0.52265625 0.009375 0.0109375
0 0.35625 0.50625 0.009375 0.0125
0 0.328125 0.525 0.009375 0.009375
0 0.3484375 0.48828125 0.009375 0.0109375
0 0.34921875 0.5625 0.0078125 0.009375
0 0.37421875 0.55859375 0.0078125 0.0140625
0 0.4125 0.50859375 0.009375 0.0109375
0 0.43671875 0.5078125 0.0078125 0.009375
0 0.40390625 0.490625 0.0078125 0.0125
0 0.43671875 0.48203125 0.0078125 0.0109375
0 0.2875 0.43203125 0.009375 0.0109375
0 0.28828125 0.45703125 0.0078125 0.0109375
0 0.30078125 0.5078125 0.0078125 0.009375
0 0.39921875 0.4640625 0.0078125 0.009375
0 0.4140625 0.4640625 0.00625 0.009375
0 0.3921875 0.434375 0.00625 0.009375
0 0.44296875 0.43828125 0.0046875 0.0078125
0 0.46875 0.440625 0.00625 0.009375
0 0.5109375 0.43984375 0.00625 0.0078125
0 0.4609375 0.4578125 0.00625 0.00625
0 0.4484375 0.47890625 0.00625 0.0078125
0 0.465625 0.4703125 0.00625 0.009375
0 0.503125 0.45390625 0.00625 0.0078125
0 0.540625 0.44453125 0.00625 0.0078125
0 0.5609375 0.44453125 0.00625 0.0078125
0 0.56015625 0.45625 0.0109375 0.009375
0 0.59296875 0.46640625 0.0078125 0.0109375
0 0.56875 0.46796875 0.00625 0.0109375
0 0.57890625 0.478125 0.0078125 0.009375
0 0.60859375 0.47890625 0.0078125 0.0078125
0 0.5515625 0.48984375 0.00625 0.0109375
0 0.534375 0.4546875 0.00625 0.00625
0 0.534375 0.4671875 0.00625 0.009375
0 0.58359375 0.49296875 0.0078125 0.0109375
0 0.60703125 0.48984375 0.0078125 0.0078125
0 0.63125 0.4921875 0.00625 0.009375
0 0.58125 0.4578125 0.00625 0.009375
0 0.55546875 0.528125 0.0078125 0.009375
0 0.575 0.525 0.009375 0.009375
0 0.60546875 0.53671875 0.0078125 0.0109375
0 0.6140625 0.521875 0.00625 0.00625
0 0.63046875 0.52265625 0.0078125 0.0078125
0 0.6578125 0.54453125 0.00625 0.0078125
0 0.62734375 0.53671875 0.0078125 0.0078125
0 0.65 0.55390625 0.00625 0.0109375
0 0.4890625 0.47421875 0.009375 0.0140625
0 0.50546875 0.48046875 0.0078125 0.0109375
0 0.5203125 0.47734375 0.00625 0.0078125
0 0.53515625 0.49609375 0.0046875 0.0078125
0 0.565625 0.51015625 0.00625 0.0140625
0 0.5390625 0.50625 0.00625 0.009375
0 0.5875 0.509375 0.00625 0.009375
0 0.6140625 0.50546875 0.00625 0.0078125
0 0.6421875 0.50703125 0.00625 0.0078125
0 0.66953125 0.52578125 0.0078125 0.0109375
0 0.6734375 0.5421875 0.00625 0.00625
0 0.67265625 0.5734375 0.0078125 0.0125
0 0.6796875 0.56640625 0.00625 0.0109375
0 0.65625 0.5765625 0.00625 0.009375
0 0.721875 0.46015625 0.00625 0.0078125
0 0.73359375 0.45390625 0.0046875 0.0078125
0 0.74609375 0.4515625 0.0046875 0.00625
0 0.74453125 0.4625 0.0046875 0.00625
0 0.7625 0.4546875 0.00625 0.00625
0 0.76484375 0.46484375 0.0046875 0.0078125
0 0.77265625 0.4546875 0.0046875 0.00625
0 0.76484375 0.478125 0.0078125 0.00625
0 0.79765625 0.465625 0.0046875 0.009375
0 0.8015625 0.4546875 0.003125 0.00625
0 0.81171875 0.46015625 0.0046875 0.0078125
0 0.8453125 0.46015625 0.00625 0.0078125
0 0.984375 0.56484375 0.015625 0.0234375
0 0.99765625 0.57578125 0.0171875 0.0203125
0 1.11171875 0.5578125 0.0109375 0.01875
0 1.1484375 0.54453125 0.015625 0.0203125
0 1.1953125 0.609375 0.009375 0.0125
0 1.209375 0.5953125 0.009375 0.009375
0 1.19921875 0.5875 0.0046875 0.009375
0 1.2796875 0.621875 0.009375 0.0125
0 1.303125 0.6234375 0.009375 0.009375
0 1.2953125 0.5953125 0.00625 0.009375
0 1.32109375 0.59765625 0.0109375 0.0109375
0 1.340625 0.6078125 0.009375 0.009375
0 1.36484375 0.61484375 0.0109375 0.0171875
0 1.3984375 0.61875 0.009375 0.0125
0 1.43046875 0.621875 0.0109375 0.015625
0 1.4734375 0.62265625 0.0125 0.0171875
0 1.4859375 0.6203125 0.009375 0.015625
0 1.53515625 0.61796875 0.0140625 0.0140625
0 1.50859375 0.61484375 0.0109375 0.0109375
0 1.5640625 0.609375 0.00625 0.0125
0 1.4609375 0.60546875 0.009375 0.0140625
0 1.4828125 0.59765625 0.009375 0.0109375
0 1.434375 0.5984375 0.009375 0.0125
0 1.4015625 0.6 0.009375 0.0125
0 1.43671875 0.61171875 0.0078125 0.0109375
0 1.3578125 0.6 0.00625 0.009375
0 1.38359375 0.59375 0.0078125 0.009375
0 1.44140625 0.53671875 0.0078125 0.0109375
0 1.40703125 0.53671875 0.0078125 0.0078125
0 1.37890625 0.5375 0.0078125 0.009375
0 1.31796875 0.5453125 0.0078125 0.009375
0 1.365625 0.53984375 0.00625 0.0078125
0 1.2859375 0.54765625 0.00625 0.0109375
0 1.21171875 0.53671875 0.0078125 0.0078125
0 1.26328125 0.5328125 0.0078125 0.009375
0 0.90390625 0.5421875 0.0171875 0.015625
0 0.953125 0.5390625 0.00625 0.0125
0 0.9765625 0.52421875 0.00625 0.0078125
0 0.975 0.546875 0.00625 0.00625
0 0.97109375 0.51484375 0.0046875 0.0078125
0 1.01640625 0.51875 0.0046875 0.00625
0 1.00390625 0.515625 0.0046875 0.00625
0 1.240625 0.6109375 0.009375 0.0125
0 1.509375 0.596875 0.009375 0.009375
0 1.46640625 0.5921875 0.0078125 0.0125
0 1.53125 0.60234375 0.0125 0.0109375
0 1.46328125 0.571875 0.0078125 0.009375
0 1.4828125 0.56953125 0.009375 0.0078125
0 1.51015625 0.57578125 0.0078125 0.0078125
0 1.53203125 0.57578125 0.0078125 0.0109375
0 1.5640625 0.57578125 0.009375 0.0140625
0 1.2484375 0.54296875 0.00625 0.0078125
0 1.26875 0.54140625 0.00625 0.0078125
0 1.309375 0.53671875 0.00625 0.0078125
0 1.590625 0.62734375 0.0125 0.0140625
0 1.58984375 0.60078125 0.0078125 0.0109375
0 1.49609375 0.55546875 0.0078125 0.0109375
0 1.5640625 0.53984375 0.009375 0.0109375
0 1.559375 0.5609375 0.009375 0.0125
0 1.53359375 0.5390625 0.0078125 0.009375
0 1.5171875 0.52265625 0.009375 0.0078125
0 1.50078125 0.5375 0.0078125 0.009375
0 1.53828125 0.5125 0.0078125 0.009375
0 1.58125 0.52890625 0.009375 0.0109375
0 1.5671875 0.51328125 0.00625 0.0109375
0 0.115625 0.62265625 0.0125 0.0140625
0 0.128125 0.425 0.00625 0.0125
0 0.15859375 0.425 0.0078125 0.0125
0 0.03984375 0.42265625 0.0046875 0.0109375
0 0.046875 0.43671875 0.009375 0.0140625
0 0.05859375 0.4546875 0.0109375 0.0125
0 0.04296875 0.46328125 0.0078125 0.0109375
0 0.04140625 0.50546875 0.0078125 0.0140625
0 0.0421875 0.5234375 0.009375 0.015625
0 0.04375 0.54375 0.0125 0.0125
0 0.04375 0.56015625 0.0125 0.0140625
0 0.059375 0.59296875 0.015625 0.0171875
0 0.1515625 0.43984375 0.00625 0.0109375
0 0.1265625 0.45703125 0.0125 0.0140625
0 0.10625 0.4875 0.009375 0.015625
0 0.1140625 0.503125 0.009375 0.0125
0 0.12578125 0.51953125 0.0109375 0.0140625
0 0.128125 0.5453125 0.0125 0.0125
0 0.11328125 0.5640625 0.0109375 0.0125
0 0.12578125 0.45703125 0.0109375 0.0140625
0 0.921875 0.56171875 0.0125 0.0203125
0 0.00625 0.4234375 0.009375 0.0125
0 0.03671875 0.4828125 0.0109375 0.0125
0 0.02578125 0.44921875 0.0109375 0.0109375
0 0.003125 0.53203125 0.00625 0.0109375
0 0.17578125 0.52421875 0.0109375 0.0140625
0 0.2328125 0.53984375 0.0125 0.0140625
0 0.24453125 0.4765625 0.0109375 0.0125
0 0.2515625 0.45546875 0.009375 0.0109375
0 0.2703125 0.4453125 0.009375 0.0125
0 0.73828125 0.55078125 0.0078125 0.0109375
0 0.90703125 0.46015625 0.0046875 0.0078125
0 0.88984375 0.4578125 0.0046875 0.00625
0 0.8734375 0.45625 0.00625 0.00625
0 0.8953125 0.46796875 0.00625 0.0078125
0 0.88046875 0.46796875 0.0046875 0.0078125
0 0.90703125 0.47109375 0.0046875 0.0078125
0 0.915625 0.50234375 0.00625 0.0078125
0 0.91640625 0.4921875 0.0078125 0.009375
0 0.92109375 0.471875 0.0078125 0.009375
0 0.925 0.45859375 0.00625 0.0046875
0 0.978125 0.4625 0.00625 0.00625
0 0.9984375 0.49296875 0.00625 0.0078125
0 1.01640625 0.49375 0.0046875 0.00625
0 0.9875 0.47109375 0.00625 0.0078125
0 1.0015625 0.465625 0.00625 0.00625
0 1.0125 0.465625 0.00625 0.00625
0 1.03046875 0.475 0.0046875 0.00625
0 1.0328125 0.49609375 0.00625 0.0078125
0 0.996875 0.4734375 0.00625 0.00625
0 1.0703125 0.52890625 0.00625 0.0078125
0 1.08671875 0.53203125 0.0078125 0.0078125
0 1.08125 0.51953125 0.00625 0.0078125
0 1.08125 0.46875 0.00625 0.00625
0 1.07109375 0.4765625 0.0046875 0.00625
0 1.0640625 0.4703125 0.00625 0.00625
0 1.02578125 0.46796875 0.0046875 0.0046875
0 1.1796875 0.50859375 0.00625 0.0078125
0 1.13203125 0.4828125 0.0078125 0.00625
0 1.45859375 0.553125 0.0078125 0.009375
0 1.5078125 0.5078125 0.00625 0.009375
0 1.540625 0.50078125 0.00625 0.0078125
0 1.53671875 0.528125 0.0078125 0.009375
0 1.4859375 0.5234375 0.00625 0.009375
0 1.5671875 0.50390625 0.00625 0.0078125
0 1.5921875 0.53828125 0.00625 0.0078125
0 1.525 0.55390625 0.00625 0.0078125
0 1.475 0.54296875 0.00625 0.0078125
0 1.43046875 0.571875 0.0078125 0.009375
0 1.59453125 0.57890625 0.0078125 0.0109375
0 1.34296875 0.534375 0.0078125 0.0125
0 1.2953125 0.54140625 0.00625 0.0109375
0 1.2703125 0.59609375 0.00625 0.0078125
0 1.23671875 0.59609375 0.0078125 0.0109375
0 1.18984375 0.59609375 0.0078125 0.0109375
0 1.178125 0.59296875 0.00625 0.0078125
0 1.175 0.56796875 0.00625 0.0109375
0 1.2265625 0.53671875 0.00625 0.0078125
0 1.221875 0.52734375 0.00625 0.0078125
0 1.15546875 0.51875 0.0078125 0.009375
0 1.18984375 0.5421875 0.0078125 0.009375
0 0.9421875 0.5078125 0.009375 0.0125
0 0.8953125 0.503125 0.009375 0.0125
0 1.07265625 0.5125 0.0078125 0.009375
0 1.0859375 0.4890625 0.009375 0.0125
0 1.1 0.5625 0.0125 0.01875
0 1.02109375 0.475 0.0046875 0.00625
0 0.853125 0.475 0.0125 0.0125
0 0.796875 0.47734375 0.00625 0.0078125
0 0.86484375 0.61796875 0.0078125 0.0109375
0 0.875 0.57421875 0.00625 0.0078125
0 0.8890625 0.5515625 0.00625 0.009375
0 0.8890625 0.52734375 0.00625 0.0078125
0 0.86484375 0.540625 0.0078125 0.009375
0 0.87109375 0.52578125 0.0078125 0.0109375
0 1.578125 0.459375 0.00625 0.009375
0 1.5921875 0.4734375 0.009375 0.009375
0 1.5796875 0.48203125 0.009375 0.0109375
0 1.53203125 0.48515625 0.0078125 0.0109375
0 1.5703125 0.471875 0.009375 0.009375
0 1.55703125 0.46328125 0.0078125 0.0109375
0 1.5921875 0.4328125 0.00625 0.009375
0 1.58203125 0.45 0.0078125 0.009375
0 1.56484375 0.453125 0.0078125 0.009375
0 0.03125 0.5796875 0.0125 0.015625
0 0.00390625 0.51484375 0.0078125 0.0140625
