0 0.17421875 0.17109375 0.0734375 0.0953125
0 0.2890625 0.10703125 0.071875 0.0953125
0 0.30546875 0.34765625 0.0828125 0.1015625
0 0.4375 0.2234375 0.071875 0.084375
0 0.471875 0.3546875 0.078125 0.096875
0 0.51953125 0.2015625 0.0609375 0.08125
0 0.58515625 0.184375 0.0578125 0.071875
0 0.64140625 0.28671875 0.0609375 0.0828125
0 0.70390625 0.37890625 0.0765625 0.0953125
0 0.675 0.16171875 0.053125 0.0671875
0 0.76953125 0.21484375 0.0609375 0.0796875
0 0.7890625 0.1234375 0.046875 0.053125
0 0.8328125 0.4453125 0.078125 0.09375
0 0.88984375 0.1953125 0.0640625 0.06875
0 0.98203125 0.10703125 0.0515625 0.0671875
0 1.034375 0.18984375 0.0625 0.0734375
0 0.9875 0.42578125 0.078125 0.1015625
0 1.1109375 0.178125 0.065625 0.08125
0 1.19296875 0.22890625 0.0765625 0.0859375
0 1.30625 0.21015625 0.075 0.0890625
0 1.39375 0.21796875 0.075 0.0828125
