0 0.0171875 0.0671875 0.034375 0.0875
0 0.0640625 0.33671875 0.071875 0.0796875
0 0.0578125 0.51171875 0.078125 0.0828125
0 0.25 0.5515625 0.071875 0.078125
0 0.33046875 0.2453125 0.0796875 0.06875
0 0.4859375 0.3828125 0.0875 0.115625
0 0.52578125 0.28828125 0.0578125 0.0671875
0 0.6921875 0.303125 0.065625 0.065625
0 0.815625 0.39921875 0.078125 0.1171875
0 0.9046875 0.29375 0.078125 0.078125
0 1.2375 0.03203125 0.065625 0.0578125
0 1.43125 0.01953125 0.065625 0.0390625
0 1.18671875 0.30625 0.0765625 0.06875
0 1.49453125 0.30546875 0.0734375 0.0703125
0 1.41015625 0.46953125 0.0828125 0.1296875
0 1.2625 0.48515625 0.078125 0.1015625
0 1.09921875 0.43046875 0.0890625 0.1046875
0 1.59140625 0.4765625 0.0171875 0.053125
0 1.50390625 0.965625 0.0765625 0.08125
0 0.059375 0.76875 0.05625 0.071875
0 0.3171875 0.9734375 0.06875 0.0875
0 0.48046875 0.9765625 0.0640625 0.090625
0 0.7765625 0.94375 0.071875 0.065625
