0 0.678125 0.0703125 0.1 0.115625
0 0.9765625 0.071875 0.121875 0.1375
0 1.4734375 0.240625 0.109375 0.175
0 1.5609375 0.65 0.078125 0.1625
0 1.20625 0.5234375 0.125 0.171875
0 1.24375 0.890625 0.125 0.175
0 1.228125 1.2015625 0.1375 0.221875
0 0.821875 0.396875 0.1125 0.13125
0 0.7921875 0.584375 0.109375 0.15625
0 0.8984375 0.83125 0.109375 0.15625
0 0.7921875 1.2671875 0.115625 0.184375
0 0.403125 1.2078125 0.125 0.140625
0 0.125 0.8765625 0.10625 0.146875
0 0.153125 0.5546875 0.1125 0.159375
0 0.1546875 0.271875 0.103125 0.14375
0 0.509375 0.3015625 0.1 0.128125
0 0.1359375 0.0484375 0.090625 0.084375
0 0.4703125 0.634375 0.115625 0.14375
0 0.4578125 0.8453125 0.140625 0.184375
