0 0.04453125 0.36640625 0.0453125 0.0515625
0 0.0078125 0.34765625 0.015625 0.0265625
0 0.07421875 0.38046875 0.0203125 0.0265625
0 0.1453125 0.3375 0.025 0.03125
0 0.27421875 0.2796875 0.0359375 0.0625
0 0.3015625 0.3484375 0.03125 0.04375
0 0.38046875 0.3453125 0.0296875 0.0625
0 0.45390625 0.36328125 0.0296875 0.0453125
0 0.51796875 0.37421875 0.0453125 0.0671875
0 0.6703125 0.35859375 0.05625 0.0671875
0 0.51640625 0.3109375 0.0171875 0.021875
0 0.53984375 0.328125 0.0171875 0.015625
0 0.42109375 0.34296875 0.0203125 0.0359375
0 0.7296875 0.17421875 0.0125 0.0171875
0 0.74921875 0.16171875 0.0109375 0.0140625
0 0.86796875 0.134375 0.0109375 0.015625
0 0.9359375 0.1296875 0.0125 0.015625
0 1.009375 0.09765625 0.0125 0.0171875
0 1.0390625 0.09296875 0.0125 0.0140625
0 0.73359375 0.3859375 0.0328125 0.034375
0 0.77578125 0.396875 0.0359375 0.040625
0 0.82421875 0.4015625 0.0328125 0.03125
0 0.88359375 0.365625 0.0484375 0.06875
0 0.9390625 0.4109375 0.03125 0.05
0 0.9125 0.3765625 0.025 0.03125
0 1.03671875 0.403125 0.0390625 0.046875
0 1.06171875 0.46328125 0.0390625 0.0546875
0 1.10546875 0.490625 0.0484375 0.059375
0 1.1234375 0.453125 0.034375 0.040625
0 1.14375 0.43203125 0.028125 0.0328125
0 1.1828125 0.4125 0.040625 0.046875
0 0.9828125 0.4234375 0.028125 0.0375
0 1.3015625 0.39609375 0.046875 0.0640625
0 1.25859375 0.40390625 0.0265625 0.0359375
0 1.36171875 0.37890625 0.0171875 0.0203125
0 1.5515625 0.36640625 0.021875 0.0265625
0 1.41953125 0.3921875 0.0171875 0.028125
0 1.42578125 0.45234375 0.0265625 0.0328125
0 1.38671875 0.38984375 0.0171875 0.0265625
0 1.31953125 0.3375 0.0078125 0.0125
