0 0.0265625 0.84921875 0.009375 0.0171875
0 0.0484375 0.94375 0.021875 0.01875
0 0.1015625 0.94140625 0.021875 0.0296875
0 0.03828125 0.85390625 0.0078125 0.0140625
0 0.11875 0.82734375 0.009375 0.0140625
0 0.090625 0.88203125 0.015625 0.0109375
0 0.0859375 0.90078125 0.009375 0.0140625
0 0.15234375 0.8609375 0.0109375 0.0125
0 0.1828125 0.79375 0.0125 0.0125
0 0.1890625 0.8640625 0.01875 0.01875
0 0.21640625 0.865625 0.0109375 0.025
0 0.20859375 0.85859375 0.0140625 0.0203125
0 0.2328125 0.7875 0.0125 0.01875
0 0.22890625 1.0375 0.0609375 0.05625
0 0.15 0.9421875 0.025 0.03125
0 0.28671875 0.88828125 0.0296875 0.0328125
0 0.26171875 0.87734375 0.0203125 0.0234375
0 0.2375 0.85859375 0.021875 0.0234375
0 0.3515625 0.88203125 0.028125 0.0390625
0 0.3953125 0.8640625 0.028125 0.040625
0 0.425 0.88203125 0.03125 0.0390625
0 0.4625 0.890625 0.0375 0.05
0 0.2859375 0.80234375 0.0125 0.0171875
0 0.26015625 0.7796875 0.0109375 0.01875
0 0.3515625 0.828125 0.01875 0.021875
0 0.36015625 0.74609375 0.0171875 0.0171875
0 0.41796875 0.6625 0.0265625 0.034375
0 0.51953125 0.6796875 0.0265625 0.034375
0 0.57734375 0.63828125 0.0203125 0.0234375
0 0.56328125 0.65 0.0140625 0.01875
0 0.5984375 0.75390625 0.03125 0.0359375
0 0.590625 0.79765625 0.034375 0.0421875
0 0.66328125 0.790625 0.0265625 0.046875
0 0.70859375 0.740625 0.0203125 0.025
0 0.70859375 0.71171875 0.0203125 0.0265625
0 0.7453125 0.71171875 0.025 0.0296875
0 0.75390625 0.75546875 0.0390625 0.0390625
0 0.709375 0.94765625 0.075 0.0921875
0 0.84453125 0.74609375 0.0390625 0.0421875
0 0.965625 0.88359375 0.075 0.0828125
0 0.92109375 0.815625 0.0484375 0.0625
0 0.96953125 0.73984375 0.0359375 0.0546875
0 0.87421875 0.67734375 0.0203125 0.0296875
0 0.84921875 0.6984375 0.0328125 0.034375
0 1.1171875 0.7234375 0.05625 0.0625
0 1.27421875 0.903125 0.1265625 0.1125
0 1.35390625 0.68046875 0.0609375 0.0765625
0 1.48203125 0.603125 0.0359375 0.05
0 1.49921875 0.540625 0.0421875 0.05625
0 1.421875 0.33203125 0.0375 0.0359375
0 1.1734375 0.675 0.03125 0.046875
0 1.05234375 0.5609375 0.0203125 0.01875
0 0.921875 0.584375 0.025 0.03125
0 0.7734375 0.82578125 0.040625 0.0515625
0 1.53828125 0.60078125 0.0640625 0.0703125
0 1.5390625 0.5140625 0.040625 0.046875
0 0.97734375 0.64296875 0.0265625 0.0328125
0 0.90078125 0.671875 0.0296875 0.034375
0 0.93046875 0.70390625 0.0296875 0.0390625
0 0.27734375 0.8296875 0.0140625 0.01875
