0 0.22109375 0.5046875 0.0765625 0.103125
0 0.3171875 0.5578125 0.05 0.06875
0 0.19140625 0.72109375 0.0828125 0.1015625
0 0.225 0.815625 0.084375 0.10625
0 0.2125 0.88203125 0.05625 0.0796875
0 0.33125 0.8796875 0.075 0.121875
0 0.51484375 0.7265625 0.0703125 0.08125
0 0.35859375 0.63984375 0.0484375 0.1078125
0 0.46796875 0.571875 0.0796875 0.0875
0 0.48125 0.2921875 0.059375 0.0625
0 0.57890625 0.61640625 0.0640625 0.0796875
0 0.62421875 0.77109375 0.0859375 0.1109375
0 0.74765625 0.81640625 0.0984375 0.1359375
0 0.82421875 0.6390625 0.0796875 0.109375
0 0.88203125 0.72578125 0.0671875 0.0828125
0 0.93046875 0.62890625 0.0796875 0.1296875
0 0.96640625 0.684375 0.0796875 0.121875
0 1.09140625 0.76171875 0.0890625 0.1171875
0 1.13359375 0.328125 0.0734375 0.08125
0 1.04921875 0.52265625 0.0734375 0.0828125
0 1.16640625 0.52734375 0.0953125 0.1390625
0 1.2453125 0.63125 0.078125 0.125
0 1.5828125 0.2578125 0.034375 0.11875
0 1.44296875 0.3125 0.0828125 0.103125
0 1.53125 0.66640625 0.0875 0.1109375
0 1.50234375 0.7046875 0.0578125 0.103125
0 1.5578125 0.95 0.078125 0.115625
0 1.32421875 0.9390625 0.0859375 0.134375
0 1.36953125 0.65 0.0828125 0.125
0 0.4328125 0.8609375 0.05 0.10625
0 0.48984375 0.1359375 0.0515625 0.059375
0 0.6890625 0.68203125 0.05625 0.0796875
0 0.23671875 0.99921875 0.0453125 0.0640625
0 1.0125 0.890625 0.05625 0.0875
