0 0.18984375 0.0578125 0.0359375 0.0375
0 0.16796875 0.19921875 0.1296875 0.2046875
0 0.26953125 0.22890625 0.0453125 0.0640625
0 0.3921875 0.13671875 0.04375 0.0578125
0 0.296875 0.1921875 0.040625 0.053125
0 0.30625 0.33359375 0.04375 0.0515625
0 0.50625 0.3234375 0.053125 0.0625
0 0.50390625 0.28828125 0.1359375 0.1703125
0 0.684375 0.3125 0.05625 0.06875
0 0.2296875 0.334375 0.046875 0.05
0 0.1890625 0.43828125 0.053125 0.0703125
0 0.21015625 0.39609375 0.0390625 0.0390625
0 0.13203125 0.509375 0.0609375 0.075
0 0.4140625 0.3953125 0.034375 0.04375
0 0.46796875 0.4921875 0.0453125 0.065625
0 0.2953125 0.52421875 0.05625 0.0703125
0 0.359375 0.58125 0.0625 0.075
0 0.084375 0.584375 0.05625 0.06875
0 0.42578125 0.68125 0.0671875 0.071875
0 0.1359375 0.709375 0.0625 0.071875
0 0.0375 0.90859375 0.059375 0.0890625
0 0.05078125 0.98359375 0.0703125 0.0984375
0 1.24453125 0.27109375 0.0421875 0.0671875
0 1.3625 0.18984375 0.04375 0.0546875
0 0.6234375 0.14765625 0.03125 0.0390625
0 0.7765625 0.07578125 0.04375 0.0484375
0 0.70625 0.15859375 0.0375 0.0546875
0 0.4515625 1.046875 0.065625 0.040625
0 0.68125 0.43046875 0.053125 0.0703125
0 0.8890625 0.52890625 0.05 0.0578125
0 0.959375 0.45625 0.0375 0.0625
0 0.96015625 0.3859375 0.0546875 0.065625
0 1.13828125 0.5296875 0.0453125 0.05625
0 0.72578125 0.109375 0.0296875 0.03125
0 0.96484375 0.06484375 0.0421875 0.0453125
0 1.05078125 0.278125 0.0515625 0.06875
0 1.01875 0.209375 0.046875 0.059375
0 0.8734375 0.609375 0.0625 0.071875
0 0.95703125 0.6796875 0.0609375 0.084375
0 1.10546875 0.59296875 0.0609375 0.0796875
0 1.20078125 0.67734375 0.0609375 0.0796875
0 1.19609375 0.87890625 0.0734375 0.0890625
0 1.51953125 0.23125 0.0515625 0.06875
0 1.46953125 0.39140625 0.0640625 0.0859375
0 1.45546875 0.64375 0.0703125 0.08125
0 1.37734375 0.41640625 0.0515625 0.0765625
0 1.175 0.36171875 0.059375 0.0640625
0 1.58828125 0.415625 0.0234375 0.075
0 1.096875 0.03359375 0.034375 0.0328125
0 1.1265625 0.065625 0.04375 0.04375
0 1.21796875 0.090625 0.0328125 0.05
0 0.2515625 1.0265625 0.084375 0.08125
0 1.584375 0.76953125 0.03125 0.0953125
0 0.57890625 0.44609375 0.0609375 0.0640625
0 0.62109375 0.52734375 0.0515625 0.0578125
0 1.26875 0.053125 0.065625 0.10625
0 0.67734375 0.675 0.0609375 0.0875
0 0.88671875 0.815625 0.0703125 0.084375
0 1.16796875 0.171875 0.0546875 0.05625
0 1.1140625 0.2546875 0.0375 0.046875
0 1.0828125 0.12578125 0.04375 0.0609375
0 0.88515625 0.1234375 0.0484375 0.053125
0 0.81484375 0.2328125 0.0484375 0.05625
0 0.746875 0.2328125 0.04375 0.05625
0 0.8578125 0.321875 0.053125 0.075
0 0.66953125 0.30859375 0.0453125 0.0640625
0 1.3484375 0.4078125 0.05625 0.071875
0 1.3984375 0.37421875 0.05 0.0640625
0 1.56796875 0.37890625 0.0484375 0.0640625
0 0.61796875 0.61640625 0.0609375 0.0765625
0 1.23984375 0.8609375 0.0734375 0.09375
0 0.0203125 0.51640625 0.040625 0.0546875
0 1.44140625 0.08203125 0.0484375 0.0640625
0 1.534375 0.11640625 0.0375 0.0484375
0 0.6546875 0.10859375 0.0375 0.0453125
0 0.528125 0.9515625 0.059375 0.1
