0 0.91015625 0.625 0.0484375 0.0625
0 0.55703125 0.31953125 0.0234375 0.0359375
0 0.59921875 0.378125 0.0296875 0.0375
0 0.65546875 0.46875 0.0328125 0.04375
0 0.6078125 0.5703125 0.040625 0.053125
0 0.7 0.5578125 0.0375 0.053125
0 0.7796875 0.64921875 0.0375 0.0609375
0 0.80625 0.54453125 0.034375 0.0546875
0 0.53046875 0.315625 0.0265625 0.034375
0 1.01171875 0.421875 0.0328125 0.040625
0 1.0796875 0.41640625 0.034375 0.0390625
0 1.00390625 0.31640625 0.0203125 0.0296875
0 0.9171875 0.23828125 0.01875 0.0265625
0 1.07109375 0.375 0.0234375 0.028125
0 0.8046875 0.40546875 0.021875 0.0234375
0 0.015625 0.76015625 0.03125 0.0796875
0 0.1296875 0.7375 0.065625 0.071875
0 0.3953125 0.8828125 0.053125 0.0875
0 0.54140625 0.84765625 0.0671875 0.0796875
0 0.73828125 0.81953125 0.0515625 0.0796875
0 0.915625 0.809375 0.04375 0.059375
0 0.2765625 0.25625 0.025 0.034375
0 0.36328125 0.271875 0.0265625 0.03125
0 0.98046875 0.22578125 0.0171875 0.0328125
0 1.0546875 0.26171875 0.021875 0.0296875
0 1.121875 0.3234375 0.01875 0.028125
0 1.1421875 0.38671875 0.021875 0.0328125
0 1.19140625 0.42421875 0.0296875 0.0421875
0 1.19140625 0.32421875 0.0203125 0.0359375
0 1.228125 0.3703125 0.025 0.034375
0 1.25390625 0.42109375 0.0328125 0.0359375
0 1.29375 0.3578125 0.021875 0.03125
0 1.26328125 0.321875 0.0234375 0.03125
0 1.103125 0.23359375 0.021875 0.0234375
0 1.1640625 0.23828125 0.01875 0.0234375
0 1.1984375 0.26328125 0.01875 0.0234375
0 1.2328125 0.23671875 0.01875 0.0265625
0 0.36953125 0.55546875 0.0421875 0.0578125
0 0.38515625 0.46328125 0.0390625 0.0453125
0 0.3875 0.3328125 0.03125 0.0375
0 0.765625 0.3828125 0.028125 0.03125
0 0.7921875 0.27421875 0.021875 0.0328125
0 0.85703125 0.3109375 0.0265625 0.028125
0 0.8578125 0.2375 0.021875 0.03125
0 0.92578125 0.4171875 0.0296875 0.040625
0 0.90078125 0.54296875 0.0390625 0.0453125
0 0.4390625 0.26328125 0.025 0.0265625
0 0.51171875 0.2640625 0.0265625 0.034375
0 0.54453125 0.23203125 0.0234375 0.0328125
0 0.60703125 0.26484375 0.0265625 0.0328125
0 0.634375 0.31640625 0.028125 0.0390625
0 0.69765625 0.325 0.0234375 0.034375
0 0.7 0.26875 0.025 0.034375
0 0.13203125 0.36640625 0.0390625 0.0421875
0 0.12734375 0.58515625 0.0546875 0.0703125
0 0.77421875 0.22890625 0.0234375 0.0296875
0 0.42421875 0.378125 0.0296875 0.04375
0 0.52734375 0.54296875 0.0453125 0.0578125
0 0.490625 0.4578125 0.034375 0.04375
0 0.5640625 0.4734375 0.034375 0.04375
0 0.21796875 0.309375 0.0328125 0.0375
0 0.11484375 0.271875 0.0328125 0.0375
0 0.09609375 0.303125 0.0359375 0.04375
0 0.19140625 0.165625 0.0265625 0.0375
0 0.234375 0.225 0.021875 0.0375
0 0.31796875 0.225 0.0234375 0.03125
0 0.0171875 0.371875 0.034375 0.04375
0 0.08046875 0.44453125 0.0453125 0.0546875
0 0.28828125 0.4765625 0.0359375 0.046875
0 0.5234375 0.3890625 0.025 0.0375
0 0.37265625 0.41328125 0.0265625 0.0265625
0 0.74609375 0.4390625 0.0328125 0.040625
0 0.98671875 0.64765625 0.0421875 0.0515625
0 0.99140625 0.83203125 0.0453125 0.0453125
0 1.1296875 0.63203125 0.040625 0.0484375
0 1.13515625 0.75859375 0.0515625 0.0734375
0 1.21875 0.9390625 0.065625 0.071875
0 1.21953125 0.75234375 0.0453125 0.0515625
0 1.175 0.809375 0.04375 0.040625
0 1.29453125 0.58203125 0.0421875 0.0484375
0 1.31015625 0.7296875 0.0453125 0.053125
0 1.5234375 0.859375 0.053125 0.06875
0 1.365625 0.60703125 0.040625 0.0421875
0 1.46484375 0.57890625 0.0453125 0.0515625
0 1.56015625 0.5765625 0.0421875 0.05
0 1.37734375 0.253125 0.0234375 0.028125
0 1.39375 0.30234375 0.028125 0.0328125
0 1.32734375 0.32109375 0.0203125 0.0265625
0 1.36328125 0.35703125 0.0265625 0.0359375
0 1.42578125 0.35390625 0.0265625 0.0328125
0 1.53671875 0.396875 0.0265625 0.0375
0 0.621875 0.23359375 0.025 0.0265625
0 1.14921875 0.52578125 0.0328125 0.0390625
0 1.21640625 0.51328125 0.0359375 0.0453125
0 1.3046875 0.51484375 0.034375 0.0421875
0 1.4 0.49765625 0.034375 0.0453125
0 1.57109375 0.490625 0.0421875 0.046875
0 0.184375 0.2640625 0.028125 0.034375
