0 0.09609375 0.628125 0.0421875 0.040625
0 0.1921875 0.70625 0.025 0.028125
0 0.29140625 0.721875 0.0203125 0.025
0 0.39921875 0.63046875 0.0421875 0.0453125
0 0.5125 0.64296875 0.03125 0.0359375
0 0.68828125 0.7 0.0171875 0.021875
0 0.8625 0.65625 0.028125 0.034375
0 1.01484375 0.678125 0.0203125 0.03125
0 1.090625 0.65625 0.03125 0.03125
0 1.2875 0.6609375 0.021875 0.028125
0 1.23984375 0.7296875 0.0078125 0.009375
0 0.07578125 0.5421875 0.0109375 0.0125
0 0.13125 0.51875 0.00625 0.009375
0 1.57109375 0.709375 0.0109375 0.0125
0 0.2671875 0.5984375 0.009375 0.0125
0 0.4515625 0.603125 0.009375 0.0125
0 0.46796875 0.5953125 0.0078125 0.009375
0 0.48515625 0.58671875 0.0078125 0.0109375
0 0.540625 0.6015625 0.00625 0.009375
0 0.7671875 0.61484375 0.009375 0.0109375
0 0.82265625 0.60625 0.0078125 0.009375
0 0.84921875 0.61640625 0.0078125 0.0109375
0 0.87109375 0.56640625 0.0078125 0.0078125
0 0.8828125 0.59140625 0.00625 0.0078125
0 0.884375 0.5765625 0.00625 0.00625
0 0.95390625 0.55859375 0.0046875 0.0046875
0 0.95625 0.6203125 0.00625 0.009375
0 0.9890625 0.61953125 0.00625 0.0078125
0 1.00546875 0.621875 0.0078125 0.009375
0 1.14453125 0.6296875 0.0078125 0.00625
0 1.103125 0.5953125 0.00625 0.00625
0 1.11328125 0.57890625 0.0046875 0.0046875
0 1.165625 0.58125 0.00625 0.00625
0 1.14375 0.58125 0.00625 0.00625
0 1.271875 0.61484375 0.00625 0.0078125
0 1.1296875 0.60390625 0.00625 0.0046875
0 1.52578125 0.5953125 0.0046875 0.00625
