0 0.17421875 0.19453125 0.0703125 0.0796875
0 0.446875 0.24375 0.06875 0.0875
0 0.10234375 0.484375 0.0953125 0.1
0 0.35 0.51171875 0.096875 0.1171875
0 0.4953125 0.6296875 0.0625 0.08125
0 0.60703125 0.68359375 0.0765625 0.1078125
0 0.80078125 0.66796875 0.0765625 0.0984375
0 0.89296875 0.63984375 0.0703125 0.0859375
0 1.36875 0.19765625 0.08125 0.0703125
0 1.371875 0.56796875 0.1 0.1359375
0 1.27578125 0.60703125 0.0578125 0.0890625
0 1.1890625 0.61015625 0.075 0.1078125
0 1.04140625 0.58046875 0.0796875 0.0984375
0 0.1 0.4921875 0.090625 0.115625
