0 0.16875 0.35390625 0.1125 0.1453125
0 0.33828125 0.35859375 0.0921875 0.1078125
0 0.384375 0.25703125 0.028125 0.0390625
0 0.45625 0.28203125 0.046875 0.0453125
0 0.540625 0.30390625 0.09375 0.0984375
0 0.678125 0.26640625 0.084375 0.0984375
0 0.7796875 0.27421875 0.075 0.0921875
0 0.83671875 0.25859375 0.0828125 0.1015625
0 1.03125 0.29296875 0.075 0.0890625
0 1.10234375 0.2328125 0.0546875 0.05625
0 1.13203125 0.3078125 0.0828125 0.096875
0 1.25390625 0.38359375 0.0890625 0.1015625
0 1.40859375 0.25234375 0.0859375 0.1015625
0 1.28828125 0.27578125 0.0515625 0.0640625
0 1.5 0.2984375 0.04375 0.03125
