0 0.15 0.328125 0.028125 0.034375
0 0.34921875 0.30234375 0.0203125 0.0265625
0 0.4609375 0.34140625 0.015625 0.0359375
0 0.20703125 0.51640625 0.0578125 0.0578125
0 0.2984375 0.459375 0.046875 0.059375
0 0.37734375 0.43125 0.0421875 0.053125
0 0.4859375 0.4796875 0.04375 0.046875
0 0.55078125 0.38828125 0.0390625 0.0578125
0 0.4484375 0.6703125 0.046875 0.05625
0 0.60390625 0.6828125 0.0515625 0.0625
0 0.65703125 0.4046875 0.0390625 0.04375
0 0.63828125 0.5 0.0390625 0.040625
0 0.73515625 0.6578125 0.0453125 0.05
0 0.709375 0.47578125 0.034375 0.0453125
0 0.7515625 0.42890625 0.0375 0.0421875
0 0.9203125 0.428125 0.0375 0.046875
0 1.034375 0.43671875 0.04375 0.0515625
0 1.1484375 0.43984375 0.05 0.0546875
0 1.225 0.5671875 0.04375 0.046875
0 0.840625 0.3734375 0.040625 0.053125
0 1.31015625 0.44375 0.0578125 0.0625
0 1.4609375 0.503125 0.05625 0.06875
0 1.01875 0.2734375 0.009375 0.009375
0 0.42421875 0.23046875 0.0078125 0.0109375
0 1.040625 0.26875 0.009375 0.009375
