0 0.59765625 0.3234375 0.0515625 0.08125
0 1.321875 0.04453125 0.046875 0.0609375
0 0.94609375 0.403125 0.0578125 0.08125
0 0.953125 0.10625 0.040625 0.05625
0 0.99921875 0.1921875 0.0546875 0.059375
0 1.07578125 0.19765625 0.0546875 0.0609375
0 1.12890625 0.47890625 0.0546875 0.0609375
0 1.178125 0.38359375 0.04375 0.0546875
0 1.17578125 0.62265625 0.0578125 0.0828125
0 1.26875 0.590625 0.0625 0.09375
0 1.2671875 0.49140625 0.053125 0.0796875
0 1.31875 0.24453125 0.053125 0.0671875
0 1.51953125 0.421875 0.0515625 0.078125
0 1.459375 0.1609375 0.046875 0.06875
0 1.53203125 0.10703125 0.0390625 0.0578125
0 1.43203125 0.0703125 0.0390625 0.05
0 0.7640625 0.46328125 0.05625 0.0765625
0 0.74609375 0.38203125 0.0515625 0.0453125
0 0.91015625 0.50703125 0.0578125 0.0734375
0 0.0171875 1.040625 0.034375 0.1125
0 0.221875 0.978125 0.078125 0.121875
0 0.5359375 1.040625 0.078125 0.1125
0 0.65859375 1.034375 0.1015625 0.14375
0 0.83359375 0.834375 0.0828125 0.121875
0 0.84140625 1.13828125 0.0703125 0.1265625
0 1.10078125 1.13203125 0.0828125 0.1234375
0 1.059375 0.81796875 0.084375 0.1328125
0 1.4984375 0.971875 0.078125 0.10625
0 1.0 0.62578125 0.053125 0.0703125
0 1.5140625 0.83515625 0.06875 0.1078125
0 0.4765625 0.53671875 0.059375 0.1046875
0 0.825 0.69765625 0.071875 0.0953125
0 1.1203125 0.54453125 0.05625 0.0734375
0 0.7984375 0.1953125 0.05625 0.071875
0 1.37578125 0.55703125 0.0515625 0.0796875
0 1.4421875 0.66875 0.0625 0.071875
0 1.58203125 0.33671875 0.0359375 0.0703125
0 1.5828125 0.14296875 0.034375 0.0453125
0 0.284375 0.38125 0.0625 0.0875
0 0.13828125 0.02734375 0.0484375 0.0546875
0 0.28203125 0.0328125 0.0390625 0.05
0 0.27578125 0.19375 0.0484375 0.0625
0 0.36484375 0.06484375 0.0484375 0.0703125
0 0.45 0.30078125 0.05625 0.0765625
0 0.5234375 0.09765625 0.040625 0.0546875
0 0.03046875 0.22734375 0.0515625 0.0703125
0 0.12734375 0.4609375 0.0609375 0.06875
0 0.21171875 0.3375 0.0546875 0.0625
0 0.2453125 0.27109375 0.046875 0.0484375
0 0.02890625 0.7765625 0.0515625 0.109375
0 0.1609375 0.60390625 0.065625 0.1046875
0 0.2328125 0.734375 0.075 0.09375
0 0.5625 0.77890625 0.096875 0.1265625
0 0.6390625 0.6296875 0.06875 0.08125
0 0.68515625 0.76953125 0.0671875 0.0890625
0 0.6578125 0.84921875 0.05 0.0578125
0 0.41171875 0.0421875 0.0515625 0.059375
0 0.65546875 0.08046875 0.0390625 0.0703125
0 0.50390625 0.2859375 0.0359375 0.053125
0 0.64375 0.225 0.04375 0.053125
0 0.84296875 0.06328125 0.0421875 0.0515625
0 1.06796875 0.028125 0.0546875 0.05625
0 0.81875 0.0203125 0.046875 0.040625
0 0.146875 1.03984375 0.059375 0.0671875
