0 0.41875 0.25546875 0.06875 0.0921875
0 0.62109375 0.2875 0.0578125 0.090625
0 0.80234375 0.28359375 0.0640625 0.0828125
0 0.97890625 0.2875 0.0640625 0.08125
0 1.13125 0.25625 0.065625 0.0875
0 0.24375 0.48359375 0.06875 0.0890625
0 0.42578125 0.5125 0.0671875 0.09375
0 0.58125 0.546875 0.071875 0.09375
0 0.7765625 0.5453125 0.059375 0.090625
0 0.43359375 0.7296875 0.0671875 0.090625
0 0.696875 0.7140625 0.071875 0.0875
0 0.92890625 0.5328125 0.0671875 0.0875
0 1.09375 0.52890625 0.06875 0.0796875
0 1.2734375 0.5171875 0.065625 0.090625
0 1.20234375 0.7421875 0.0671875 0.084375
0 0.90859375 0.72109375 0.0765625 0.0921875
