0 0.32421875 0.2421875 0.0640625 0.08125
0 0.45546875 0.15546875 0.0328125 0.0546875
0 0.509375 0.153125 0.040625 0.059375
0 0.6828125 0.1515625 0.03125 0.046875
0 0.74375 0.2296875 0.034375 0.040625
0 0.80703125 0.44140625 0.0640625 0.0734375
0 0.74609375 0.484375 0.0515625 0.071875
0 0.99765625 0.4140625 0.0328125 0.05625
0 1.03046875 0.3984375 0.0390625 0.046875
0 1.16328125 0.34375 0.0296875 0.046875
0 1.459375 0.19765625 0.015625 0.0171875
0 1.5203125 0.19140625 0.003125 0.0046875
0 1.14609375 0.38984375 0.0265625 0.0390625
