0 0.03984375 0.12578125 0.0296875 0.0390625
0 0.06796875 0.17578125 0.0328125 0.0328125
0 0.09375 0.078125 0.0375 0.03125
0 0.1625 0.04609375 0.03125 0.0234375
0 0.234375 0.053125 0.021875 0.025
0 0.21015625 0.14296875 0.0265625 0.0296875
0 0.21640625 0.21796875 0.0359375 0.0421875
0 0.2453125 0.29140625 0.04375 0.0515625
0 0.32734375 0.0296875 0.0265625 0.025
0 0.3796875 0.05703125 0.028125 0.0296875
0 0.27890625 0.1859375 0.0328125 0.040625
0 0.2984375 0.2734375 0.040625 0.046875
0 0.3234375 0.328125 0.0375 0.04375
0 0.290625 0.42421875 0.05625 0.0546875
0 0.4015625 0.2671875 0.046875 0.059375
0 0.471875 0.26875 0.034375 0.040625
0 0.51796875 0.275 0.0421875 0.05625
0 0.51171875 0.35546875 0.0421875 0.0421875
0 0.56328125 0.29921875 0.0453125 0.0515625
0 0.60859375 0.23828125 0.0359375 0.0453125
0 0.690625 0.346875 0.040625 0.05
0 0.6703125 0.19765625 0.034375 0.0390625
0 0.58046875 0.19453125 0.0234375 0.0296875
0 0.71015625 0.22890625 0.0265625 0.0234375
0 0.16796875 0.1890625 0.0359375 0.040625
0 0.02265625 0.39296875 0.0453125 0.0671875
0 0.1203125 0.4234375 0.05 0.059375
0 0.0671875 0.3703125 0.025 0.046875
0 0.0140625 0.31640625 0.025 0.0328125
0 0.121875 0.32109375 0.034375 0.0515625
0 0.17578125 0.39765625 0.0421875 0.0484375
0 0.60078125 0.36875 0.0609375 0.053125
0 0.57890625 0.11640625 0.0359375 0.0421875
0 0.715625 0.04140625 0.01875 0.0328125
0 0.59609375 0.071875 0.0296875 0.046875
0 0.6515625 0.06796875 0.021875 0.0203125
0 0.82265625 0.090625 0.0265625 0.034375
0 0.79453125 0.1 0.0203125 0.028125
0 0.87578125 0.07734375 0.0203125 0.0234375
0 0.85703125 0.10625 0.0171875 0.025
0 1.02265625 0.16953125 0.0390625 0.0484375
0 1.1625 0.1421875 0.04375 0.04375
0 0.9890625 0.1015625 0.025 0.028125
0 1.1 0.065625 0.03125 0.034375
0 1.1515625 0.0375 0.01875 0.021875
0 0.7640625 0.18046875 0.034375 0.0328125
0 0.8265625 0.153125 0.0375 0.040625
0 0.91171875 0.1703125 0.0265625 0.034375
0 0.98984375 0.196875 0.0265625 0.03125
0 0.7984375 0.51640625 0.040625 0.0421875
0 0.97578125 0.28515625 0.0734375 0.0921875
0 1.07578125 0.27265625 0.0484375 0.0640625
0 1.234375 0.32421875 0.05625 0.0828125
0 1.2375 0.22578125 0.046875 0.0640625
0 1.31640625 0.1921875 0.0359375 0.05
0 1.40625 0.27890625 0.028125 0.0546875
0 1.0546875 0.0671875 0.025 0.025
0 1.0203125 0.12109375 0.028125 0.0265625
0 0.95546875 0.09609375 0.0171875 0.0234375
0 1.2265625 0.140625 0.040625 0.046875
0 1.415625 0.1375 0.040625 0.0375
0 1.3203125 0.15 0.03125 0.01875
0 1.45234375 0.16484375 0.0421875 0.0578125
0 1.4015625 0.09609375 0.034375 0.0421875
0 1.23203125 0.0625 0.0234375 0.03125
0 1.2828125 0.06875 0.028125 0.034375
0 1.39296875 0.05078125 0.0359375 0.0328125
0 1.46015625 0.2515625 0.0515625 0.065625
0 1.5609375 0.18046875 0.04375 0.0484375
0 1.5015625 0.16015625 0.0375 0.0484375
0 1.47734375 0.115625 0.0265625 0.03125
0 1.56328125 0.06640625 0.0421875 0.0453125
0 1.48359375 0.03984375 0.0265625 0.0328125
0 1.30234375 0.046875 0.0234375 0.028125
0 1.340625 0.01953125 0.021875 0.0171875
0 1.42734375 0.0125 0.0234375 0.025
0 1.25859375 0.03671875 0.0171875 0.0234375
0 1.2953125 0.01484375 0.021875 0.0203125
0 0.91875 0.14375 0.034375 0.034375
0 0.878125 0.13984375 0.034375 0.0390625
0 0.925 0.09921875 0.028125 0.0265625
0 0.89765625 0.09609375 0.0296875 0.0296875
0 1.15546875 0.246875 0.0453125 0.0625
