0 0.1328125 0.58984375 0.05 0.0734375
0 0.26640625 0.62734375 0.0578125 0.0859375
0 0.3625 0.57734375 0.0625 0.0828125
0 0.50859375 0.6328125 0.0609375 0.090625
0 0.60703125 0.66640625 0.0609375 0.0828125
0 0.71484375 0.653125 0.0515625 0.0875
0 0.8125 0.57578125 0.04375 0.0484375
0 0.87890625 0.5546875 0.0640625 0.08125
0 0.83359375 0.659375 0.0609375 0.06875
0 0.9046875 0.6578125 0.05625 0.05
0 1.06328125 0.62109375 0.0390625 0.0546875
0 1.19453125 0.65625 0.0640625 0.078125
0 1.265625 0.61328125 0.05625 0.0734375
