0 0.1625 0.05390625 0.034375 0.0546875
0 0.021875 0.11484375 0.034375 0.0546875
0 0.19296875 0.15546875 0.0265625 0.0515625
0 0.25546875 0.09765625 0.0328125 0.0390625
0 0.325 0.10234375 0.034375 0.0515625
0 0.27109375 0.06015625 0.0359375 0.0484375
0 0.2765625 0.15703125 0.034375 0.0484375
0 0.1953125 0.3625 0.04375 0.053125
0 0.34296875 0.34140625 0.0390625 0.0484375
0 0.4046875 0.38984375 0.046875 0.0640625
0 0.503125 0.296875 0.04375 0.05625
0 0.52109375 0.3796875 0.0390625 0.05625
0 0.3734375 0.25859375 0.04375 0.0609375
0 0.1015625 0.54921875 0.046875 0.0640625
0 0.1296875 0.42421875 0.040625 0.0546875
0 0.23828125 0.471875 0.0546875 0.0625
0 0.24453125 0.5734375 0.0578125 0.06875
0 0.290625 0.60234375 0.040625 0.0640625
0 0.521875 0.50390625 0.05 0.0640625
0 0.434375 0.58984375 0.0375 0.0703125
0 0.45625 0.68359375 0.046875 0.0640625
0 0.59375 0.69296875 0.05625 0.0703125
0 0.6203125 0.42421875 0.046875 0.0609375
0 0.7 0.33671875 0.040625 0.0578125
0 0.7671875 0.34609375 0.040625 0.0546875
0 0.0234375 0.86015625 0.028125 0.0671875
0 0.68671875 0.54296875 0.0453125 0.0546875
0 0.6875 0.6734375 0.05625 0.059375
0 0.1421875 0.915625 0.034375 0.053125
0 0.1046875 0.93125 0.04375 0.046875
0 0.95078125 0.7578125 0.0546875 0.075
0 0.6921875 0.60703125 0.0375 0.0453125
0 0.8703125 0.3796875 0.04375 0.053125
0 0.91796875 0.64296875 0.0328125 0.0609375
0 0.3859375 0.946875 0.028125 0.05625
0 0.4375 0.01484375 0.0375 0.0296875
0 0.59921875 0.134375 0.0296875 0.034375
0 0.61328125 0.10234375 0.0265625 0.0390625
0 0.63984375 0.01796875 0.0328125 0.0359375
0 0.73359375 0.04453125 0.0359375 0.0515625
0 0.77734375 0.0578125 0.0390625 0.0375
0 0.5359375 0.2421875 0.03125 0.040625
0 0.6125 0.24453125 0.034375 0.0484375
0 1.01015625 0.06328125 0.0390625 0.0265625
0 1.01640625 0.11015625 0.0296875 0.0390625
0 1.12890625 0.05546875 0.0421875 0.0421875
0 1.15234375 0.1640625 0.0296875 0.04375
0 1.225 0.15234375 0.040625 0.0453125
0 1.31796875 0.09140625 0.0421875 0.0484375
0 1.49765625 0.10546875 0.0359375 0.0453125
0 1.45078125 0.1796875 0.0359375 0.04375
0 1.25859375 0.203125 0.0328125 0.0375
0 1.20390625 0.209375 0.0359375 0.046875
0 1.00078125 0.359375 0.0453125 0.05
0 1.42578125 0.3453125 0.0421875 0.05625
0 1.09375 0.3796875 0.034375 0.065625
0 1.17734375 0.39609375 0.0390625 0.0609375
0 1.36953125 0.07265625 0.0296875 0.0421875
0 1.26953125 0.32109375 0.0171875 0.0484375
0 1.4765625 0.06875 0.034375 0.04375
0 1.32734375 0.01953125 0.0265625 0.0359375
0 1.571875 0.2015625 0.034375 0.046875
0 1.578125 0.40546875 0.040625 0.0484375
0 1.209375 0.428125 0.04375 0.05625
0 1.053125 0.4765625 0.046875 0.059375
0 1.05234375 0.63671875 0.0453125 0.0359375
0 1.0125 0.60859375 0.040625 0.0671875
0 1.2078125 0.5109375 0.0375 0.06875
0 1.2828125 0.625 0.05625 0.0625
0 1.1921875 0.65703125 0.053125 0.0640625
0 1.3765625 0.4796875 0.046875 0.05625
0 1.48203125 0.4890625 0.0453125 0.05
0 1.459375 0.553125 0.05 0.065625
0 1.49765625 0.56875 0.0421875 0.053125
0 1.50234375 0.446875 0.0359375 0.046875
0 0.84609375 0.19140625 0.0296875 0.0453125
0 0.85703125 0.6765625 0.0546875 0.059375
0 1.025 0.69609375 0.01875 0.0421875
0 1.084375 0.7046875 0.053125 0.046875
0 1.24296875 0.746875 0.0390625 0.0625
0 1.28125 0.7578125 0.0375 0.059375
0 1.515625 0.715625 0.05625 0.071875
0 1.48671875 0.8296875 0.0390625 0.059375
0 1.5765625 0.5671875 0.04375 0.053125
0 1.3375 0.81328125 0.040625 0.0671875
0 1.37734375 0.7109375 0.0453125 0.065625
0 1.14765625 0.57890625 0.0328125 0.0578125
0 0.5875 0.39921875 0.0375 0.0421875
0 0.328125 0.84765625 0.021875 0.0609375
0 0.43671875 0.85 0.0203125 0.04375
0 1.01875 0.18203125 0.028125 0.0515625
0 0.01015625 0.353125 0.0203125 0.0625
