0 0.09140625 0.3609375 0.0171875 0.075
0 0.0265625 0.734375 0.053125 0.09375
0 0.14140625 0.7140625 0.0796875 0.109375
0 0.365625 0.66484375 0.0875 0.1234375
0 0.06171875 0.63671875 0.0609375 0.0578125
0 0.09375 0.58671875 0.025 0.0421875
0 0.075 0.5515625 0.04375 0.040625
0 0.1984375 0.603125 0.034375 0.04375
0 0.228125 0.575 0.034375 0.03125
0 0.1375 0.56875 0.025 0.034375
0 0.18125 0.51328125 0.021875 0.0265625
0 0.27734375 0.55234375 0.0265625 0.0359375
0 0.2640625 0.6484375 0.025 0.05
0 0.4859375 0.5671875 0.053125 0.0625
0 0.7015625 0.69375 0.065625 0.1
0 0.66328125 0.55234375 0.0265625 0.0390625
0 0.546875 0.5890625 0.034375 0.04375
0 0.80859375 0.5375 0.0234375 0.0375
0 0.71015625 0.53984375 0.0265625 0.0296875
0 0.41484375 0.51796875 0.0109375 0.0140625
0 0.39921875 0.52109375 0.0078125 0.0140625
0 0.346875 0.55625 0.021875 0.021875
0 0.36875 0.5375 0.015625 0.015625
0 0.29609375 0.53046875 0.0171875 0.0203125
0 0.3203125 0.5203125 0.009375 0.01875
0 0.33828125 0.52734375 0.0140625 0.0140625
0 0.35546875 0.5203125 0.0140625 0.015625
0 0.35546875 0.5125 0.0109375 0.0125
0 1.31640625 0.6078125 0.0671875 0.090625
0 1.2234375 0.615625 0.053125 0.0625
0 1.4859375 0.5625 0.053125 0.05625
0 1.575 0.5609375 0.034375 0.04375
0 1.56484375 0.50390625 0.0296875 0.0296875
0 1.50859375 0.521875 0.0265625 0.03125
0 1.459375 0.4984375 0.025 0.03125
0 1.4109375 0.5125 0.021875 0.028125
0 1.43125 0.546875 0.028125 0.0375
0 1.24375 0.50703125 0.021875 0.0234375
0 1.19140625 0.55390625 0.0171875 0.0234375
0 1.21171875 0.53203125 0.0203125 0.0203125
0 1.02265625 0.51328125 0.0390625 0.0390625
0 1.1140625 0.4484375 0.03125 0.0375
0 0.90703125 0.56796875 0.0265625 0.0453125
0 0.91875 0.52109375 0.01875 0.0234375
0 1.10703125 0.66796875 0.0140625 0.0234375
0 0.85078125 0.5234375 0.0109375 0.01875
0 0.821875 0.19609375 0.034375 0.0296875
0 1.56328125 0.35625 0.0140625 0.0125
0 1.06953125 0.16328125 0.0171875 0.0140625
0 1.36171875 0.3890625 0.0109375 0.0125
0 0.234375 0.4 0.00625 0.0125
0 0.23359375 0.3703125 0.0046875 0.009375
0 0.2296875 0.36015625 0.00625 0.0078125
0 0.23515625 0.38515625 0.0046875 0.0078125
0 0.2296875 0.3859375 0.00625 0.009375
0 1.471875 0.54765625 0.03125 0.0421875
0 1.440625 0.50234375 0.0125 0.0203125
