0 0.25546875 0.67890625 0.0109375 0.0140625
0 0.16171875 0.8390625 0.0546875 0.08125
0 0.49375 0.67890625 0.015625 0.0203125
0 0.3515625 0.6703125 0.009375 0.009375
0 0.31171875 0.6765625 0.0078125 0.009375
0 0.2953125 0.7078125 0.015625 0.015625
0 0.32890625 0.7125 0.0203125 0.021875
0 0.1359375 0.6765625 0.009375 0.0125
0 0.33515625 0.6703125 0.0078125 0.009375
0 1.37109375 0.403125 0.1390625 0.146875
0 0.94921875 0.39765625 0.1765625 0.1890625
0 0.4640625 0.94140625 0.065625 0.0578125
0 0.4796875 0.809375 0.06875 0.075
0 0.64921875 0.73359375 0.0484375 0.0578125
0 0.6796875 0.74453125 0.03125 0.0421875
0 0.696875 0.70703125 0.028125 0.0359375
0 0.703125 0.64453125 0.021875 0.0265625
0 0.66015625 0.66875 0.0234375 0.028125
0 0.640625 0.65390625 0.01875 0.0171875
0 0.5796875 0.75078125 0.03125 0.0421875
0 0.61171875 0.72890625 0.0265625 0.0265625
0 0.50625 0.7453125 0.0375 0.046875
0 0.534375 0.7203125 0.025 0.028125
0 0.51015625 0.71171875 0.0234375 0.0265625
0 0.54453125 0.6609375 0.0140625 0.015625
0 0.43203125 0.740625 0.0390625 0.053125
0 0.471875 0.69921875 0.021875 0.0234375
0 0.48984375 0.65390625 0.0140625 0.0171875
0 0.51953125 0.65390625 0.0109375 0.0140625
0 0.4578125 0.6609375 0.015625 0.015625
0 0.43359375 0.7 0.0140625 0.015625
0 0.41328125 0.703125 0.0203125 0.015625
0 0.42890625 0.84609375 0.0265625 0.0359375
0 0.16640625 0.91015625 0.0703125 0.0890625
0 0.30234375 0.8328125 0.0453125 0.04375
0 0.3140625 0.77265625 0.03125 0.0390625
0 0.34453125 0.74375 0.0359375 0.034375
0 0.3125 0.74140625 0.0375 0.0390625
0 0.27734375 0.7625 0.0546875 0.053125
0 0.3921875 0.7109375 0.021875 0.01875
0 0.40390625 0.73125 0.0171875 0.028125
0 0.37578125 0.71015625 0.0203125 0.0203125
0 0.3578125 0.71171875 0.021875 0.0203125
0 0.36640625 0.68984375 0.0140625 0.0171875
0 0.3890625 0.69453125 0.0125 0.0140625
0 0.08828125 0.82109375 0.0484375 0.0546875
0 0.0484375 0.6359375 0.0375 0.04375
0 0.20546875 0.81328125 0.0578125 0.0609375
0 0.20078125 0.74609375 0.0421875 0.0359375
0 0.21953125 0.7375 0.0296875 0.03125
0 0.2359375 0.72890625 0.025 0.0296875
0 0.2640625 0.721875 0.03125 0.034375
0 0.16171875 0.74921875 0.0234375 0.0265625
0 0.12578125 0.74296875 0.0265625 0.0265625
0 0.14765625 0.7296875 0.0203125 0.021875
0 0.1265625 0.72109375 0.015625 0.0171875
0 0.15546875 0.71875 0.0203125 0.015625
0 0.17421875 0.71484375 0.0140625 0.0171875
0 0.2015625 0.67578125 0.0125 0.0171875
0 0.290625 0.6703125 0.009375 0.0125
