0 0.071875 0.13125 0.034375 0.0375
0 0.03203125 0.07890625 0.0390625 0.0578125
0 0.17109375 0.0921875 0.0171875 0.021875
0 0.159375 0.07578125 0.015625 0.0140625
0 0.11015625 0.028125 0.0203125 0.034375
0 0.1203125 0.0546875 0.015625 0.025
0 0.29140625 0.08125 0.0140625 0.015625
0 0.31640625 0.0875 0.0078125 0.0125
0 0.25625 0.1015625 0.01875 0.021875
0 0.496875 0.09609375 0.009375 0.0140625
0 0.5140625 0.1453125 0.009375 0.0125
0 0.5828125 0.065625 0.01875 0.021875
0 0.68671875 0.04375 0.0203125 0.025
0 0.05234375 0.05390625 0.0171875 0.0296875
0 0.75234375 0.1203125 0.0109375 0.009375
0 0.76875 0.11640625 0.009375 0.0109375
0 0.78515625 0.1203125 0.0078125 0.0125
0 0.92421875 0.09765625 0.0078125 0.0109375
0 0.94765625 0.10078125 0.0109375 0.0140625
0 1.1109375 0.1453125 0.00625 0.009375
0 1.11484375 0.12734375 0.0078125 0.0078125
0 1.128125 0.1 0.009375 0.0125
0 1.14296875 0.09140625 0.0109375 0.0140625
0 1.54765625 0.17421875 0.0640625 0.0640625
0 1.55703125 0.0609375 0.0171875 0.021875
0 1.49140625 0.06328125 0.0171875 0.0203125
0 1.40234375 0.1859375 0.0234375 0.034375
0 1.35390625 0.16640625 0.0171875 0.0203125
0 1.378125 0.1484375 0.028125 0.01875
0 1.4625 0.10234375 0.009375 0.0109375
0 1.42734375 0.08828125 0.0140625 0.0171875
0 1.26015625 0.109375 0.0078125 0.009375
0 1.27578125 0.1046875 0.0109375 0.0125
0 1.3390625 0.1484375 0.015625 0.021875
0 1.52109375 0.12890625 0.0171875 0.0234375
