0 0.19140625 0.53046875 0.0390625 0.0484375
0 0.303125 0.5296875 0.040625 0.04375
0 0.4390625 0.5265625 0.040625 0.046875
0 0.53515625 0.5140625 0.0453125 0.053125
0 0.93671875 0.41484375 0.0609375 0.0734375
0 0.66484375 0.5421875 0.0609375 0.078125
0 0.9890625 0.553125 0.053125 0.071875
0 1.0890625 0.46328125 0.071875 0.0765625
0 0.01796875 0.80703125 0.0328125 0.0453125
0 0.14765625 0.80625 0.0390625 0.053125
0 1.19765625 0.80234375 0.0359375 0.0515625
0 0.1140625 0.2453125 0.04375 0.05
0 0.05859375 0.265625 0.0296875 0.034375
0 0.1765625 0.28515625 0.034375 0.0421875
0 0.01328125 0.240625 0.0265625 0.0375
0 0.0609375 0.2015625 0.025 0.028125
0 0.14140625 0.2265625 0.0265625 0.034375
0 0.29609375 0.25390625 0.0453125 0.0578125
0 0.34453125 0.21171875 0.0296875 0.0296875
0 0.38515625 0.25625 0.0328125 0.0375
0 0.4796875 0.2953125 0.04375 0.040625
0 0.53984375 0.325 0.0328125 0.034375
0 0.58984375 0.3 0.0453125 0.040625
0 0.5265625 0.2359375 0.03125 0.034375
0 0.440625 0.24375 0.025 0.025
0 0.38125 0.21875 0.021875 0.021875
0 0.40390625 0.225 0.0203125 0.021875
0 0.43984375 0.3078125 0.0296875 0.03125
0 0.5515625 0.23203125 0.01875 0.0265625
0 0.446875 0.175 0.021875 0.025
0 0.51875 0.1734375 0.021875 0.025
0 0.5890625 0.1828125 0.025 0.021875
0 0.4796875 0.12265625 0.021875 0.0234375
0 0.3890625 0.11796875 0.01875 0.0234375
0 0.24296875 0.0953125 0.0296875 0.040625
0 0.14140625 0.1703125 0.0265625 0.021875
0 0.084375 0.13671875 0.021875 0.0234375
0 0.16328125 0.1359375 0.0140625 0.01875
0 0.171875 0.11328125 0.015625 0.0203125
0 0.13984375 0.12734375 0.0171875 0.0171875
0 0.1015625 0.1359375 0.01875 0.01875
0 0.1140625 0.0671875 0.009375 0.0125
0 0.05390625 0.065625 0.0078125 0.009375
0 0.3453125 0.1078125 0.009375 0.0125
0 0.325 0.159375 0.01875 0.01875
0 0.3078125 0.12421875 0.0125 0.0140625
0 0.27265625 0.05625 0.0078125 0.009375
0 0.346875 0.06015625 0.009375 0.0109375
0 0.42109375 0.0921875 0.0109375 0.0125
0 0.37421875 0.0640625 0.0078125 0.009375
0 0.4671875 0.090625 0.009375 0.009375
0 0.5046875 0.11171875 0.009375 0.0109375
0 0.49453125 0.07109375 0.0078125 0.0109375
0 0.590625 0.05390625 0.009375 0.0109375
0 0.5671875 0.11875 0.01875 0.025
0 0.42265625 0.0671875 0.0078125 0.009375
0 0.4609375 0.059375 0.009375 0.009375
0 0.6984375 0.22734375 0.04375 0.0453125
0 0.67109375 0.20625 0.0328125 0.034375
0 0.7125 0.140625 0.015625 0.01875
0 0.62421875 0.24453125 0.0265625 0.0296875
0 0.6625 0.08125 0.015625 0.015625
0 0.6890625 0.175 0.015625 0.015625
0 0.61953125 0.05390625 0.0078125 0.0109375
0 0.6109375 0.140625 0.015625 0.01875
0 0.58828125 0.103125 0.0140625 0.0125
0 0.51796875 0.06328125 0.0109375 0.0140625
0 0.5453125 0.05703125 0.0125 0.0109375
0 0.453125 0.07578125 0.009375 0.0109375
0 0.37734375 0.0890625 0.0140625 0.009375
0 0.67109375 0.0359375 0.0109375 0.009375
0 0.6515625 0.0421875 0.009375 0.009375
0 0.72109375 0.06640625 0.0140625 0.0140625
0 0.6875 0.06171875 0.009375 0.0078125
0 0.67734375 0.11015625 0.0109375 0.0109375
0 0.55234375 0.04375 0.0078125 0.009375
0 0.5765625 0.04453125 0.00625 0.0078125
0 0.59375 0.0375 0.009375 0.009375
0 0.72265625 0.053125 0.0078125 0.009375
0 0.696875 0.08671875 0.0125 0.0140625
0 0.29453125 0.059375 0.0109375 0.0125
0 0.7296875 0.1125 0.015625 0.01875
0 0.70390625 0.0390625 0.0078125 0.009375
0 0.559375 0.08828125 0.009375 0.0109375
0 0.5203125 0.1125 0.009375 0.009375
0 0.6453125 0.06171875 0.009375 0.0109375
0 0.7484375 0.0359375 0.00625 0.009375
0 0.6421875 0.1453125 0.015625 0.021875
0 0.2609375 0.2421875 0.03125 0.04375
0 0.00859375 0.1234375 0.0171875 0.028125
0 1.28203125 0.475 0.0484375 0.05625
0 1.5171875 0.490625 0.084375 0.10625
0 1.425 0.46796875 0.046875 0.0578125
0 1.221875 0.24140625 0.046875 0.0515625
0 1.109375 0.2703125 0.040625 0.046875
0 1.17265625 0.2578125 0.0390625 0.034375
0 1.06796875 0.28515625 0.0328125 0.0328125
0 0.99140625 0.29609375 0.0453125 0.0453125
0 0.91953125 0.234375 0.0453125 0.046875
0 0.76796875 0.24375 0.0359375 0.046875
0 0.79140625 0.21796875 0.0359375 0.0359375
0 0.83671875 0.21796875 0.0359375 0.0421875
0 1.01171875 0.2671875 0.0359375 0.040625
0 1.07421875 0.21953125 0.0359375 0.0421875
0 1.0328125 0.20234375 0.025 0.0390625
0 1.303125 0.2125 0.04375 0.04375
0 1.3578125 0.23359375 0.046875 0.0484375
0 1.48515625 0.27421875 0.0359375 0.0421875
0 1.55 0.2421875 0.040625 0.046875
0 1.4625 0.22421875 0.0375 0.0296875
0 1.53984375 0.175 0.0328125 0.04375
0 0.90078125 0.1640625 0.0234375 0.025
0 0.94921875 0.1578125 0.0171875 0.025
0 0.82578125 0.165625 0.0140625 0.01875
0 0.775 0.10390625 0.015625 0.0140625
0 0.8671875 0.1015625 0.0125 0.015625
0 0.8984375 0.128125 0.015625 0.021875
0 0.91875 0.13515625 0.015625 0.0171875
0 1.175 0.16171875 0.01875 0.0203125
0 1.02421875 0.1671875 0.0171875 0.01875
0 1.01015625 0.1171875 0.0109375 0.015625
0 1.39921875 0.17734375 0.0171875 0.0171875
0 1.32421875 0.17109375 0.0171875 0.0203125
0 1.215625 0.18046875 0.015625 0.0171875
0 1.1890625 0.20703125 0.01875 0.0234375
0 1.109375 0.17109375 0.009375 0.0140625
0 0.94921875 0.2140625 0.0234375 0.025
0 1.42421875 0.17578125 0.0171875 0.0171875
0 1.3625 0.1625 0.015625 0.015625
0 1.47890625 0.1125 0.0140625 0.01875
0 1.4109375 0.1125 0.015625 0.015625
0 1.5390625 0.125 0.015625 0.015625
0 1.5796875 0.11171875 0.0125 0.0140625
0 1.59140625 0.0890625 0.0140625 0.01875
0 1.51328125 0.0765625 0.0078125 0.0125
0 1.50546875 0.03515625 0.0109375 0.0171875
0 1.48203125 0.021875 0.0078125 0.0125
0 1.19140625 0.10078125 0.0109375 0.0140625
0 1.321875 0.08828125 0.0125 0.0140625
0 0.93359375 0.04609375 0.0109375 0.0140625
0 1.0296875 0.0671875 0.009375 0.0125
0 1.0296875 0.084375 0.0125 0.0125
0 0.9765625 0.05390625 0.009375 0.0109375
0 1.0421875 0.05859375 0.009375 0.0109375
0 1.0984375 0.0734375 0.009375 0.0125
0 1.14296875 0.040625 0.0078125 0.009375
0 1.11484375 0.0359375 0.0109375 0.0125
0 1.403125 0.06875 0.009375 0.009375
0 1.25078125 0.21640625 0.0234375 0.0359375
0 1.40859375 0.0421875 0.0109375 0.009375
0 1.34765625 0.06953125 0.0109375 0.0109375
0 1.4765625 0.065625 0.0125 0.015625
0 1.35546875 0.11875 0.0140625 0.01875
0 1.4484375 0.05546875 0.0125 0.0140625
0 1.565625 0.04453125 0.009375 0.0109375
0 1.5734375 0.0765625 0.0125 0.01875
0 1.35859375 0.021875 0.0109375 0.009375
0 1.35234375 0.059375 0.0109375 0.009375
0 1.396875 0.02578125 0.009375 0.0109375
0 1.54140625 0.0859375 0.0140625 0.015625
0 1.42109375 0.1578125 0.0203125 0.021875
0 1.5140625 0.16796875 0.025 0.0328125
0 1.259375 0.0390625 0.009375 0.009375
0 1.39375 0.15390625 0.015625 0.0203125
0 1.2984375 0.1203125 0.021875 0.025
0 1.15234375 0.490625 0.0453125 0.06875
0 1.01015625 0.0703125 0.0078125 0.009375
0 0.0578125 0.515625 0.04375 0.05625
0 0.8078125 0.4609375 0.0375 0.08125
0 1.165625 0.11015625 0.0125 0.0171875
