0 1.19375 0.38203125 0.090625 0.1171875
0 1.08515625 0.27734375 0.0890625 0.1171875
0 1.2640625 0.23671875 0.034375 0.0359375
0 1.05234375 0.2109375 0.0359375 0.05
0 1.00546875 0.20546875 0.0328125 0.0359375
0 0.96953125 0.27109375 0.0703125 0.0859375
0 0.8765625 0.2328125 0.06875 0.075
0 0.46171875 0.43125 0.0640625 0.09375
0 0.70546875 0.23125 0.0359375 0.034375
0 0.7609375 0.25078125 0.059375 0.0578125
0 0.78671875 0.18984375 0.0328125 0.0390625
0 0.60625 0.24296875 0.05625 0.0453125
0 0.6265625 0.17421875 0.0375 0.0421875
0 0.39609375 0.2234375 0.0390625 0.040625
0 0.4625 0.19765625 0.05 0.0515625
0 0.3609375 0.215625 0.04375 0.05
0 0.31171875 0.17109375 0.0421875 0.0484375
0 0.184375 0.2390625 0.05625 0.0625
0 0.16484375 0.175 0.0484375 0.05
0 0.04296875 0.23671875 0.0578125 0.0546875
0 1.4578125 0.69140625 0.009375 0.0109375
