0 1.49375 0.590625 0.05 0.065625
0 1.4125 0.57734375 0.021875 0.0484375
0 1.45390625 0.50234375 0.0421875 0.0359375
0 1.496875 0.4703125 0.028125 0.034375
0 1.37734375 0.51953125 0.0265625 0.0265625
0 1.34921875 0.50390625 0.0234375 0.0265625
0 1.534375 0.7234375 0.078125 0.134375
0 1.54921875 0.61640625 0.0421875 0.0703125
0 1.5921875 0.5453125 0.015625 0.034375
0 1.32890625 0.66015625 0.0390625 0.0421875
0 1.2375 0.625 0.053125 0.084375
0 1.2890625 0.5203125 0.025 0.028125
0 1.1234375 0.63359375 0.078125 0.0859375
0 1.2765625 0.5 0.015625 0.025
0 1.15234375 0.4765625 0.0171875 0.01875
0 1.090625 0.52109375 0.01875 0.0328125
0 1.14765625 0.45078125 0.0109375 0.0140625
0 1.2203125 0.44609375 0.0125 0.0171875
0 1.12890625 0.46953125 0.0140625 0.0171875
0 1.13359375 0.45234375 0.0109375 0.0140625
0 1.24765625 0.57890625 0.0484375 0.0609375
0 1.02734375 0.4859375 0.0140625 0.01875
0 1.25078125 0.47578125 0.0078125 0.0203125
0 0.9703125 0.46328125 0.009375 0.0171875
0 0.8078125 0.49609375 0.025 0.0265625
0 0.87578125 0.475 0.0203125 0.021875
0 0.846875 0.48046875 0.021875 0.0265625
0 0.7765625 0.46328125 0.028125 0.0234375
0 0.734375 0.51875 0.034375 0.0375
0 0.67890625 0.49765625 0.0203125 0.0359375
0 0.62734375 0.53671875 0.0421875 0.0390625
0 0.70234375 0.5359375 0.0203125 0.015625
0 0.64296875 0.43203125 0.0140625 0.0203125
0 0.690625 0.63203125 0.05 0.0546875
0 0.39453125 0.6046875 0.0484375 0.05
0 0.25625 0.60703125 0.03125 0.0671875
0 0.5859375 0.50234375 0.040625 0.0453125
0 0.5453125 0.43359375 0.01875 0.0203125
0 0.3234375 0.4421875 0.015625 0.021875
0 0.36953125 0.4578125 0.0234375 0.028125
0 0.32421875 0.4203125 0.0140625 0.01875
0 0.240625 0.459375 0.028125 0.040625
0 0.2921875 0.4625 0.028125 0.034375
0 0.6140625 0.4046875 0.009375 0.0125
0 0.6359375 0.40234375 0.0125 0.0140625
0 0.39453125 0.38046875 0.0109375 0.0140625
0 0.40390625 0.3765625 0.0078125 0.009375
0 0.5546875 0.40390625 0.009375 0.0140625
0 0.3703125 0.41640625 0.009375 0.0203125
0 0.91015625 0.49765625 0.0203125 0.0328125
0 0.43984375 0.48828125 0.0109375 0.0265625
0 0.7609375 0.60546875 0.046875 0.0609375
0 0.01953125 0.58125 0.0390625 0.1125
0 0.678125 0.434375 0.0125 0.015625
0 1.4 0.20625 0.015625 0.01875
0 0.2578125 0.14453125 0.01875 0.0234375
0 0.23984375 0.11875 0.0171875 0.028125
0 0.65703125 0.3984375 0.0078125 0.009375
0 0.55625 0.42890625 0.015625 0.0203125
0 0.346875 0.40859375 0.0125 0.0140625
0 1.40234375 0.55703125 0.0328125 0.0390625
0 1.0875 0.4125 0.00625 0.009375
0 0.95546875 0.440625 0.0109375 0.0125
0 1.08046875 0.434375 0.0109375 0.0125
0 1.02265625 0.4625 0.0109375 0.0125
0 1.03046875 0.45 0.0109375 0.0125
0 1.0578125 0.43984375 0.0125 0.0140625
0 1.05859375 0.41640625 0.0109375 0.0140625
0 1.05234375 0.4296875 0.0109375 0.0125
0 0.9953125 0.4203125 0.009375 0.0125
0 0.78046875 0.434375 0.0109375 0.015625
0 0.65 0.40703125 0.00625 0.0109375
0 0.6671875 0.409375 0.009375 0.0125
0 0.5953125 0.4234375 0.015625 0.01875
0 0.66171875 0.44140625 0.0171875 0.0203125
0 0.54375 0.40859375 0.009375 0.0109375
0 0.803125 0.4234375 0.0125 0.015625
0 0.85546875 0.4171875 0.0109375 0.015625
0 0.91328125 0.45703125 0.0078125 0.0140625
0 0.48046875 0.36328125 0.0203125 0.0359375
0 0.32265625 0.28984375 0.0109375 0.0203125
0 0.19375 0.51796875 0.01875 0.0453125
0 0.8671875 0.42265625 0.00625 0.0078125
0 1.5109375 1.01640625 0.175 0.1015625
