0 1.00234375 0.24296875 0.0953125 0.1484375
0 0.59140625 0.153125 0.0984375 0.159375
0 0.06796875 0.6671875 0.0328125 0.040625
0 0.1671875 0.65390625 0.034375 0.0390625
0 0.0828125 0.64296875 0.034375 0.0359375
0 0.09765625 0.628125 0.0265625 0.0375
0 0.1640625 0.61796875 0.03125 0.0328125
0 0.15234375 0.5890625 0.0296875 0.034375
0 0.21328125 0.58515625 0.0234375 0.0265625
0 0.2359375 0.62578125 0.03125 0.0296875
0 0.25234375 0.5984375 0.0296875 0.034375
0 0.65390625 0.57265625 0.0296875 0.0265625
0 0.68515625 0.671875 0.0390625 0.0375
0 0.6515625 0.69296875 0.040625 0.0453125
0 0.71015625 0.65078125 0.0296875 0.0328125
0 0.7734375 0.640625 0.0375 0.04375
0 0.70625 0.59609375 0.0375 0.0421875
0 0.80390625 0.571875 0.0296875 0.0375
0 0.81328125 0.6375 0.0296875 0.0375
0 0.90546875 0.6453125 0.0421875 0.046875
0 0.88671875 0.60546875 0.0234375 0.0296875
0 0.92265625 0.6140625 0.0328125 0.028125
0 0.9546875 0.59296875 0.03125 0.0359375
0 1.2234375 0.55 0.034375 0.040625
0 1.2046875 0.6484375 0.0375 0.046875
0 1.2453125 0.6625 0.040625 0.040625
0 1.29765625 0.665625 0.0328125 0.040625
0 1.33828125 0.59453125 0.0328125 0.0328125
0 1.36953125 0.67421875 0.0546875 0.0484375
0 1.384375 0.61640625 0.04375 0.0453125
0 1.3984375 0.565625 0.034375 0.034375
0 1.42890625 0.58046875 0.0359375 0.0390625
0 1.4609375 0.67421875 0.04375 0.0390625
0 1.51875 0.615625 0.034375 0.046875
0 1.53828125 0.59140625 0.0296875 0.0421875
0 1.5609375 0.7109375 0.040625 0.05
0 1.58359375 0.67265625 0.0328125 0.0453125
0 1.553125 0.565625 0.021875 0.028125
