0 0.79921875 0.19375 0.0390625 0.040625
0 1.1765625 0.91796875 0.0375 0.0421875
0 1.02890625 0.90625 0.0328125 0.034375
0 0.9375 0.90546875 0.05625 0.0640625
0 1.06328125 0.87734375 0.0203125 0.0265625
0 1.0984375 0.8640625 0.0125 0.015625
0 0.85546875 0.88828125 0.0390625 0.0390625
0 0.7609375 1.1671875 0.053125 0.065625
0 0.48671875 1.1671875 0.0734375 0.065625
0 0.45625 1.03125 0.05 0.071875
0 1.24765625 0.91328125 0.0359375 0.0453125
0 1.05 1.071875 0.01875 0.059375
0 1.31328125 0.896875 0.0171875 0.01875
0 1.28046875 0.88984375 0.0171875 0.0234375
0 1.3171875 0.8640625 0.0125 0.015625
0 1.3609375 0.99453125 0.01875 0.0359375
0 0.97265625 0.85234375 0.0078125 0.0109375
0 1.55390625 1.12734375 0.0671875 0.1265625
0 1.58125 0.94765625 0.0375 0.0421875
0 1.5203125 0.90703125 0.034375 0.0515625
0 1.42265625 0.9546875 0.0140625 0.0375
0 1.10703125 0.90859375 0.0296875 0.0296875
0 0.58359375 0.85625 0.0140625 0.01875
0 0.63359375 0.8453125 0.0171875 0.01875
0 0.4515625 0.86796875 0.01875 0.0203125
0 0.52265625 0.8671875 0.0140625 0.015625
0 0.55625 0.88125 0.025 0.025
0 0.47421875 0.8515625 0.0140625 0.015625
0 0.48828125 0.86953125 0.0171875 0.0171875
0 0.60390625 0.834375 0.0109375 0.015625
0 0.33203125 0.86640625 0.0203125 0.0234375
0 0.30703125 0.8609375 0.0171875 0.01875
0 0.41875 0.85 0.0125 0.015625
0 0.2828125 0.8578125 0.01875 0.021875
0 0.37734375 0.8546875 0.0140625 0.015625
0 0.0953125 0.86875 0.015625 0.01875
0 0.0453125 0.86328125 0.01875 0.0203125
0 0.02265625 0.86171875 0.0171875 0.0171875
0 0.20390625 0.85546875 0.0171875 0.0203125
0 0.0765625 0.8484375 0.01875 0.01875
0 0.1671875 0.8765625 0.015625 0.021875
0 0.13671875 0.85 0.0203125 0.025
0 0.13671875 0.8671875 0.0203125 0.021875
0 0.12421875 0.87109375 0.0140625 0.0140625
0 0.8140625 0.84453125 0.01875 0.0234375
0 0.71484375 0.86484375 0.0296875 0.0296875
0 0.73828125 0.8140625 0.0171875 0.01875
0 0.340625 0.84453125 0.01875 0.0203125
0 1.340625 0.8890625 0.0125 0.015625
0 1.1875 0.8671875 0.01875 0.01875
0 1.11953125 0.8515625 0.0109375 0.0125
0 0.0046875 0.8953125 0.009375 0.021875
0 0.278125 0.8359375 0.0125 0.015625
0 0.5609375 0.8359375 0.015625 0.01875
0 0.53359375 0.81875 0.0109375 0.0125
0 0.60859375 0.81796875 0.0140625 0.0171875
0 0.51171875 0.80625 0.0109375 0.0125
0 0.2359375 0.81875 0.015625 0.015625
0 0.23984375 0.8625 0.0203125 0.021875
0 0.27109375 0.84140625 0.0140625 0.0171875
0 0.453125 0.83125 0.0125 0.015625
0 0.45859375 0.81484375 0.0109375 0.0140625
0 0.4390625 0.83359375 0.009375 0.0140625
0 0.53125 0.8125 0.009375 0.0125
0 0.71015625 0.81796875 0.0140625 0.0171875
0 0.6625 0.88359375 0.034375 0.0328125
0 0.10078125 0.83828125 0.0203125 0.0203125
0 0.18203125 0.84453125 0.0203125 0.0203125
0 0.084375 0.871875 0.01875 0.021875
0 0.984375 0.8546875 0.015625 0.028125
