0 0.378125 0.66015625 0.15 0.1390625
0 0.7609375 0.47109375 0.13125 0.1609375
0 1.040625 0.6359375 0.1375 0.146875
0 1.43359375 0.62890625 0.1265625 0.1640625
0 1.35546875 0.55 0.0796875 0.08125
0 1.46796875 0.50859375 0.0546875 0.0546875
0 0.53359375 0.671875 0.1328125 0.146875
0 0.2 0.6125 0.10625 0.121875
0 0.0953125 0.578125 0.071875 0.0625
0 0.0328125 0.775 0.065625 0.184375
0 0.0171875 0.58046875 0.034375 0.0765625
0 0.9265625 0.6359375 0.05625 0.090625
0 1.346875 0.4328125 0.046875 0.0625
0 0.58984375 0.56015625 0.0671875 0.0890625
0 0.13828125 0.71953125 0.0859375 0.1078125
