0 0.21953125 1.93125 0.0359375 0.040625
0 0.18828125 1.903125 0.0328125 0.040625
0 0.23203125 1.89765625 0.0484375 0.0578125
0 0.28671875 1.909375 0.0359375 0.05
0 0.3265625 1.91171875 0.0375 0.0421875
0 0.121875 1.8796875 0.040625 0.040625
0 0.06875 1.915625 0.040625 0.040625
0 0.06953125 1.85234375 0.0453125 0.0453125
0 0.125 1.846875 0.04375 0.05
0 0.16796875 1.815625 0.0484375 0.05625
0 0.2015625 1.853125 0.034375 0.0375
0 0.265625 1.8609375 0.0375 0.040625
0 0.30078125 1.84140625 0.0484375 0.0515625
0 0.33125 1.8171875 0.034375 0.04375
0 0.24765625 1.79375 0.0359375 0.046875
0 0.2015625 1.78125 0.040625 0.046875
0 0.0734375 1.8109375 0.0375 0.05
0 0.12265625 1.796875 0.0421875 0.05
0 0.09609375 1.75859375 0.0359375 0.0359375
0 0.0484375 1.659375 0.0375 0.040625
0 0.1125 1.68828125 0.04375 0.0515625
0 0.14453125 1.68984375 0.0328125 0.0515625
0 0.1953125 1.72421875 0.040625 0.0515625
0 0.22734375 1.728125 0.0390625 0.053125
0 0.2796875 1.75 0.03125 0.03125
0 0.31015625 1.765625 0.0453125 0.046875
0 0.359375 1.75546875 0.040625 0.0359375
0 0.39453125 1.79609375 0.0359375 0.0515625
0 0.328125 1.734375 0.03125 0.03125
0 0.3953125 1.73984375 0.025 0.0390625
0 0.37265625 1.70546875 0.0390625 0.0515625
0 0.31640625 1.696875 0.0421875 0.05
0 0.27734375 1.70625 0.0421875 0.05
0 0.23984375 1.71015625 0.0296875 0.0328125
0 0.0046875 1.80703125 0.009375 0.0515625
0 0.0359375 1.9484375 0.040625 0.05625
0 0.03828125 1.87890625 0.0484375 0.0453125
0 0.03046875 1.71796875 0.0421875 0.0453125
0 0.01875 1.6875 0.034375 0.046875
0 0.19765625 1.6828125 0.0359375 0.034375
0 0.14296875 1.6546875 0.0296875 0.0375
0 0.24921875 1.64921875 0.0234375 0.0328125
0 0.28203125 1.6609375 0.0359375 0.04375
0 0.34609375 1.66953125 0.0296875 0.0359375
0 0.3828125 1.66953125 0.021875 0.0390625
0 0.4375 1.659375 0.04375 0.040625
0 0.04140625 1.63359375 0.0296875 0.0359375
0 0.03515625 1.58671875 0.0234375 0.0328125
0 0.14765625 1.5953125 0.0296875 0.03125
0 0.1421875 1.56640625 0.025 0.0296875
0 0.19296875 1.61875 0.0328125 0.0375
0 0.2375 1.6265625 0.025 0.03125
0 0.27890625 1.6078125 0.0234375 0.034375
0 0.31015625 1.58125 0.0296875 0.034375
0 0.34765625 1.6078125 0.0328125 0.03125
0 0.5015625 1.8265625 0.040625 0.05
0 0.56796875 1.94921875 0.0453125 0.0390625
0 0.571875 1.9078125 0.046875 0.0375
0 0.5546875 1.87421875 0.040625 0.0515625
0 0.634375 1.9 0.034375 0.04375
0 0.6125 1.8609375 0.040625 0.05
0 0.528125 1.7703125 0.040625 0.05625
0 0.57109375 1.8125 0.0421875 0.046875
0 0.575 1.77421875 0.0375 0.0421875
0 0.53046875 1.71484375 0.0296875 0.0453125
0 0.575 1.734375 0.0375 0.040625
0 0.41953125 1.625 0.0328125 0.046875
0 0.37421875 1.5703125 0.0265625 0.04375
0 0.3609375 1.54140625 0.03125 0.0359375
0 0.3875 1.52578125 0.034375 0.0328125
0 0.03515625 1.52265625 0.0328125 0.0296875
0 0.1828125 1.525 0.025 0.03125
0 0.4515625 1.62109375 0.040625 0.0390625
0 0.43828125 1.5515625 0.0359375 0.040625
0 0.4734375 1.58671875 0.03125 0.0390625
0 0.496875 1.540625 0.034375 0.034375
0 0.4859375 1.64765625 0.025 0.0390625
0 0.53046875 1.64453125 0.0328125 0.0421875
0 0.53984375 1.60703125 0.0328125 0.0390625
0 0.221875 1.6640625 0.034375 0.034375
0 0.5609375 1.68515625 0.034375 0.0421875
0 0.59609375 1.68828125 0.0421875 0.0453125
0 0.6765625 1.86484375 0.03125 0.0390625
0 0.7390625 1.86640625 0.040625 0.0421875
0 0.70078125 1.8359375 0.0359375 0.04375
0 0.64609375 1.83671875 0.0265625 0.0328125
0 0.6359375 1.74765625 0.04375 0.0453125
0 0.6046875 1.76015625 0.028125 0.0296875
0 0.67421875 1.753125 0.0234375 0.04375
0 0.70625 1.72421875 0.03125 0.0359375
0 0.628125 1.69296875 0.03125 0.0390625
0 0.68828125 1.70703125 0.0328125 0.0390625
0 0.6671875 1.69375 0.03125 0.03125
0 0.7140625 1.67109375 0.03125 0.0390625
0 0.67890625 1.65234375 0.0328125 0.0390625
0 0.6453125 1.6359375 0.03125 0.040625
0 0.6546875 1.6734375 0.03125 0.0375
0 0.6140625 1.5984375 0.021875 0.034375
0 0.63515625 1.603125 0.0296875 0.028125
0 0.73515625 1.6234375 0.0390625 0.0375
0 0.69453125 1.60625 0.0296875 0.034375
0 0.66796875 1.56953125 0.0328125 0.0390625
0 0.72890625 1.575 0.0265625 0.034375
0 0.7671875 1.59609375 0.034375 0.0453125
0 0.77890625 1.64140625 0.0296875 0.0390625
0 0.7796875 1.76640625 0.040625 0.0390625
0 0.78671875 1.815625 0.0390625 0.040625
0 0.0046875 1.5078125 0.009375 0.034375
0 0.0171875 1.48671875 0.025 0.0296875
0 0.05546875 1.49375 0.0234375 0.028125
0 0.07890625 1.5265625 0.0234375 0.021875
0 0.0859375 1.50234375 0.028125 0.0296875
0 0.25625 1.50859375 0.025 0.0265625
0 0.221875 1.50625 0.01875 0.03125
0 0.31484375 1.5125 0.0234375 0.025
0 0.39375 1.4984375 0.025 0.028125
0 0.44375 1.51953125 0.015625 0.0203125
0 0.43203125 1.490625 0.0203125 0.025
0 0.46171875 1.49765625 0.0265625 0.0265625
0 0.48671875 1.4890625 0.0265625 0.03125
0 0.53671875 1.48984375 0.0109375 0.0296875
0 0.5796875 1.496875 0.025 0.034375
0 0.6171875 1.503125 0.028125 0.03125
0 0.6828125 1.5234375 0.028125 0.03125
0 0.63984375 1.49375 0.0234375 0.025
0 0.675 1.48828125 0.01875 0.0265625
0 0.73203125 1.5078125 0.0234375 0.028125
0 0.71171875 1.4859375 0.0296875 0.028125
0 0.75859375 1.5046875 0.0265625 0.028125
0 0.3265625 1.48671875 0.01875 0.0234375
0 0.35078125 1.48203125 0.0296875 0.0265625
0 0.2375 1.49140625 0.025 0.0234375
0 0.8234375 1.85625 0.040625 0.04375
0 0.83671875 1.7953125 0.0390625 0.034375
0 0.87578125 1.7859375 0.0328125 0.040625
0 0.9046875 1.81875 0.053125 0.05
0 1.02890625 1.825 0.0421875 0.0375
0 1.16640625 1.87734375 0.0421875 0.0421875
0 0.98828125 1.77265625 0.0453125 0.0390625
0 1.09375 1.77265625 0.034375 0.0484375
0 1.153125 1.8109375 0.040625 0.053125
0 1.296875 1.7875 0.0375 0.040625
0 1.23515625 1.74375 0.0453125 0.053125
0 1.35234375 1.759375 0.0328125 0.0375
0 1.3953125 1.8 0.040625 0.05
0 1.509375 1.86796875 0.040625 0.0421875
0 1.5703125 1.8203125 0.040625 0.04375
0 1.53359375 1.81171875 0.0265625 0.0328125
0 1.50234375 1.78203125 0.0390625 0.0453125
0 1.48125 1.77578125 0.0375 0.0390625
0 1.453125 1.7578125 0.0375 0.040625
0 1.42734375 1.7328125 0.0328125 0.046875
0 1.5265625 1.72265625 0.028125 0.0390625
0 1.5328125 1.753125 0.034375 0.04375
0 1.56484375 1.75078125 0.0328125 0.0390625
0 1.484375 1.7125 0.034375 0.040625
0 1.44921875 1.7078125 0.0234375 0.03125
0 1.40078125 1.71484375 0.0359375 0.0390625
0 1.3328125 1.72109375 0.03125 0.0421875
0 1.284375 1.73125 0.034375 0.04375
0 1.234375 1.69453125 0.034375 0.0390625
0 1.18515625 1.69609375 0.0328125 0.0359375
0 1.140625 1.71015625 0.034375 0.0390625
0 1.11640625 1.73125 0.0359375 0.04375
0 1.16640625 1.7515625 0.0359375 0.053125
0 0.9828125 1.71171875 0.0375 0.0359375
0 1.05625 1.7375 0.034375 0.040625
0 1.1 1.70546875 0.028125 0.0359375
0 0.9296875 1.70703125 0.0375 0.0453125
0 0.81171875 1.6359375 0.0359375 0.034375
0 0.79375 1.5125 0.034375 0.040625
0 0.63515625 1.57578125 0.0328125 0.0359375
0 0.8203125 1.575 0.03125 0.0375
0 0.890625 1.61875 0.028125 0.034375
0 0.9015625 1.65859375 0.040625 0.0484375
0 0.93671875 1.64765625 0.0359375 0.0484375
0 0.98984375 1.67421875 0.0328125 0.0390625
0 0.9875 1.63828125 0.028125 0.0390625
0 1.00859375 1.64921875 0.0265625 0.0421875
0 1.05 1.6390625 0.040625 0.034375
0 1.1171875 1.68046875 0.03125 0.0484375
0 1.1046875 1.62890625 0.040625 0.0359375
0 1.1359375 1.64765625 0.028125 0.0421875
0 1.16484375 1.646875 0.0359375 0.04375
0 1.228125 1.65 0.03125 0.040625
0 1.27578125 1.6546875 0.0359375 0.03125
0 1.31328125 1.67265625 0.0296875 0.0328125
0 1.3375 1.675 0.03125 0.034375
0 1.38125 1.66953125 0.028125 0.0390625
0 1.40234375 1.6671875 0.0359375 0.04375
0 1.45625 1.66484375 0.040625 0.0484375
0 1.440625 1.67265625 0.028125 0.0359375
0 1.50859375 1.66953125 0.0359375 0.0421875
0 1.5484375 1.64921875 0.028125 0.0328125
0 1.5734375 1.65 0.034375 0.034375
0 1.57109375 1.68125 0.0359375 0.046875
0 1.571875 1.6109375 0.028125 0.040625
0 1.525 1.62578125 0.03125 0.0390625
0 1.4984375 1.61875 0.028125 0.028125
0 1.40625 1.63671875 0.028125 0.0359375
0 1.44296875 1.60390625 0.0328125 0.0328125
0 1.54921875 1.56484375 0.0359375 0.0359375
0 1.50390625 1.55 0.0296875 0.034375
0 1.4265625 1.54609375 0.03125 0.0328125
0 1.4609375 1.5859375 0.028125 0.040625
0 1.41328125 1.60078125 0.0265625 0.0296875
0 1.3859375 1.5703125 0.028125 0.034375
0 1.37734375 1.5265625 0.0296875 0.034375
0 1.34140625 1.57421875 0.0328125 0.0359375
0 1.35078125 1.6234375 0.0328125 0.03125
0 1.32109375 1.6046875 0.0328125 0.04375
0 1.2890625 1.6 0.034375 0.04375
0 1.30703125 1.5640625 0.0265625 0.028125
0 1.26875 1.54921875 0.03125 0.0421875
0 1.2203125 1.5484375 0.028125 0.034375
0 1.23046875 1.61171875 0.0390625 0.0359375
0 1.16796875 1.55703125 0.0296875 0.0328125
0 1.08828125 1.578125 0.0296875 0.0375
0 1.021875 1.61171875 0.03125 0.0328125
0 1.0015625 1.5875 0.028125 0.03125
0 0.99140625 1.546875 0.0265625 0.025
0 0.86953125 1.575 0.0296875 0.0375
0 0.8375 1.6609375 0.034375 0.040625
0 0.90625 1.546875 0.03125 0.03125
0 0.8359375 1.540625 0.028125 0.03125
0 0.93046875 1.525 0.0296875 0.034375
0 0.5140625 1.4609375 0.028125 0.028125
0 0.55 1.46875 0.021875 0.028125
0 0.59140625 1.46328125 0.0203125 0.0203125
0 0.6109375 1.48203125 0.028125 0.0296875
0 0.6546875 1.47578125 0.028125 0.0234375
0 0.75625 1.4765625 0.028125 0.03125
0 0.8203125 1.48046875 0.025 0.0265625
0 0.871875 1.465625 0.028125 0.028125
0 0.91640625 1.49765625 0.0203125 0.0265625
0 0.88671875 1.48671875 0.0265625 0.0265625
0 0.94609375 1.47578125 0.0265625 0.0296875
0 0.99296875 1.4984375 0.0296875 0.028125
0 1.090625 1.53046875 0.03125 0.0296875
0 1.021875 1.484375 0.028125 0.028125
0 1.065625 1.52734375 0.021875 0.0265625
0 1.1140625 1.51015625 0.01875 0.0234375
0 1.0921875 1.49140625 0.01875 0.0203125
0 1.17890625 1.534375 0.0296875 0.03125
0 1.25625 1.5125 0.021875 0.034375
0 1.1921875 1.49296875 0.028125 0.0265625
0 1.1640625 1.4859375 0.021875 0.028125
0 1.28125 1.4953125 0.01875 0.028125
0 1.321875 1.48984375 0.028125 0.0265625
0 1.428125 1.50546875 0.028125 0.0328125
0 1.4734375 1.4984375 0.028125 0.028125
0 1.49609375 1.51171875 0.0234375 0.0328125
0 1.546875 1.490625 0.028125 0.034375
0 0.475 1.44921875 0.015625 0.0171875
0 0.4921875 1.425 0.01875 0.025
0 0.47265625 1.41484375 0.0171875 0.0296875
0 0.52109375 1.40859375 0.0234375 0.0265625
0 0.5015625 1.4 0.01875 0.025
0 0.4859375 1.2953125 0.01875 0.025
0 0.53828125 1.44921875 0.0171875 0.0234375
0 0.5765625 1.4359375 0.028125 0.03125
0 0.5671875 1.40390625 0.01875 0.0234375
0 0.62421875 1.45390625 0.0234375 0.0265625
0 0.67265625 1.44921875 0.0203125 0.0265625
0 0.73203125 1.4515625 0.0296875 0.028125
0 0.70078125 1.43125 0.0234375 0.028125
0 0.6734375 1.425 0.025 0.028125
0 0.59609375 1.4234375 0.0234375 0.025
0 0.53125 1.3890625 0.01875 0.015625
0 0.52890625 1.37578125 0.0234375 0.0234375
0 0.571875 1.378125 0.025 0.025
0 0.58515625 1.36953125 0.0171875 0.0234375
0 0.60546875 1.3765625 0.0234375 0.028125
0 0.62265625 1.38671875 0.0171875 0.0265625
0 0.65390625 1.40078125 0.0234375 0.0265625
0 0.65390625 1.375 0.0234375 0.025
0 0.684375 1.3984375 0.028125 0.028125
0 0.7390625 1.4375 0.021875 0.025
0 0.75 1.4015625 0.025 0.025
0 0.70234375 1.40703125 0.0234375 0.0234375
0 0.72109375 1.3875 0.0203125 0.01875
0 0.77734375 1.4453125 0.0203125 0.028125
0 0.8078125 1.459375 0.01875 0.028125
0 0.834375 1.4546875 0.01875 0.028125
0 0.8203125 1.4234375 0.028125 0.03125
0 0.8765625 1.44140625 0.025 0.0234375
0 0.859375 1.440625 0.01875 0.028125
0 0.9078125 1.425 0.025 0.034375
0 0.94375 1.43984375 0.028125 0.0296875
0 0.96875 1.45234375 0.01875 0.0265625
0 0.98984375 1.4546875 0.0234375 0.034375
0 1.09453125 1.46484375 0.0203125 0.0265625
0 1.0796875 1.44375 0.025 0.028125
0 1.1546875 1.45546875 0.028125 0.0328125
0 1.21484375 1.47578125 0.0265625 0.0265625
0 1.2484375 1.4890625 0.028125 0.03125
0 1.2421875 1.46171875 0.028125 0.0359375
0 1.29140625 1.45625 0.0265625 0.028125
0 1.33046875 1.453125 0.0234375 0.028125
0 1.35390625 1.4625 0.0265625 0.034375
0 1.45546875 1.47578125 0.0265625 0.0328125
0 1.43515625 1.44375 0.0265625 0.040625
0 1.52578125 1.47734375 0.0203125 0.0234375
0 1.51171875 1.46953125 0.0203125 0.0265625
0 1.39453125 1.46875 0.0484375 0.04375
0 1.5609375 1.46328125 0.03125 0.0359375
0 1.5328125 1.4453125 0.01875 0.03125
0 1.5125 1.45 0.01875 0.03125
0 1.540625 1.421875 0.01875 0.028125
0 1.51953125 1.40625 0.0171875 0.025
0 1.55 1.40859375 0.028125 0.0328125
0 1.55390625 1.375 0.0171875 0.028125
0 1.51015625 1.38515625 0.0203125 0.0203125
0 1.5265625 1.3671875 0.01875 0.01875
0 1.46640625 1.3703125 0.0265625 0.028125
0 1.5390625 1.3546875 0.01875 0.021875
0 1.5671875 1.3109375 0.01875 0.028125
0 1.41484375 1.39296875 0.0203125 0.0234375
0 1.4390625 1.36015625 0.015625 0.0203125
0 1.36875 1.4328125 0.01875 0.021875
0 1.3125 1.43203125 0.025 0.0234375
0 1.33203125 1.415625 0.0203125 0.028125
0 1.33125 1.396875 0.025 0.025
0 1.34609375 1.37890625 0.0203125 0.0265625
0 1.3765625 1.37890625 0.01875 0.0234375
0 1.42265625 1.3640625 0.0234375 0.01875
0 1.290625 1.40859375 0.021875 0.0296875
0 1.22734375 1.4390625 0.0234375 0.028125
0 1.24140625 1.415625 0.0296875 0.03125
0 1.26875 1.41015625 0.015625 0.0234375
0 1.11328125 1.41171875 0.0296875 0.0234375
0 1.0625 1.42734375 0.025 0.0234375
0 1.03203125 1.41953125 0.0234375 0.0296875
0 1.00625 1.43046875 0.028125 0.0328125
0 0.97265625 1.43125 0.0296875 0.03125
0 0.946875 1.4125 0.028125 0.034375
0 0.92578125 1.39296875 0.0234375 0.0296875
0 1.1546875 1.36875 0.021875 0.021875
0 1.1328125 1.36796875 0.021875 0.0234375
0 1.26171875 1.34921875 0.0171875 0.0234375
0 1.159375 1.35234375 0.01875 0.0203125
0 1.19609375 1.38515625 0.0203125 0.0265625
0 1.2265625 1.35 0.01875 0.01875
0 1.2484375 1.33515625 0.015625 0.0234375
0 1.21640625 1.33515625 0.0203125 0.0203125
0 1.1921875 1.3375 0.021875 0.03125
0 1.15546875 1.33359375 0.0234375 0.0265625
0 1.12421875 1.328125 0.0203125 0.028125
0 1.06875 1.34375 0.021875 0.01875
0 1.00078125 1.35703125 0.0203125 0.0234375
0 1.01171875 1.35234375 0.0140625 0.0265625
0 0.978125 1.3578125 0.0125 0.021875
0 0.99296875 1.3390625 0.0234375 0.021875
0 1.0234375 1.334375 0.01875 0.01875
0 0.878125 1.36015625 0.025 0.0265625
0 0.8984375 1.33203125 0.025 0.0234375
0 0.9546875 1.353125 0.01875 0.01875
0 0.9375 1.33046875 0.021875 0.0234375
0 0.7984375 1.35546875 0.021875 0.0140625
0 0.79140625 1.3765625 0.0171875 0.028125
0 0.840625 1.353125 0.028125 0.025
0 0.859375 1.34921875 0.015625 0.0171875
0 0.159375 1.46796875 0.028125 0.0265625
0 0.1375 1.47578125 0.021875 0.0203125
0 0.121875 1.5046875 0.025 0.01875
0 0.0703125 1.47578125 0.021875 0.0265625
0 0.09140625 1.484375 0.0203125 0.025
0 0.1171875 1.46015625 0.025 0.0265625
0 0.02421875 1.4515625 0.0234375 0.021875
0 0.0421875 1.4640625 0.01875 0.021875
0 0.015625 1.43046875 0.01875 0.0234375
0 0.03359375 1.4375 0.0203125 0.021875
0 0.0515625 1.42890625 0.021875 0.0234375
0 0.0875 1.453125 0.01875 0.01875
0 0.1375 1.45 0.01875 0.01875
0 0.0890625 1.43046875 0.021875 0.0203125
0 0.15859375 1.425 0.0203125 0.01875
0 0.1375 1.4203125 0.015625 0.01875
0 0.11953125 1.41640625 0.0203125 0.0203125
0 0.02421875 1.41328125 0.0234375 0.0265625
0 0.0484375 1.39375 0.021875 0.021875
0 0.0421875 1.36875 0.01875 0.01875
0 0.02421875 1.3828125 0.0171875 0.015625
0 0.0078125 1.375 0.015625 0.021875
0 0.00625 1.39921875 0.0125 0.0234375
0 0.0171875 1.3625 0.01875 0.021875
0 0.00625 1.34375 0.0125 0.021875
0 0.02265625 1.3171875 0.0234375 0.021875
0 0.071875 1.3875 0.015625 0.015625
0 0.0703125 1.3609375 0.015625 0.01875
0 0.10859375 1.36796875 0.0203125 0.0234375
0 0.09140625 1.34921875 0.0171875 0.0203125
0 0.0953125 1.32578125 0.01875 0.0171875
0 0.08046875 1.3265625 0.0140625 0.01875
0 0.0625 1.3265625 0.015625 0.01875
0 0.06328125 1.2890625 0.0171875 0.01875
0 0.02578125 1.29140625 0.0203125 0.0203125
0 0.00546875 1.28671875 0.0109375 0.0171875
0 0.209375 1.47578125 0.028125 0.0296875
0 0.85546875 1.409375 0.0265625 0.03125
0 0.88359375 1.3984375 0.0234375 0.03125
0 0.8109375 1.3796875 0.028125 0.025
0 0.8484375 1.38515625 0.021875 0.0296875
0 1.21328125 1.40625 0.0265625 0.03125
0 1.11640625 1.38515625 0.0234375 0.0265625
0 1.07265625 1.39921875 0.0234375 0.0234375
0 1.04375 1.38671875 0.021875 0.0265625
0 1.07734375 1.38046875 0.0203125 0.0203125
0 1.0921875 1.384375 0.025 0.028125
0 1.0 1.396875 0.028125 0.028125
0 0.971875 1.40078125 0.021875 0.0234375
0 0.95390625 1.38359375 0.0203125 0.0265625
0 0.9078125 1.36796875 0.025 0.0234375
0 0.69765625 1.37421875 0.0234375 0.0234375
0 0.72578125 1.3640625 0.0234375 0.028125
0 0.66484375 1.35859375 0.0234375 0.0359375
0 1.4 1.4390625 0.021875 0.028125
0 1.51875 1.321875 0.028125 0.015625
0 1.50390625 1.30390625 0.0171875 0.0203125
0 1.53984375 1.33671875 0.0171875 0.0265625
0 1.56484375 1.3640625 0.0203125 0.025
0 1.465625 1.3328125 0.028125 0.025
0 1.43828125 1.34609375 0.0171875 0.0171875
0 1.3875 1.34453125 0.01875 0.0234375
0 1.409375 1.3453125 0.015625 0.025
0 1.421875 1.33828125 0.015625 0.0234375
0 1.37734375 1.33828125 0.0140625 0.0234375
0 1.36328125 1.33125 0.0265625 0.021875
0 1.2625 1.39140625 0.01875 0.0234375
0 1.2375 1.38125 0.01875 0.015625
0 0.18671875 1.43125 0.0234375 0.021875
0 0.20546875 1.4296875 0.0234375 0.028125
0 0.22421875 1.44765625 0.0171875 0.0234375
0 0.2484375 1.4578125 0.01875 0.01875
0 0.24296875 1.4359375 0.0234375 0.025
0 0.23125 1.4171875 0.028125 0.025
0 0.27109375 1.4765625 0.0296875 0.03125
0 0.309375 1.4640625 0.025 0.021875
0 0.2828125 1.44375 0.025 0.025
0 0.32421875 1.46796875 0.0203125 0.0234375
0 0.3296875 1.45546875 0.021875 0.0265625
0 0.35625 1.43125 0.028125 0.028125
0 0.40859375 1.471875 0.0234375 0.025
0 0.44921875 1.46953125 0.0234375 0.0234375
0 0.453125 1.4515625 0.01875 0.021875
0 0.42421875 1.4609375 0.0234375 0.025
0 0.42578125 1.42890625 0.0234375 0.0203125
0 0.384375 1.4390625 0.021875 0.021875
0 0.3890625 1.4125 0.021875 0.025
0 0.40625 1.41640625 0.01875 0.0328125
0 0.44296875 1.40625 0.0203125 0.021875
0 0.46484375 1.3828125 0.0171875 0.021875
0 0.42890625 1.37734375 0.0265625 0.0265625
0 0.4515625 1.3734375 0.021875 0.021875
0 0.4671875 1.3609375 0.01875 0.021875
0 0.47890625 1.3421875 0.0171875 0.021875
0 0.39296875 1.3828125 0.0203125 0.021875
0 0.45625 1.31171875 0.021875 0.0234375
0 0.1390625 1.40078125 0.01875 0.0234375
0 0.1828125 1.4 0.01875 0.01875
0 0.2046875 1.409375 0.025 0.025
0 0.2046875 1.38984375 0.021875 0.0203125
0 0.1828125 1.37578125 0.021875 0.0203125
0 0.2203125 1.3671875 0.025 0.025
0 0.1625 1.396875 0.01875 0.01875
0 0.1625 1.38359375 0.01875 0.0171875
0 0.15546875 1.3625 0.0203125 0.021875
0 0.140625 1.34609375 0.01875 0.0265625
0 0.1265625 1.34296875 0.015625 0.0234375
0 0.115625 1.32578125 0.01875 0.0203125
0 0.10390625 1.34453125 0.0171875 0.0234375
0 0.13984375 1.3203125 0.0203125 0.021875
0 0.1609375 1.3265625 0.015625 0.021875
0 0.178125 1.33203125 0.021875 0.0203125
0 0.17734375 1.35390625 0.0171875 0.0203125
0 0.19375 1.33828125 0.01875 0.0203125
0 0.22265625 1.3265625 0.0171875 0.01875
0 0.27734375 1.41640625 0.0203125 0.0234375
0 0.2609375 1.4296875 0.01875 0.021875
0 0.3390625 1.415625 0.01875 0.025
0 0.3296875 1.4015625 0.021875 0.025
0 0.30625 1.38125 0.025 0.028125
0 0.29765625 1.42421875 0.0203125 0.0234375
0 0.3234375 1.4328125 0.021875 0.025
0 0.2453125 1.375 0.01875 0.025
0 0.27890625 1.38828125 0.0203125 0.0234375
0 0.34765625 1.371875 0.0203125 0.021875
0 0.36484375 1.3484375 0.0203125 0.021875
0 0.35078125 1.3359375 0.0203125 0.021875
0 0.3765625 1.33125 0.0125 0.0125
0 0.25625 1.3390625 0.021875 0.025
0 0.3140625 1.3421875 0.021875 0.01875
0 0.33046875 1.35234375 0.0171875 0.0140625
0 0.27890625 1.3328125 0.0171875 0.01875
0 0.2859375 1.36171875 0.01875 0.0234375
0 0.3328125 1.3234375 0.015625 0.015625
0 0.4140625 1.30859375 0.01875 0.0171875
0 0.42578125 1.29921875 0.0171875 0.0203125
0 0.4046875 1.30546875 0.015625 0.0203125
0 0.39609375 1.29375 0.0109375 0.0125
0 0.40234375 1.2703125 0.0140625 0.015625
0 0.4671875 1.2671875 0.01875 0.01875
0 0.4203125 1.334375 0.0125 0.015625
0 0.38046875 1.3140625 0.0171875 0.021875
0 0.3484375 1.2859375 0.015625 0.01875
0 1.33046875 1.3640625 0.0203125 0.01875
0 1.303125 1.37421875 0.025 0.0265625
0 1.5765625 1.284375 0.015625 0.021875
0 1.57890625 1.40703125 0.0234375 0.0234375
0 1.50546875 1.35625 0.0203125 0.021875
0 1.5765625 1.32421875 0.025 0.0203125
0 1.5734375 1.25546875 0.015625 0.0171875
0 1.58984375 1.24765625 0.0171875 0.0171875
0 1.571875 1.22734375 0.015625 0.0171875
0 1.57890625 1.20859375 0.0203125 0.0171875
0 1.56171875 1.1875 0.0140625 0.0125
0 1.57109375 1.1796875 0.0140625 0.015625
0 1.590625 1.17421875 0.0125 0.0140625
0 1.5828125 1.1640625 0.0125 0.015625
0 1.48515625 1.26015625 0.0171875 0.0140625
0 1.55390625 1.23125 0.0171875 0.01875
0 1.5328125 1.2296875 0.015625 0.015625
0 1.50859375 1.2265625 0.0140625 0.015625
0 1.5578125 1.2859375 0.021875 0.021875
0 1.528125 1.28671875 0.021875 0.0203125
0 1.51796875 1.24375 0.0171875 0.01875
0 1.4828125 1.22578125 0.015625 0.0171875
0 1.4921875 1.2125 0.015625 0.01875
0 1.540625 1.2 0.01875 0.01875
0 1.5203125 1.19765625 0.0125 0.0140625
0 1.54140625 1.17578125 0.0140625 0.0140625
0 1.56484375 1.16015625 0.0140625 0.0171875
0 1.5171875 1.1796875 0.015625 0.015625
0 1.53515625 1.15703125 0.0140625 0.0171875
0 1.5171875 1.16640625 0.015625 0.0109375
0 1.55 1.153125 0.015625 0.015625
0 1.5078125 1.16015625 0.015625 0.0171875
0 1.5109375 1.1328125 0.0125 0.0125
0 1.52421875 1.1328125 0.0140625 0.015625
0 1.53828125 1.11875 0.0109375 0.0125
0 1.565625 1.09921875 0.009375 0.0109375
0 1.584375 1.10390625 0.009375 0.0109375
0 1.578125 1.0890625 0.009375 0.009375
0 1.5890625 1.078125 0.0125 0.021875
0 1.565625 1.07890625 0.009375 0.0109375
0 1.2953125 1.3328125 0.0125 0.01875
0 1.32890625 1.3421875 0.0171875 0.015625
0 1.3234375 1.31875 0.01875 0.01875
0 1.38359375 1.30078125 0.0171875 0.0203125
0 1.3421875 1.28671875 0.01875 0.0171875
0 1.321875 1.2859375 0.01875 0.01875
0 1.34765625 1.2625 0.0171875 0.01875
0 1.38984375 1.2734375 0.0140625 0.01875
0 1.41875 1.3 0.01875 0.015625
0 1.3640625 1.30859375 0.015625 0.0140625
0 1.425 1.25390625 0.015625 0.0171875
0 1.45 1.2515625 0.015625 0.015625
0 1.3828125 1.24375 0.015625 0.015625
0 1.38984375 1.25859375 0.0171875 0.0140625
0 1.39375 1.23046875 0.015625 0.0140625
0 1.41015625 1.21953125 0.0171875 0.0203125
0 1.41796875 1.2421875 0.0140625 0.0125
0 1.4484375 1.21796875 0.0125 0.0140625
0 1.42734375 1.21484375 0.0171875 0.0171875
0 1.44140625 1.19296875 0.0140625 0.0171875
0 1.48125 1.19375 0.015625 0.015625
0 1.48125 1.165625 0.015625 0.0125
0 1.48984375 1.17734375 0.0171875 0.0171875
0 1.4265625 1.17421875 0.0125 0.0109375
0 1.46015625 1.14609375 0.0109375 0.0109375
0 1.4671875 1.1609375 0.0125 0.0125
0 1.38671875 1.1796875 0.0140625 0.015625
0 1.3984375 1.2046875 0.0125 0.0125
0 1.38515625 1.215625 0.0140625 0.015625
0 1.37109375 1.21953125 0.0171875 0.0171875
0 1.42265625 1.1484375 0.0109375 0.0125
0 1.46796875 1.19140625 0.0140625 0.0109375
0 1.3015625 1.28984375 0.01875 0.0203125
0 1.28984375 1.3234375 0.0171875 0.01875
0 1.27265625 1.31328125 0.0203125 0.0171875
0 1.24453125 1.3171875 0.0171875 0.015625
0 1.246875 1.29453125 0.021875 0.0203125
0 1.28046875 1.28515625 0.0234375 0.0203125
0 1.309375 1.25625 0.021875 0.01875
0 1.2859375 1.2703125 0.01875 0.015625
0 1.29296875 1.23671875 0.0171875 0.0140625
0 1.28515625 1.25546875 0.0171875 0.0171875
0 1.25625 1.26796875 0.015625 0.0171875
0 1.26015625 1.25625 0.0171875 0.01875
0 1.2671875 1.23203125 0.015625 0.0171875
0 1.284375 1.225 0.015625 0.01875
0 1.17578125 1.32265625 0.0203125 0.0203125
0 1.2109375 1.31484375 0.01875 0.0171875
0 1.196875 1.31875 0.01875 0.01875
0 1.20234375 1.29453125 0.0171875 0.0171875
0 1.14296875 1.3171875 0.0171875 0.01875
0 1.1 1.3265625 0.01875 0.01875
0 1.09765625 1.3578125 0.0171875 0.01875
0 1.15234375 1.2984375 0.0203125 0.01875
0 1.17578125 1.29921875 0.0171875 0.0171875
0 1.18515625 1.29609375 0.0171875 0.0203125
0 1.15546875 1.27421875 0.0171875 0.0203125
0 1.19375 1.2703125 0.015625 0.015625
0 1.1921875 1.2484375 0.015625 0.01875
0 1.221875 1.26171875 0.01875 0.0140625
0 1.12734375 1.24921875 0.0203125 0.0203125
0 1.11015625 1.2421875 0.0171875 0.01875
0 1.0953125 1.22890625 0.015625 0.0171875
0 1.1203125 1.225 0.01875 0.01875
0 1.14296875 1.22265625 0.0203125 0.0203125
0 1.16875 1.23984375 0.01875 0.0171875
0 1.159375 1.2640625 0.015625 0.015625
0 1.21640625 1.22734375 0.0203125 0.0203125
0 1.25 1.22890625 0.01875 0.0171875
0 1.24609375 1.25703125 0.0171875 0.0171875
0 1.19921875 1.221875 0.0203125 0.01875
0 1.18125 1.23828125 0.015625 0.0171875
0 1.16171875 1.22109375 0.0140625 0.0171875
0 1.1234375 1.2046875 0.015625 0.015625
0 1.2 1.209375 0.015625 0.015625
0 1.23359375 1.21015625 0.0171875 0.0171875
0 1.25546875 1.2046875 0.0109375 0.0125
0 1.2328125 1.19765625 0.015625 0.0140625
0 1.2125 1.18515625 0.0125 0.0140625
0 1.24140625 1.1671875 0.0140625 0.015625
0 1.25078125 1.175 0.0140625 0.015625
0 1.2609375 1.18046875 0.0125 0.0140625
0 1.29296875 1.1828125 0.0140625 0.0125
0 1.30625 1.2078125 0.01875 0.01875
0 1.3421875 1.2296875 0.021875 0.025
0 1.321875 1.19296875 0.01875 0.0140625
0 1.3546875 1.178125 0.0125 0.01875
0 1.34296875 1.171875 0.0140625 0.021875
0 1.34765625 1.14609375 0.0140625 0.0140625
0 1.190625 1.19375 0.015625 0.015625
0 1.15 1.19921875 0.0125 0.0140625
0 1.15546875 1.178125 0.0140625 0.0125
0 1.15390625 1.16640625 0.0203125 0.0171875
0 1.18515625 1.17109375 0.0140625 0.0140625
0 1.18203125 1.14375 0.0109375 0.009375
0 1.15859375 1.15546875 0.0140625 0.0140625
0 1.20546875 1.16640625 0.0109375 0.0109375
0 1.2296875 1.14609375 0.0125 0.0171875
0 1.24609375 1.13359375 0.0140625 0.0171875
0 1.2734375 1.15859375 0.015625 0.0140625
0 1.27890625 1.14921875 0.0140625 0.0171875
0 1.17421875 1.0921875 0.0109375 0.0125
0 1.26953125 1.0765625 0.0109375 0.0125
0 1.30546875 1.11875 0.0109375 0.0125
0 1.36484375 1.1296875 0.0078125 0.009375
0 1.384375 1.13515625 0.0125 0.0140625
0 1.3265625 1.1328125 0.0125 0.0125
0 1.3453125 1.1140625 0.009375 0.0125
0 1.11015625 1.15 0.0171875 0.015625
0 0.95 1.60625 0.034375 0.03125
0 1.07734375 1.3171875 0.0234375 0.021875
0 1.05234375 1.29921875 0.0203125 0.0265625
0 1.0234375 1.3234375 0.015625 0.01875
0 1.00390625 1.3171875 0.0171875 0.021875
0 1.02578125 1.315625 0.0171875 0.01875
0 1.025 1.29921875 0.015625 0.0171875
0 0.99375 1.30078125 0.01875 0.0203125
0 0.97265625 1.3203125 0.0203125 0.025
0 0.91484375 1.30390625 0.0171875 0.0234375
0 1.00390625 1.28515625 0.0171875 0.0203125
0 1.13359375 1.28984375 0.0171875 0.0234375
0 1.07109375 1.265625 0.0140625 0.015625
0 1.02578125 1.26796875 0.0171875 0.0203125
0 0.9984375 1.2625 0.01875 0.021875
0 0.93828125 1.303125 0.0203125 0.021875
0 0.94453125 1.29140625 0.0171875 0.0203125
0 0.86328125 1.32578125 0.0234375 0.0265625
0 0.9234375 1.33515625 0.01875 0.0203125
0 0.8125 1.340625 0.025 0.028125
0 0.7875 1.35234375 0.021875 0.0234375
0 0.79921875 1.3265625 0.0203125 0.021875
0 0.82734375 1.32578125 0.0203125 0.0234375
0 0.84375 1.32890625 0.021875 0.0234375
0 0.86640625 1.28203125 0.0203125 0.0203125
0 0.8234375 1.29140625 0.01875 0.0171875
0 0.8171875 1.31328125 0.01875 0.0171875
0 0.80625 1.2921875 0.01875 0.01875
0 0.78984375 1.296875 0.0171875 0.021875
0 0.7984375 1.271875 0.015625 0.01875
0 0.7828125 1.25703125 0.015625 0.0171875
0 0.79921875 1.24375 0.0171875 0.01875
0 0.8140625 1.25859375 0.01875 0.0203125
0 0.8421875 1.2515625 0.015625 0.01875
0 0.85 1.2703125 0.015625 0.01875
0 0.8578125 1.253125 0.015625 0.01875
0 0.878125 1.25390625 0.01875 0.0171875
0 0.90078125 1.26484375 0.0171875 0.0171875
0 0.89375 1.25078125 0.01875 0.0203125
0 0.9078125 1.246875 0.015625 0.021875
0 1.02578125 1.23828125 0.0171875 0.0171875
0 1.09296875 1.2671875 0.0203125 0.01875
0 1.09375 1.25234375 0.015625 0.0203125
0 1.084375 1.25234375 0.015625 0.0140625
0 1.0765625 1.2390625 0.015625 0.015625
0 0.9546875 1.26484375 0.01875 0.0203125
0 0.96328125 1.2890625 0.0171875 0.01875
0 0.9109375 1.27734375 0.01875 0.0171875
0 0.8875 1.28984375 0.025 0.0265625
0 0.928125 1.246875 0.015625 0.015625
0 0.97734375 1.253125 0.0203125 0.01875
0 0.74140625 1.33984375 0.0203125 0.0234375
0 0.75625 1.328125 0.021875 0.025
0 0.73203125 1.32265625 0.0234375 0.0234375
0 0.75078125 1.3078125 0.0171875 0.021875
0 0.76484375 1.2890625 0.0171875 0.01875
0 0.77734375 1.29453125 0.0171875 0.0234375
0 0.78125 1.31796875 0.01875 0.0234375
0 0.73359375 1.29609375 0.0171875 0.0171875
0 0.74453125 1.28046875 0.0171875 0.0203125
0 0.7109375 1.29296875 0.01875 0.0203125
0 0.71171875 1.31484375 0.0171875 0.0203125
0 0.7046875 1.35078125 0.021875 0.0203125
0 0.6890625 1.30703125 0.01875 0.0203125
0 0.69140625 1.3453125 0.0203125 0.021875
0 0.69375 1.26484375 0.01875 0.0265625
0 0.72578125 1.24765625 0.0171875 0.0234375
0 0.74453125 1.23515625 0.0203125 0.0203125
0 0.70859375 1.25390625 0.0171875 0.0234375
0 0.74296875 1.20078125 0.0171875 0.0171875
0 0.73125 1.203125 0.015625 0.015625
0 0.71015625 1.20390625 0.0140625 0.0140625
0 0.72734375 1.18125 0.0140625 0.0125
0 0.76875 1.17421875 0.01875 0.0171875
0 0.7703125 1.2109375 0.015625 0.0125
0 0.7640625 1.2015625 0.015625 0.015625
0 0.75234375 1.18359375 0.0140625 0.0140625
0 0.73984375 1.16484375 0.0109375 0.0109375
0 0.740625 1.1765625 0.0125 0.0125
0 0.7515625 1.165625 0.009375 0.0125
0 0.765625 1.16015625 0.009375 0.0140625
0 0.734375 1.22265625 0.0125 0.0140625
0 0.48046875 1.36484375 0.0171875 0.0203125
0 0.50625 1.34765625 0.021875 0.0265625
0 0.53046875 1.34609375 0.0203125 0.0234375
0 0.55859375 1.32890625 0.0203125 0.0234375
0 0.61640625 1.31796875 0.0203125 0.0234375
0 0.5984375 1.309375 0.01875 0.021875
0 0.61640625 1.2796875 0.0171875 0.021875
0 0.63359375 1.2828125 0.0171875 0.021875
0 0.653125 1.28984375 0.015625 0.0171875
0 0.65625 1.3046875 0.028125 0.021875
0 0.64921875 1.34453125 0.0203125 0.0203125
0 0.64140625 1.32265625 0.0171875 0.0234375
0 0.65234375 1.246875 0.0140625 0.015625
0 0.659375 1.25625 0.009375 0.009375
0 0.6296875 1.24765625 0.015625 0.0171875
0 0.5984375 1.2609375 0.0125 0.01875
0 0.596875 1.28515625 0.015625 0.0171875
0 0.57265625 1.2421875 0.0203125 0.021875
0 0.60390625 1.24765625 0.0171875 0.0171875
0 0.61484375 1.22890625 0.0140625 0.0140625
0 0.63984375 1.23828125 0.0171875 0.0171875
0 0.67421875 1.2296875 0.0171875 0.015625
0 0.653125 1.22109375 0.015625 0.0171875
0 0.61171875 1.21015625 0.0140625 0.0140625
0 0.5984375 1.209375 0.0125 0.0125
0 0.69921875 1.18671875 0.0140625 0.0140625
0 0.66328125 1.18046875 0.0109375 0.0109375
0 0.65 1.203125 0.015625 0.0125
0 0.66796875 1.20546875 0.0171875 0.0140625
0 0.64453125 1.18984375 0.0140625 0.0109375
0 0.67890625 1.171875 0.0140625 0.015625
0 0.6984375 1.16015625 0.015625 0.0140625
0 0.7203125 1.15625 0.01875 0.015625
0 0.55234375 1.31015625 0.0171875 0.0171875
0 0.52109375 1.33046875 0.0203125 0.0203125
0 0.53828125 1.30546875 0.0171875 0.0203125
0 0.52421875 1.3015625 0.0234375 0.01875
0 0.5765625 1.2828125 0.01875 0.021875
0 0.55625 1.27734375 0.021875 0.0203125
0 0.54375 1.26484375 0.01875 0.0171875
0 0.51640625 1.27421875 0.0203125 0.0203125
0 0.50859375 1.26875 0.0171875 0.01875
0 0.49140625 1.2578125 0.0140625 0.0125
0 0.49296875 1.2734375 0.0171875 0.015625
0 0.5171875 1.20625 0.01875 0.015625
0 0.521875 1.178125 0.015625 0.015625
0 0.57109375 1.19921875 0.0140625 0.0140625
0 0.5453125 1.2046875 0.0125 0.0125
0 0.55703125 1.19140625 0.0140625 0.0109375
0 0.559375 1.2015625 0.015625 0.0125
0 0.56875 1.18125 0.0125 0.0125
0 0.58046875 1.178125 0.0140625 0.0125
0 0.590625 1.16171875 0.0125 0.0171875
0 0.57890625 1.165625 0.0140625 0.0125
0 0.6203125 1.18046875 0.015625 0.0140625
0 0.64296875 1.165625 0.0140625 0.015625
0 0.61484375 1.16015625 0.0109375 0.0109375
0 0.55546875 1.17578125 0.0109375 0.0140625
0 0.53828125 1.1859375 0.0140625 0.0125
0 0.54765625 1.17109375 0.0140625 0.0171875
0 0.5234375 1.1578125 0.0125 0.015625
0 0.54375 1.15234375 0.009375 0.0109375
0 0.57109375 1.15546875 0.0109375 0.0109375
0 0.55703125 1.15546875 0.0140625 0.0140625
0 0.6109375 1.17734375 0.01875 0.0203125
0 0.5078125 1.175 0.0125 0.0125
0 0.49453125 1.196875 0.0171875 0.015625
0 0.45078125 1.1953125 0.0140625 0.0125
0 0.4625 1.2125 0.015625 0.015625
0 0.43828125 1.22109375 0.0140625 0.0109375
0 0.46015625 1.228125 0.0140625 0.015625
0 0.44609375 1.23671875 0.0140625 0.0140625
0 0.52734375 1.22578125 0.0140625 0.0140625
0 0.49140625 1.17578125 0.0140625 0.0140625
0 0.478125 1.184375 0.015625 0.015625
0 0.465625 1.18828125 0.015625 0.0171875
0 0.43984375 1.17734375 0.0171875 0.0140625
0 0.42421875 1.17578125 0.0140625 0.0109375
0 0.44765625 1.15546875 0.0140625 0.0140625
0 0.440625 1.14921875 0.0125 0.0109375
0 0.42734375 1.15234375 0.0109375 0.0109375
0 0.5 1.159375 0.0125 0.0125
0 0.696875 1.2359375 0.015625 0.015625
0 0.7 1.21875 0.01875 0.01875
0 0.78046875 1.234375 0.0203125 0.01875
0 0.76015625 1.26640625 0.0140625 0.0203125
0 0.65 1.28046875 0.015625 0.0140625
0 0.66015625 1.25859375 0.0140625 0.0140625
0 0.6515625 1.2484375 0.015625 0.0125
0 0.63125 1.215625 0.015625 0.01875
0 0.63046875 1.1890625 0.0140625 0.015625
0 0.553125 1.21953125 0.015625 0.0140625
0 0.571875 1.215625 0.015625 0.015625
0 0.45 1.26484375 0.01875 0.0140625
0 0.4390625 1.2546875 0.01875 0.015625
0 0.46484375 1.15234375 0.0140625 0.0140625
0 0.48203125 1.153125 0.0109375 0.009375
0 0.51484375 1.2265625 0.0109375 0.015625
0 0.5015625 1.21875 0.0125 0.015625
0 0.97578125 1.23203125 0.0140625 0.0140625
0 1.02890625 1.21640625 0.0203125 0.0203125
0 1.06640625 1.22578125 0.0140625 0.0171875
0 1.0890625 1.21328125 0.015625 0.0171875
0 1.0796875 1.20390625 0.015625 0.0203125
0 1.09140625 1.17421875 0.0140625 0.0171875
0 1.0328125 1.1859375 0.0125 0.015625
0 1.0015625 1.1984375 0.0125 0.0125
0 0.99765625 1.178125 0.0140625 0.015625
0 1.01015625 1.184375 0.0140625 0.01875
0 0.93359375 1.20546875 0.0140625 0.0171875
0 0.9125 1.203125 0.0125 0.015625
0 0.8640625 1.225 0.0125 0.015625
0 0.853125 1.16953125 0.0125 0.0140625
0 0.95234375 1.2 0.0140625 0.015625
0 0.89921875 1.225 0.0171875 0.021875
0 0.921875 1.23046875 0.015625 0.0140625
0 0.84375 1.22890625 0.021875 0.0203125
0 0.87890625 1.20625 0.0140625 0.015625
0 0.87265625 1.184375 0.0140625 0.015625
0 0.8390625 1.2015625 0.0125 0.0125
0 0.9359375 1.1828125 0.0125 0.015625
0 0.9609375 1.18125 0.015625 0.015625
0 0.94921875 1.1703125 0.0140625 0.015625
0 0.9234375 1.159375 0.015625 0.015625
0 0.91328125 1.17109375 0.0140625 0.0109375
0 0.9078125 1.17890625 0.034375 0.0390625
0 0.921875 1.18671875 0.028125 0.0484375
0 0.93828125 1.18203125 0.0140625 0.0140625
0 0.94921875 1.16953125 0.0140625 0.0171875
0 0.815625 1.159375 0.01875 0.021875
0 0.83828125 1.15859375 0.0140625 0.0171875
0 0.8375 1.1734375 0.015625 0.015625
0 0.82890625 1.1984375 0.0140625 0.015625
0 0.8296875 1.1296875 0.015625 0.015625
0 0.88125 1.16015625 0.015625 0.0171875
0 0.8984375 1.19765625 0.0125 0.0171875
0 0.903125 1.17578125 0.01875 0.0234375
0 0.97734375 1.20625 0.0171875 0.015625
0 0.978125 1.184375 0.015625 0.01875
0 0.99140625 1.15625 0.0140625 0.015625
0 0.9734375 1.16953125 0.015625 0.0140625
0 1.0359375 1.159375 0.0125 0.015625
0 1.05 1.1640625 0.015625 0.015625
0 1.06015625 1.18359375 0.0140625 0.0140625
0 1.021875 1.13203125 0.015625 0.0171875
0 0.99765625 1.13984375 0.0140625 0.0171875
0 1.01953125 1.1046875 0.0140625 0.015625
0 0.940625 1.12890625 0.009375 0.0140625
0 0.95390625 1.11640625 0.0140625 0.0140625
0 0.95390625 1.1453125 0.0140625 0.015625
0 0.9296875 1.12109375 0.015625 0.0140625
0 0.83828125 1.096875 0.0140625 0.015625
0 0.99609375 1.09609375 0.0109375 0.0140625
0 1.028125 1.09140625 0.0125 0.0140625
0 1.0375 1.14296875 0.015625 0.0171875
0 1.08359375 1.09765625 0.0078125 0.0109375
0 0.78359375 1.13359375 0.0140625 0.0171875
0 0.715625 1.12421875 0.015625 0.0140625
0 0.7359375 1.140625 0.015625 0.01875
0 0.75078125 1.13515625 0.0140625 0.0140625
0 0.72421875 1.07265625 0.0140625 0.0140625
0 0.7453125 1.09609375 0.015625 0.0171875
0 0.81796875 1.10234375 0.0109375 0.0109375
0 0.790625 1.15625 0.015625 0.0125
0 0.778125 1.1421875 0.0125 0.015625
0 0.796875 1.14140625 0.015625 0.0140625
0 0.8109375 1.203125 0.015625 0.015625
0 0.90390625 1.1390625 0.0140625 0.015625
0 0.86328125 1.1015625 0.0109375 0.009375
0 0.93359375 1.1015625 0.0109375 0.009375
0 0.92265625 1.10546875 0.0109375 0.0109375
0 0.909375 1.1203125 0.009375 0.0125
0 0.9140625 1.11796875 0.009375 0.0140625
0 0.95625 1.09609375 0.009375 0.0109375
0 0.93984375 1.08984375 0.0109375 0.0109375
0 0.925 1.084375 0.009375 0.009375
0 0.9859375 1.1390625 0.015625 0.015625
0 0.9671875 1.128125 0.0125 0.0125
0 1.06171875 1.15078125 0.0140625 0.0109375
0 1.07265625 1.1921875 0.0109375 0.015625
0 1.0578125 1.11484375 0.0125 0.0171875
0 1.09375 1.11484375 0.015625 0.0171875
0 1.075 1.1328125 0.0125 0.01875
0 1.0765625 1.1109375 0.0125 0.0125
0 1.096875 1.1421875 0.0125 0.015625
0 0.78203125 1.1796875 0.0171875 0.01875
0 0.81640625 1.1859375 0.0140625 0.01875
0 0.86171875 1.07578125 0.0140625 0.0109375
0 0.84609375 1.06875 0.0109375 0.0125
0 0.85859375 1.065625 0.0109375 0.009375
0 0.82265625 1.08671875 0.0109375 0.0140625
0 0.79921875 1.10078125 0.0140625 0.0140625
0 0.815625 1.078125 0.009375 0.0125
0 0.77578125 1.06171875 0.0109375 0.0109375
0 0.7578125 1.0578125 0.009375 0.009375
0 0.7921875 1.06015625 0.009375 0.0140625
0 0.78828125 1.08046875 0.0109375 0.0171875
0 0.896875 1.08125 0.009375 0.0125
0 0.86953125 1.14609375 0.0109375 0.0109375
0 0.8796875 1.13984375 0.0125 0.0140625
0 0.97109375 1.0609375 0.0109375 0.015625
0 1.0484375 1.08125 0.0125 0.015625
0 1.084375 1.08046875 0.0125 0.0140625
0 1.01640625 1.08359375 0.0109375 0.0140625
0 0.86640625 1.1265625 0.0171875 0.015625
0 0.7296875 1.0921875 0.0125 0.0125
0 0.953125 1.22578125 0.015625 0.0140625
0 0.82578125 1.21953125 0.0109375 0.0109375
0 0.79296875 1.11796875 0.0109375 0.0109375
0 0.778125 1.11796875 0.015625 0.0140625
0 0.765625 1.0734375 0.015625 0.015625
0 0.80859375 1.11484375 0.0109375 0.0109375
0 0.8828125 1.07265625 0.0125 0.0140625
0 0.9171875 1.06953125 0.015625 0.0140625
0 1.03046875 1.05859375 0.0109375 0.0109375
0 1.08515625 1.06484375 0.0109375 0.0140625
0 1.103125 1.07734375 0.009375 0.0109375
0 1.103125 1.06484375 0.0125 0.0140625
0 1.0484375 1.053125 0.0125 0.0125
0 1.03359375 1.075 0.0078125 0.009375
0 1.04609375 1.07265625 0.0109375 0.0140625
0 1.10234375 1.196875 0.0109375 0.009375
0 1.0453125 1.2671875 0.0125 0.015625
0 0.8046875 1.196875 0.015625 0.01875
0 0.8296875 1.24921875 0.015625 0.0171875
0 1.00859375 1.06015625 0.0109375 0.0109375
0 0.040625 1.2875 0.015625 0.01875
0 0.0953125 1.296875 0.021875 0.021875
0 0.08203125 1.303125 0.0203125 0.01875
0 0.04453125 1.3171875 0.0203125 0.021875
0 0.21015625 1.2859375 0.0203125 0.015625
0 0.228125 1.29921875 0.015625 0.0203125
0 0.28828125 1.3078125 0.0203125 0.01875
0 0.296875 1.325 0.015625 0.01875
0 0.30546875 1.2984375 0.0203125 0.021875
0 0.3234375 1.29453125 0.0125 0.0140625
0 0.35390625 1.30390625 0.0171875 0.0171875
0 0.36328125 1.2984375 0.0171875 0.01875
0 0.37734375 1.28671875 0.0140625 0.0171875
0 0.275 1.30390625 0.01875 0.0234375
0 0.32890625 1.28515625 0.0171875 0.0203125
0 0.3390625 1.26015625 0.021875 0.0265625
0 0.36953125 1.2484375 0.0234375 0.021875
0 0.3875 1.26953125 0.01875 0.0234375
0 0.39609375 1.2359375 0.0171875 0.01875
0 0.4078125 1.2125 0.01875 0.01875
0 0.40078125 1.190625 0.0171875 0.015625
0 0.38828125 1.17578125 0.0140625 0.0171875
0 0.4015625 1.178125 0.015625 0.01875
0 0.36484375 1.21015625 0.0203125 0.0203125
0 0.34296875 1.22265625 0.0203125 0.0171875
0 0.37265625 1.18359375 0.0171875 0.0171875
0 0.40078125 1.15625 0.0140625 0.015625
0 0.40859375 1.15859375 0.0171875 0.0171875
0 0.46015625 1.14375 0.0140625 0.0125
0 0.46875 1.13125 0.0125 0.0125
0 0.5046875 1.1453125 0.009375 0.009375
0 0.47734375 1.17109375 0.0140625 0.0140625
0 0.453125 1.1734375 0.0125 0.015625
0 0.46796875 1.1671875 0.0140625 0.01875
0 0.42265625 1.228125 0.0203125 0.021875
0 0.30390625 1.25234375 0.0171875 0.0203125
0 0.3203125 1.25390625 0.015625 0.0203125
0 0.309375 1.2109375 0.015625 0.01875
0 0.34296875 1.20703125 0.0203125 0.0171875
0 0.315625 1.190625 0.0125 0.015625
0 0.3296875 1.1875 0.015625 0.015625
0 0.2875 1.27734375 0.015625 0.0171875
0 0.27421875 1.24453125 0.0171875 0.0171875
0 0.284375 1.22265625 0.01875 0.0171875
0 0.27734375 1.20078125 0.0140625 0.0171875
0 0.25546875 1.225 0.0171875 0.015625
0 0.22109375 1.26484375 0.0140625 0.0140625
0 0.2375 1.28046875 0.015625 0.0203125
0 0.25390625 1.2953125 0.0171875 0.021875
0 0.23515625 1.25234375 0.0171875 0.0203125
0 0.2546875 1.25546875 0.015625 0.0203125
0 0.27265625 1.265625 0.0203125 0.021875
0 0.2359375 1.22421875 0.01875 0.0203125
0 0.21796875 1.23125 0.0171875 0.01875
0 0.21328125 1.2546875 0.0171875 0.01875
0 0.2640625 1.2 0.015625 0.015625
0 0.29765625 1.17734375 0.0171875 0.0171875
0 0.30703125 1.1984375 0.0140625 0.015625
0 0.3078125 1.17109375 0.0125 0.0171875
0 0.31875 1.16328125 0.0125 0.0140625
0 0.34765625 1.18359375 0.0171875 0.0171875
0 0.3609375 1.17109375 0.009375 0.0140625
0 0.33984375 1.17109375 0.0140625 0.0140625
0 0.37734375 1.1671875 0.0171875 0.01875
0 0.3828125 1.15546875 0.015625 0.0171875
0 0.36953125 1.153125 0.0109375 0.0125
0 0.35625 1.15546875 0.015625 0.0140625
0 0.3421875 1.14921875 0.015625 0.0140625
0 0.340625 1.13515625 0.015625 0.0171875
0 0.39296875 1.12265625 0.0140625 0.0171875
0 0.36171875 1.12265625 0.0140625 0.0171875
0 0.378125 1.12890625 0.015625 0.0171875
0 0.4046875 1.12890625 0.015625 0.0171875
0 0.41640625 1.12421875 0.0109375 0.0140625
0 0.428125 1.13828125 0.01875 0.0171875
0 0.41015625 1.146875 0.0140625 0.015625
0 0.40078125 1.146875 0.0140625 0.015625
0 0.45 1.13359375 0.0125 0.0140625
0 0.48515625 1.1203125 0.0171875 0.015625
0 0.4703125 1.11640625 0.015625 0.0171875
0 0.44609375 1.11640625 0.0140625 0.0171875
0 0.50234375 1.1203125 0.0140625 0.015625
0 0.496875 1.13125 0.015625 0.0125
0 0.3203125 1.14296875 0.015625 0.0140625
0 0.22578125 1.21015625 0.0140625 0.0171875
0 0.2453125 1.19453125 0.01875 0.0203125
0 0.24453125 1.16875 0.0140625 0.0125
0 0.2734375 1.17265625 0.0125 0.0140625
0 0.259375 1.17734375 0.0125 0.0171875
0 0.2890625 1.165625 0.0125 0.015625
0 0.2953125 1.13984375 0.0125 0.0140625
0 0.2734375 1.13046875 0.009375 0.0140625
0 0.31640625 1.11640625 0.0171875 0.0171875
0 0.296875 1.12890625 0.015625 0.0140625
0 0.28125 1.1234375 0.0125 0.0125
0 0.24453125 1.12421875 0.0171875 0.0203125
0 0.26484375 1.1203125 0.0140625 0.015625
0 0.1828125 1.3 0.01875 0.021875
0 0.19296875 1.3109375 0.0109375 0.015625
0 0.19921875 1.275 0.0234375 0.021875
0 0.1703125 1.29921875 0.015625 0.0140625
0 0.17265625 1.28046875 0.0171875 0.0171875
0 0.1546875 1.27265625 0.021875 0.0203125
0 0.16953125 1.27265625 0.0171875 0.0171875
0 0.1671875 1.25703125 0.01875 0.0171875
0 0.18515625 1.26484375 0.0203125 0.0203125
0 0.19609375 1.24609375 0.0140625 0.0140625
0 0.171875 1.240625 0.015625 0.015625
0 0.19765625 1.2296875 0.0171875 0.015625
0 0.21328125 1.21484375 0.0140625 0.0203125
0 0.20078125 1.2140625 0.0109375 0.01875
0 0.21484375 1.190625 0.0140625 0.0125
0 0.22578125 1.18203125 0.0140625 0.0140625
0 0.2234375 1.165625 0.009375 0.015625
0 0.2109375 1.165625 0.0125 0.0125
0 0.234375 1.15 0.0125 0.0125
0 0.21953125 1.12421875 0.0109375 0.0140625
0 0.209375 1.11796875 0.0125 0.0140625
0 0.184375 1.15859375 0.0125 0.0171875
0 0.19609375 1.18671875 0.0140625 0.0171875
0 0.18125 1.18671875 0.01875 0.0171875
0 0.18203125 1.2234375 0.0203125 0.01875
0 0.15859375 1.21796875 0.0140625 0.0203125
0 0.15390625 1.19609375 0.0171875 0.0203125
0 0.17421875 1.171875 0.0140625 0.015625
0 0.1609375 1.16328125 0.015625 0.0171875
0 0.14921875 1.17890625 0.0140625 0.0140625
0 0.14296875 1.1625 0.0171875 0.015625
0 0.1328125 1.17578125 0.015625 0.0171875
0 0.1203125 1.14765625 0.015625 0.0140625
0 0.12578125 1.1609375 0.0171875 0.015625
0 0.12734375 1.1796875 0.0203125 0.01875
0 0.13359375 1.20546875 0.0203125 0.0140625
0 0.134375 1.2265625 0.015625 0.015625
0 0.14140625 1.221875 0.0171875 0.01875
0 0.153125 1.24453125 0.01875 0.0171875
0 0.13203125 1.25078125 0.0203125 0.0234375
0 0.146875 1.30234375 0.01875 0.0203125
0 0.12734375 1.28828125 0.0234375 0.0203125
0 0.12265625 1.3125 0.0203125 0.025
0 0.10625 1.271875 0.015625 0.01875
0 0.0859375 1.275 0.01875 0.01875
0 0.07890625 1.2484375 0.0203125 0.01875
0 0.10078125 1.23515625 0.0203125 0.0234375
0 0.08828125 1.23828125 0.0140625 0.0203125
0 0.0984375 1.215625 0.01875 0.01875
0 0.10390625 1.1875 0.0140625 0.015625
0 0.109375 1.1734375 0.015625 0.015625
0 0.1671875 1.12734375 0.015625 0.0140625
0 0.1859375 1.12421875 0.0125 0.0140625
0 0.2 1.13984375 0.0125 0.0171875
0 0.18671875 1.13125 0.0171875 0.015625
0 0.01796875 1.259375 0.0140625 0.015625
0 0.0546875 1.26484375 0.01875 0.0234375
0 0.0046875 1.26640625 0.009375 0.0171875
0 0.05625 1.22421875 0.015625 0.0203125
0 0.03671875 1.22421875 0.0203125 0.0203125
0 0.01796875 1.24609375 0.0203125 0.0171875
0 0.071875 1.2171875 0.01875 0.021875
0 0.07265625 1.2 0.0140625 0.015625
0 0.08125 1.19140625 0.015625 0.0203125
0 0.07421875 1.1734375 0.0140625 0.015625
0 0.08359375 1.16015625 0.0109375 0.0140625
0 0.0734375 1.1609375 0.009375 0.0125
0 0.059375 1.16328125 0.0125 0.0109375
0 0.065625 1.18046875 0.015625 0.0171875
0 0.09765625 1.1515625 0.0140625 0.0125
0 0.0359375 1.17734375 0.0125 0.0171875
0 0.02734375 1.2 0.0109375 0.015625
0 0.01171875 1.21015625 0.0171875 0.0203125
0 0.02421875 1.16328125 0.0140625 0.0140625
0 0.00859375 1.15234375 0.0140625 0.0140625
0 0.04921875 1.15078125 0.0109375 0.0140625
0 0.08125 1.13828125 0.015625 0.0109375
0 0.05234375 1.11796875 0.0140625 0.0140625
0 0.08359375 1.12109375 0.0109375 0.0109375
0 0.02734375 1.128125 0.0140625 0.0125
0 0.0171875 1.1484375 0.0125 0.015625
0 0.05234375 1.18671875 0.0140625 0.0171875
0 0.13359375 1.36796875 0.0171875 0.0203125
0 0.2671875 1.3515625 0.025 0.021875
0 0.44609375 1.34375 0.0171875 0.021875
0 0.44296875 1.33046875 0.0171875 0.0203125
0 0.475 1.32890625 0.01875 0.0234375
0 0.44609375 1.28984375 0.0171875 0.0234375
0 0.421875 1.26953125 0.01875 0.0234375
0 0.140625 1.13984375 0.015625 0.0171875
0 0.62578125 1.140625 0.0140625 0.015625
0 0.65234375 1.1375 0.0140625 0.015625
0 0.5265625 1.12734375 0.0125 0.0171875
0 0.54375 1.12578125 0.009375 0.0109375
0 0.54609375 1.10546875 0.0171875 0.0171875
0 0.5375 1.10078125 0.0125 0.0109375
0 0.515625 1.103125 0.009375 0.0125
0 0.559375 1.13671875 0.009375 0.0140625
0 0.57265625 1.12265625 0.0140625 0.0171875
0 0.55859375 1.11875 0.0140625 0.0125
0 0.60859375 1.13828125 0.0109375 0.0140625
0 0.596875 1.13828125 0.009375 0.0140625
0 0.58359375 1.13515625 0.0109375 0.0140625
0 0.46171875 1.090625 0.0140625 0.0125
0 0.44921875 1.10234375 0.0140625 0.0109375
0 0.4453125 1.06875 0.009375 0.009375
0 0.49609375 1.08359375 0.0078125 0.0078125
0 0.50703125 1.0921875 0.0109375 0.009375
0 0.58203125 1.10625 0.0109375 0.009375
0 0.5875 1.1171875 0.009375 0.0125
0 0.66796875 1.128125 0.0109375 0.0125
0 0.6796875 1.13671875 0.009375 0.0109375
0 0.6671875 1.1546875 0.0125 0.015625
0 0.65625 1.1609375 0.0125 0.015625
0 0.6515625 1.1796875 0.0125 0.0125
0 0.640625 1.14609375 0.0125 0.0140625
0 0.53984375 1.1359375 0.0140625 0.015625
0 0.71640625 1.22578125 0.0140625 0.0140625
0 0.68046875 1.24375 0.0171875 0.015625
0 0.55390625 1.2421875 0.0171875 0.015625
0 0.540625 1.2453125 0.01875 0.01875
0 0.52265625 1.2515625 0.0203125 0.021875
0 0.49296875 1.221875 0.0203125 0.01875
0 0.46171875 1.23984375 0.0171875 0.0203125
0 0.53359375 1.165625 0.0140625 0.015625
0 0.59921875 1.196875 0.0203125 0.021875
0 0.625 1.20078125 0.015625 0.0171875
0 0.484375 1.0953125 0.009375 0.009375
0 0.6125 1.07421875 0.0125 0.0140625
0 0.65390625 1.08359375 0.0109375 0.0109375
0 0.6921875 1.10234375 0.009375 0.0109375
0 0.63828125 1.06171875 0.0109375 0.0109375
0 0.60546875 1.05703125 0.0109375 0.0140625
0 0.5921875 1.07265625 0.009375 0.0140625
0 0.565625 1.1046875 0.009375 0.0125
0 0.5671875 1.0578125 0.01875 0.015625
0 0.575 1.07578125 0.01875 0.0234375
0 0.54921875 1.06875 0.0109375 0.01875
0 0.67109375 1.08125 0.0109375 0.01875
0 0.68359375 1.07421875 0.0171875 0.0203125
0 0.71484375 1.09140625 0.0203125 0.0234375
0 0.69921875 1.08515625 0.0109375 0.0171875
0 0.68046875 1.0421875 0.0109375 0.009375
0 0.7453125 1.03984375 0.009375 0.0140625
0 0.759375 1.03828125 0.009375 0.0109375
0 0.77421875 1.04296875 0.0109375 0.0109375
0 0.5921875 1.1046875 0.0125 0.015625
0 0.60703125 1.1109375 0.0140625 0.015625
0 0.48203125 1.05390625 0.0171875 0.0140625
0 0.47421875 1.08828125 0.0109375 0.0140625
0 0.4859375 1.07265625 0.0125 0.0140625
0 0.565625 1.0390625 0.0125 0.015625
0 0.7078125 1.04609375 0.0125 0.0140625
0 0.7671875 1.13359375 0.015625 0.0171875
0 0.6578125 1.0421875 0.0125 0.0125
0 0.66015625 1.075 0.0109375 0.0125
0 0.67890625 1.06015625 0.0140625 0.0171875
0 0.72734375 1.03984375 0.0109375 0.0171875
0 0.7890625 1.04375 0.0125 0.01875
0 0.728125 1.1140625 0.0125 0.015625
0 0.7078125 1.10703125 0.015625 0.0140625
0 0.6546875 1.09765625 0.0125 0.0109375
0 0.65078125 1.11484375 0.0109375 0.0140625
0 0.63359375 1.078125 0.0109375 0.009375
0 0.52421875 1.06796875 0.0171875 0.0140625
0 0.5 1.0640625 0.0125 0.0125
0 0.7609375 1.1171875 0.0125 0.0125
0 0.52734375 1.1484375 0.0140625 0.015625
0 0.51328125 1.13515625 0.0140625 0.0171875
0 0.52578125 1.11484375 0.0140625 0.0140625
0 0.525 1.08203125 0.01875 0.0171875
0 0.69765625 1.0546875 0.0109375 0.0125
0 0.59765625 1.23359375 0.0234375 0.0234375
0 0.525 1.03671875 0.009375 0.0109375
0 0.4453125 1.0484375 0.00625 0.009375
0 0.4703125 1.03671875 0.0125 0.0109375
0 0.44609375 1.03046875 0.0109375 0.0203125
0 0.1296875 1.10859375 0.009375 0.0140625
0 0.134375 1.10234375 0.0125 0.0140625
0 0.2296875 1.10625 0.015625 0.015625
0 0.24921875 1.1 0.0171875 0.0125
0 0.27421875 1.10234375 0.0140625 0.0140625
0 0.071875 1.0734375 0.0125 0.015625
0 0.028125 1.1046875 0.0125 0.015625
0 0.05 1.10703125 0.015625 0.0171875
0 0.10078125 1.08515625 0.0109375 0.0140625
0 0.1375 1.06953125 0.015625 0.0171875
0 0.1875 1.065625 0.0125 0.015625
0 0.2515625 1.06640625 0.0125 0.0140625
0 0.19453125 1.09375 0.0140625 0.0125
0 0.184375 1.11328125 0.009375 0.0140625
0 0.30546875 1.1125 0.0140625 0.015625
0 0.30234375 1.090625 0.0109375 0.015625
0 0.3296875 1.09765625 0.0125 0.0171875
0 0.3453125 1.10703125 0.015625 0.0140625
0 0.27734375 1.1453125 0.0171875 0.021875
0 0.33515625 1.11953125 0.0171875 0.0171875
0 0.36953125 1.08359375 0.0140625 0.0140625
0 0.359375 1.10625 0.0125 0.0125
0 0.3875 1.0875 0.01875 0.015625
0 0.403125 1.071875 0.009375 0.009375
0 0.4171875 1.109375 0.009375 0.009375
0 0.40390625 1.09453125 0.0109375 0.0109375
0 0.43984375 1.0828125 0.0109375 0.009375
0 0.41953125 1.06328125 0.0109375 0.0140625
0 0.375 1.04921875 0.009375 0.0109375
0 0.3015625 1.059375 0.0125 0.0125
0 0.27265625 1.0765625 0.0078125 0.0125
0 0.27890625 1.0640625 0.0109375 0.0125
0 0.3109375 1.0484375 0.009375 0.009375
0 0.328125 1.06484375 0.009375 0.0109375
0 0.34453125 1.07421875 0.0109375 0.0140625
0 0.35625 1.06953125 0.0125 0.0109375
0 0.353125 1.084375 0.015625 0.0125
0 0.3171875 1.0921875 0.0125 0.0125
0 0.328125 1.07890625 0.009375 0.0109375
0 0.35703125 1.0515625 0.0109375 0.015625
0 0.34921875 1.03671875 0.0140625 0.0140625
0 0.2015625 1.0703125 0.0125 0.0125
0 0.22109375 1.0734375 0.0109375 0.0125
0 0.21484375 1.08671875 0.0109375 0.0140625
0 0.1171875 1.10703125 0.0125 0.0140625
0 0.240625 1.05625 0.0125 0.0125
0 0.2578125 1.05078125 0.009375 0.0109375
0 0.05 1.08203125 0.015625 0.0140625
0 0.040625 1.09296875 0.0125 0.0171875
0 0.00234375 1.1796875 0.0046875 0.015625
0 0.0125 1.17109375 0.0125 0.0171875
0 0.04296875 1.16796875 0.0171875 0.0171875
0 0.00546875 1.1234375 0.0109375 0.015625
0 0.0046875 1.10078125 0.009375 0.0140625
0 0.021875 1.06953125 0.0125 0.0140625
0 0.07734375 1.08828125 0.0140625 0.0140625
0 0.11875 1.0859375 0.01875 0.015625
0 0.421875 1.040625 0.015625 0.01875
0 0.259375 1.14140625 0.0125 0.0140625
0 0.13671875 1.08984375 0.0109375 0.0140625
0 0.09140625 1.09375 0.0109375 0.0125
0 0.00703125 1.0296875 0.0109375 0.0125
0 0.0375 1.025 0.0125 0.0125
0 0.02109375 1.01796875 0.0109375 0.0109375
0 0.01953125 1.02890625 0.0109375 0.0140625
0 0.04375 1.04375 0.0125 0.0125
0 0.0578125 1.03515625 0.0125 0.0140625
0 0.06796875 1.034375 0.0109375 0.015625
0 0.09296875 1.02890625 0.0140625 0.0109375
0 0.0609375 1.01640625 0.009375 0.0109375
0 0.21328125 1.015625 0.0109375 0.0125
0 0.2890625 1.021875 0.015625 0.015625
0 0.25546875 1.03046875 0.0109375 0.0109375
0 0.2296875 1.015625 0.009375 0.009375
0 0.2546875 0.98515625 0.009375 0.0109375
0 0.39296875 1.015625 0.0109375 0.0125
0 0.4140625 1.02890625 0.0125 0.0140625
0 0.38203125 1.06328125 0.0109375 0.0140625
0 0.38984375 1.053125 0.0109375 0.0125
0 0.3828125 1.078125 0.0125 0.0125
0 0.42578125 1.08515625 0.0140625 0.0171875
0 0.43515625 1.06796875 0.0109375 0.0140625
0 0.4328125 1.0140625 0.009375 0.009375
0 0.42734375 1.0140625 0.0109375 0.0125
0 0.4109375 1.0078125 0.009375 0.0125
0 0.4296875 0.98984375 0.0125 0.0171875
0 0.41953125 1.0171875 0.0078125 0.021875
0 0.3296875 0.9796875 0.009375 0.0125
0 0.29453125 0.9984375 0.0078125 0.0125
0 0.31328125 1.0078125 0.0078125 0.0125
0 0.30859375 1.03671875 0.0140625 0.0140625
0 0.121875 1.00859375 0.0125 0.0140625
0 0.103125 1.00625 0.0125 0.0125
0 0.06875 0.9921875 0.009375 0.009375
0 0.08359375 0.9953125 0.0109375 0.0125
0 0.1328125 1.00625 0.015625 0.0125
0 0.125 0.99296875 0.0125 0.0140625
0 0.03359375 0.99453125 0.0109375 0.0140625
0 0.05703125 1.0015625 0.0109375 0.0125
0 0.0734375 1.003125 0.009375 0.009375
0 0.08515625 1.01875 0.0140625 0.01875
0 0.0984375 0.98203125 0.009375 0.0109375
0 0.35078125 0.97734375 0.0078125 0.0109375
0 0.39296875 0.99296875 0.0078125 0.0109375
0 0.36640625 1.00390625 0.0109375 0.0109375
0 0.365625 1.02265625 0.009375 0.0109375
0 0.34765625 1.00078125 0.0109375 0.0109375
0 0.33046875 1.00078125 0.0109375 0.0109375
0 0.31796875 0.9796875 0.0078125 0.015625
0 0.37578125 0.975 0.0078125 0.0125
0 0.44375 1.00078125 0.009375 0.0171875
0 0.33046875 1.04921875 0.0140625 0.0140625
0 0.32421875 1.0453125 0.0109375 0.0125
0 0.040625 1.14921875 0.015625 0.0171875
0 0.0421875 1.20546875 0.01875 0.0171875
0 0.175 1.14453125 0.01875 0.0171875
0 0.1796875 1.20625 0.01875 0.015625
0 0.20234375 1.1609375 0.0171875 0.015625
0 0.18671875 1.03125 0.0140625 0.009375
0 0.3796875 1.2265625 0.01875 0.01875
0 0.39140625 1.11171875 0.0203125 0.0203125
0 0.2390625 0.98984375 0.0125 0.0109375
0 0.21328125 0.98125 0.0109375 0.0125
0 0.17578125 1.003125 0.0109375 0.009375
0 0.1984375 1.00078125 0.0125 0.0109375
0 0.284375 0.9921875 0.0125 0.0125
0 0.30703125 0.984375 0.0109375 0.0125
0 0.01484375 0.9953125 0.0109375 0.009375
0 0.11875 1.03828125 0.009375 0.0078125
0 1.3625 1.1125 0.015625 0.015625
0 1.58046875 1.1375 0.0140625 0.01875
0 1.59296875 1.153125 0.0140625 0.01875
0 1.5953125 1.13984375 0.009375 0.0203125
0 1.534375 1.1375 0.015625 0.015625
0 1.56953125 1.12734375 0.0171875 0.0171875
0 1.59375 1.12265625 0.0125 0.0203125
0 1.53828125 1.0734375 0.0171875 0.021875
0 1.50234375 1.1015625 0.0171875 0.01875
0 1.5046875 1.08125 0.015625 0.01875
0 1.48828125 1.0796875 0.0140625 0.015625
0 1.5953125 1.04375 0.009375 0.015625
0 1.5765625 1.05 0.015625 0.01875
0 1.55078125 1.05234375 0.0140625 0.0171875
0 1.56015625 1.0453125 0.0109375 0.01875
0 1.54375 1.0859375 0.0125 0.0125
0 1.52265625 1.0875 0.0140625 0.015625
0 1.4078125 1.18828125 0.015625 0.0140625
0 1.3828125 1.20078125 0.009375 0.0140625
0 1.4578125 1.1875 0.0125 0.015625
0 1.42265625 1.16640625 0.0140625 0.0140625
0 1.4171875 1.1625 0.015625 0.015625
0 1.37421875 1.1453125 0.0109375 0.0125
0 1.38359375 1.1609375 0.0140625 0.015625
0 1.36796875 1.16015625 0.0140625 0.0140625
0 1.365625 1.14765625 0.015625 0.0140625
0 1.2984375 1.1375 0.0125 0.015625
0 1.3328125 1.15234375 0.0125 0.0140625
0 1.48046875 1.13203125 0.0140625 0.0140625
0 1.4546875 1.13203125 0.015625 0.0140625
0 1.47421875 1.1015625 0.0109375 0.015625
0 1.471875 1.1453125 0.0125 0.015625
0 1.4328125 1.13671875 0.015625 0.0109375
0 1.39140625 1.10625 0.0171875 0.015625
0 1.378125 1.10625 0.0125 0.015625
0 1.36640625 1.0984375 0.0140625 0.015625
0 1.4140625 1.12265625 0.0125 0.0203125
0 1.40859375 1.134375 0.0171875 0.0125
0 1.403125 1.15234375 0.021875 0.0203125
0 1.3921875 1.134375 0.0125 0.015625
0 1.33515625 1.10546875 0.0140625 0.0140625
0 1.31171875 1.10703125 0.0109375 0.0140625
0 1.29921875 1.10859375 0.0140625 0.0140625
0 1.3359375 1.09765625 0.015625 0.0171875
0 1.31171875 1.0953125 0.0140625 0.015625
0 1.42890625 1.09765625 0.0140625 0.0140625
0 1.46484375 1.1140625 0.0140625 0.015625
0 1.43828125 1.1171875 0.0171875 0.015625
0 1.43046875 1.12265625 0.0171875 0.0203125
0 1.421875 1.06015625 0.0125 0.0140625
0 1.3875 1.08984375 0.0125 0.0140625
0 1.409375 1.08046875 0.015625 0.0140625
0 1.4625 1.09140625 0.015625 0.0171875
0 1.4609375 1.078125 0.015625 0.015625
0 1.4421875 1.0609375 0.009375 0.0125
0 1.45625 1.05234375 0.0125 0.0109375
0 1.478125 1.06171875 0.009375 0.0109375
0 1.51640625 1.0609375 0.0140625 0.0125
0 1.52890625 1.0453125 0.0109375 0.0125
0 1.5078125 1.02578125 0.0125 0.0140625
0 1.5328125 1.0140625 0.0125 0.015625
0 1.5515625 1.01015625 0.009375 0.0140625
0 1.52265625 1.0046875 0.0109375 0.015625
0 1.54765625 0.98828125 0.0140625 0.0140625
0 1.55859375 1.02890625 0.0109375 0.0140625
0 1.44609375 1.0359375 0.0109375 0.0125
0 1.47578125 1.0375 0.0078125 0.0125
0 1.465625 1.0375 0.0125 0.015625
0 1.4625 1.01875 0.015625 0.015625
0 1.484375 1.00234375 0.015625 0.0171875
0 1.5 0.990625 0.009375 0.015625
0 1.51875 0.996875 0.009375 0.0125
0 1.53671875 0.9859375 0.0171875 0.015625
0 1.39765625 1.05625 0.0140625 0.0125
0 1.3703125 1.05390625 0.0125 0.0140625
0 1.35078125 1.09921875 0.0140625 0.0171875
0 1.36328125 1.0859375 0.0171875 0.015625
0 1.37734375 1.06875 0.0078125 0.009375
0 1.38671875 1.0734375 0.0109375 0.009375
0 1.32890625 1.08125 0.0109375 0.0125
0 1.32734375 1.07109375 0.0140625 0.0109375
0 1.2921875 1.0609375 0.009375 0.0125
0 1.29765625 1.04375 0.0140625 0.01875
0 1.30546875 1.01953125 0.0109375 0.0140625
0 1.340625 0.98671875 0.0125 0.0140625
0 1.315625 0.975 0.009375 0.009375
0 1.3171875 1.159375 0.009375 0.0125
0 1.31953125 1.11875 0.0140625 0.0125
0 1.3109375 1.14375 0.0125 0.0125
0 1.28828125 1.1421875 0.0078125 0.015625
0 1.29765625 1.0796875 0.0234375 0.021875
0 1.3609375 1.04296875 0.0125 0.0140625
0 1.36328125 1.03125 0.0109375 0.015625
0 1.33671875 1.04140625 0.0078125 0.0109375
0 1.34921875 1.04296875 0.0109375 0.0140625
0 1.34140625 1.03125 0.0078125 0.0125
0 1.34140625 1.0140625 0.0109375 0.0125
0 1.353125 1.0125 0.009375 0.009375
0 1.3625 1.01953125 0.0125 0.0140625
0 1.4171875 1.0140625 0.0125 0.015625
0 1.3859375 1.0234375 0.0125 0.0125
0 1.39296875 1.04140625 0.0109375 0.0140625
0 1.33671875 1.1265625 0.0171875 0.015625
0 1.296875 1.17265625 0.009375 0.0109375
0 1.31640625 1.1765625 0.0109375 0.009375
0 1.403125 1.16953125 0.009375 0.0109375
0 1.4046875 1.10703125 0.01875 0.0171875
0 1.425 1.03984375 0.0125 0.0203125
0 1.39765625 1.02109375 0.0109375 0.0140625
0 1.56484375 1.0703125 0.0203125 0.028125
0 1.575 1.06875 0.0125 0.015625
0 1.48125 1.046875 0.015625 0.01875
0 1.4921875 1.0578125 0.0125 0.0125
0 1.46484375 0.996875 0.0109375 0.0125
0 1.4296875 1.0828125 0.0125 0.015625
0 1.4265625 1.0234375 0.015625 0.015625
0 1.4125 0.9765625 0.009375 0.009375
0 1.3609375 0.98046875 0.009375 0.0078125
0 1.315625 0.99765625 0.009375 0.0109375
0 1.3671875 0.990625 0.009375 0.009375
0 1.5203125 0.9796875 0.009375 0.009375
0 1.57421875 1.00390625 0.0109375 0.0109375
0 1.58046875 1.00703125 0.0078125 0.0109375
0 1.590625 1.01484375 0.009375 0.0109375
0 1.45390625 0.984375 0.0078125 0.009375
0 1.52890625 1.10078125 0.0140625 0.0171875
0 1.55 1.11015625 0.01875 0.0171875
0 1.37421875 0.98671875 0.0140625 0.0109375
0 1.29296875 1.01875 0.0109375 0.0125
0 1.28984375 1.0296875 0.0109375 0.01875
0 1.3703125 1.0015625 0.0125 0.0125
0 1.43515625 0.98125 0.0109375 0.009375
0 1.390625 0.996875 0.009375 0.009375
0 1.42421875 0.9984375 0.0109375 0.009375
0 1.54296875 1.01953125 0.0140625 0.0140625
0 1.17734375 1.04296875 0.0109375 0.0109375
0 1.246875 1.02890625 0.0125 0.0140625
0 1.23515625 1.034375 0.0109375 0.0125
0 1.24453125 1.078125 0.0109375 0.015625
0 1.221875 1.084375 0.0125 0.015625
0 1.18671875 1.06953125 0.0109375 0.0109375
0 1.18515625 1.0828125 0.0109375 0.01875
0 1.13828125 1.12890625 0.0109375 0.0109375
0 1.1734375 1.1296875 0.0125 0.0125
0 1.13203125 1.0890625 0.0109375 0.0125
0 1.1140625 1.0875 0.0125 0.0125
0 1.06171875 1.0921875 0.0078125 0.009375
0 1.07265625 1.0796875 0.0109375 0.0125
0 1.12578125 1.05859375 0.0109375 0.0109375
0 1.159375 1.0671875 0.0125 0.015625
0 1.1640625 1.08046875 0.0125 0.0140625
0 1.15078125 1.09140625 0.0109375 0.0109375
0 1.1796875 1.10546875 0.015625 0.0171875
0 1.196875 1.09453125 0.009375 0.0140625
0 1.14921875 1.121875 0.0078125 0.0125
0 1.153125 1.0359375 0.0125 0.009375
0 1.15546875 1.0640625 0.0140625 0.015625
0 1.271875 1.10234375 0.0125 0.0109375
0 1.2703125 1.0375 0.009375 0.0125
0 1.27109375 1.02265625 0.0109375 0.0140625
0 1.228125 1.0140625 0.009375 0.0125
0 1.2390625 1.0234375 0.0125 0.0125
0 1.1875 1.01171875 0.0125 0.0140625
0 1.16953125 1.0328125 0.0109375 0.0125
0 1.11953125 1.0328125 0.0140625 0.015625
0 1.07890625 1.04609375 0.0140625 0.0140625
0 1.1203125 1.0515625 0.0125 0.0125
0 1.14296875 1.02421875 0.0140625 0.0171875
0 1.1390625 1.01171875 0.0125 0.0140625
0 1.16171875 1.0125 0.0140625 0.015625
0 1.190625 1.03046875 0.0125 0.0171875
0 1.19453125 1.00859375 0.0109375 0.0140625
0 1.203125 1.00234375 0.009375 0.0109375
0 1.2140625 0.99296875 0.0125 0.0171875
0 1.1640625 0.9859375 0.0125 0.015625
0 1.175 0.9828125 0.0125 0.0125
0 1.203125 0.98828125 0.015625 0.0140625
0 1.2765625 1.00546875 0.015625 0.0140625
0 1.2578125 0.9828125 0.0125 0.015625
0 1.2640625 0.99140625 0.0125 0.0140625
0 1.2828125 0.984375 0.0125 0.0125
0 1.22265625 1.0515625 0.0078125 0.0125
0 1.09609375 1.046875 0.0140625 0.015625
0 1.1125 1.10703125 0.0125 0.0140625
0 1.1 1.10546875 0.0125 0.0140625
0 1.05625 1.0375 0.009375 0.0125
0 1.0703125 1.0265625 0.009375 0.009375
0 1.209375 1.1234375 0.0125 0.0125
0 1.2359375 1.11640625 0.0125 0.0140625
0 1.19921875 1.034375 0.0109375 0.009375
0 1.23359375 1.00703125 0.0109375 0.0140625
0 1.23671875 0.965625 0.0078125 0.009375
0 1.103125 1.01875 0.009375 0.009375
0 1.0765625 1.01484375 0.00625 0.0078125
0 1.0625 1.01015625 0.0125 0.0109375
0 1.09140625 1.0 0.0109375 0.009375
0 1.0796875 0.9875 0.009375 0.009375
0 1.10234375 0.9609375 0.0109375 0.0125
0 1.1265625 1.01171875 0.015625 0.0140625
0 1.115625 1.01875 0.015625 0.015625
0 1.10234375 0.97421875 0.0109375 0.0109375
0 1.10859375 0.971875 0.0140625 0.015625
0 1.24375 0.990625 0.0125 0.0125
0 1.2328125 0.9875 0.0125 0.015625
0 1.25859375 1.02578125 0.0171875 0.0140625
0 1.25625 1.040625 0.015625 0.0125
0 1.265625 1.00859375 0.015625 0.0203125
0 1.25625 1.01171875 0.01875 0.0203125
0 1.2796875 1.00234375 0.0125 0.0203125
0 1.24921875 0.97421875 0.0109375 0.0171875
0 1.27578125 0.97578125 0.0140625 0.0171875
0 1.25859375 0.97421875 0.0109375 0.0171875
0 1.12734375 0.9734375 0.0078125 0.0125
0 1.0953125 1.02578125 0.0125 0.0171875
0 1.08359375 1.01796875 0.0140625 0.0171875
0 1.0609375 0.996875 0.009375 0.009375
0 1.09375 0.9859375 0.009375 0.009375
0 1.21640625 0.975 0.0078125 0.009375
0 1.19140625 0.97421875 0.0171875 0.0171875
0 1.259375 1.06796875 0.0125 0.0109375
0 1.08828125 0.96484375 0.0171875 0.0203125
0 1.059375 0.96328125 0.015625 0.0265625
0 1.071875 0.971875 0.0125 0.01875
0 1.0609375 0.98828125 0.0125 0.0140625
0 1.25703125 1.12578125 0.0140625 0.0140625
0 1.15625 0.98671875 0.0125 0.0171875
0 1.13203125 0.99375 0.0140625 0.01875
0 1.14921875 0.99453125 0.0109375 0.0140625
0 1.14453125 0.996875 0.0109375 0.015625
0 1.12421875 0.99375 0.0140625 0.015625
0 1.1171875 0.99453125 0.015625 0.0140625
0 1.1078125 0.99375 0.015625 0.0125
0 1.18828125 0.9921875 0.0109375 0.0125
0 1.20078125 0.971875 0.0140625 0.015625
0 1.2109375 1.06015625 0.0125 0.0171875
0 1.1640625 1.11015625 0.015625 0.0171875
0 1.17578125 1.11484375 0.0140625 0.0171875
0 1.2109375 1.08515625 0.0125 0.0171875
0 1.284375 1.090625 0.0125 0.01875
0 1.2234375 1.0171875 0.0125 0.0125
0 1.0734375 1.0046875 0.009375 0.0125
0 1.1375 1.103125 0.0125 0.0125
0 1.1796875 1.0125 0.01875 0.01875
0 1.12265625 1.12734375 0.0140625 0.0140625
0 1.1265625 1.10859375 0.0125 0.0140625
0 1.11484375 1.121875 0.0109375 0.0125
0 1.0984375 1.0890625 0.0125 0.0125
0 1.1484375 1.03359375 0.0125 0.0171875
0 1.22734375 1.0 0.0140625 0.015625
0 1.246875 1.05234375 0.0125 0.0140625
0 1.25625 1.1015625 0.015625 0.015625
0 0.99765625 1.01875 0.0140625 0.015625
0 1.01875 1.0328125 0.0125 0.0125
0 1.0296875 1.03203125 0.009375 0.0109375
0 1.04609375 1.01875 0.0109375 0.0125
0 1.03828125 1.01015625 0.0140625 0.0140625
0 1.02734375 1.015625 0.0109375 0.0125
0 1.021875 1.003125 0.0125 0.0125
0 0.96953125 1.0234375 0.0078125 0.009375
0 0.9828125 1.0203125 0.015625 0.01875
0 0.9765625 1.040625 0.009375 0.009375
0 1.00546875 1.0515625 0.0140625 0.015625
0 0.91640625 1.05390625 0.0171875 0.0140625
0 0.93671875 1.04453125 0.0171875 0.0171875
0 0.89140625 1.04453125 0.0140625 0.0140625
0 0.87890625 1.053125 0.0109375 0.0125
0 0.90859375 1.0140625 0.0078125 0.009375
0 0.928125 1.021875 0.0125 0.0125
0 0.9546875 1.01484375 0.0125 0.0171875
0 0.9109375 1.03828125 0.015625 0.0140625
0 0.9203125 0.9890625 0.0125 0.0125
0 1.0203125 0.9703125 0.015625 0.015625
0 1.028125 0.9890625 0.015625 0.015625
0 1.04296875 0.98828125 0.0140625 0.0171875
0 1.04765625 1.00625 0.0109375 0.01875
0 1.01171875 1.009375 0.0171875 0.025
0 1.0109375 0.98359375 0.01875 0.0265625
0 1.021875 1.0 0.015625 0.01875
0 1.00078125 1.0015625 0.0140625 0.015625
0 0.9921875 1.0015625 0.01875 0.01875
0 0.86328125 1.021875 0.0109375 0.0125
0 0.86484375 1.03984375 0.0109375 0.0078125
0 0.846875 1.02734375 0.0125 0.0140625
0 0.840625 1.01640625 0.0125 0.0109375
0 0.828125 1.009375 0.009375 0.009375
0 0.82890625 1.025 0.0109375 0.0125
0 0.81875 1.05234375 0.015625 0.0140625
0 0.84765625 1.05234375 0.0140625 0.0140625
0 0.87734375 1.03203125 0.0140625 0.0140625
0 0.90546875 1.0203125 0.0140625 0.0125
0 0.878125 1.0859375 0.0125 0.015625
0 0.94921875 1.03828125 0.0140625 0.0171875
0 0.9609375 1.08671875 0.0125 0.0078125
0 0.9921875 1.06875 0.015625 0.0125
0 0.940625 1.01484375 0.015625 0.0171875
0 0.815625 1.0328125 0.009375 0.0125
0 0.809375 1.03203125 0.0125 0.0140625
0 0.78515625 1.0171875 0.0078125 0.015625
0 0.6421875 1.0 0.009375 0.0125
0 0.58984375 1.00625 0.0109375 0.0125
0 0.61328125 1.015625 0.0109375 0.0125
0 0.534375 1.01875 0.009375 0.009375
0 0.51015625 1.01875 0.0078125 0.009375
0 0.471875 1.0140625 0.0125 0.0125
0 0.48515625 1.00625 0.0109375 0.0125
0 0.509375 1.00234375 0.0125 0.0140625
0 0.525 0.99921875 0.0125 0.0171875
0 0.4515625 0.9953125 0.009375 0.009375
0 0.46015625 1.02578125 0.0109375 0.0140625
0 0.46875 1.0015625 0.0125 0.0125
0 0.49453125 1.0 0.0078125 0.009375
0 0.4984375 1.0125 0.009375 0.009375
0 0.54765625 1.00546875 0.0078125 0.0109375
0 0.5328125 1.03203125 0.009375 0.0109375
0 0.54296875 0.9953125 0.0109375 0.009375
0 0.52890625 0.98359375 0.0078125 0.0078125
0 0.52265625 0.97734375 0.0078125 0.0078125
0 0.50625 0.978125 0.009375 0.00625
0 0.54453125 0.97421875 0.0109375 0.0109375
0 0.53515625 0.9734375 0.0078125 0.009375
0 0.68125 1.00078125 0.00625 0.0078125
0 0.6578125 1.028125 0.0125 0.0125
0 0.65859375 1.00390625 0.0109375 0.0140625
0 0.496875 1.01875 0.0125 0.0125
0 0.49375 1.0984375 0.0125 0.0125
0 0.4828125 1.14296875 0.009375 0.0140625
0 0.49296875 1.14453125 0.0140625 0.0140625
0 0.45859375 1.05625 0.0140625 0.015625
0 0.5109375 1.03125 0.015625 0.015625
0 0.4890625 1.02890625 0.015625 0.0171875
0 0.5625 0.98515625 0.0125 0.0109375
0 1.4671875 1.2890625 0.021875 0.025
0 1.53359375 1.25390625 0.0203125 0.0203125
0 1.5953125 1.3578125 0.009375 0.01875
0 1.59140625 1.3046875 0.0171875 0.025
0 1.5953125 1.2828125 0.009375 0.025
0 1.59296875 1.2265625 0.0140625 0.025
0 1.57890625 1.1953125 0.0171875 0.021875
0 1.5953125 1.1015625 0.009375 0.025
0 1.5734375 1.02734375 0.015625 0.0171875
0 1.4125 1.32265625 0.021875 0.0203125
0 1.45 1.29609375 0.021875 0.0234375
0 1.42421875 1.271875 0.0203125 0.021875
0 1.49296875 1.24609375 0.0265625 0.0265625
0 1.49921875 1.3328125 0.0203125 0.025
0 1.44296875 1.4140625 0.0234375 0.021875
0 1.49921875 1.4203125 0.0265625 0.025
0 0.596875 0.95234375 0.0125 0.0109375
0 0.5890625 0.9546875 0.009375 0.0125
0 0.703125 0.95234375 0.009375 0.0140625
0 0.66328125 0.9578125 0.0109375 0.009375
0 0.7453125 1.025 0.009375 0.0125
0 0.75859375 1.03046875 0.0109375 0.0109375
0 0.77265625 0.99765625 0.0171875 0.0203125
0 0.8015625 1.00859375 0.0125 0.0171875
0 0.80390625 1.0234375 0.0140625 0.01875
0 0.79765625 0.99921875 0.0203125 0.0265625
0 0.809375 1.00078125 0.0125 0.0203125
0 0.80390625 0.98984375 0.0109375 0.0140625
0 0.79375 0.978125 0.015625 0.015625
0 0.76796875 0.9625 0.0109375 0.015625
0 0.78125 0.9609375 0.009375 0.0125
0 0.85859375 0.98828125 0.0078125 0.0109375
0 0.875 0.96640625 0.009375 0.0140625
0 0.63359375 0.94609375 0.0109375 0.0109375
0 0.68671875 0.96484375 0.0078125 0.0109375
0 0.87890625 1.00625 0.0109375 0.0125
0 0.8546875 0.96875 0.00625 0.009375
0 0.81796875 0.9625 0.0046875 0.00625
0 0.8296875 0.96875 0.00625 0.009375
0 0.73984375 1.01328125 0.0109375 0.0109375
0 0.7265625 1.03125 0.0125 0.0125
0 0.73125 1.0078125 0.0125 0.015625
0 0.709375 0.96484375 0.0125 0.0140625
0 0.81796875 0.9875 0.0109375 0.0125
0 0.85703125 1.00859375 0.0109375 0.0109375
0 0.84609375 1.00625 0.0109375 0.0125
0 0.834375 0.9984375 0.009375 0.0125
0 0.82421875 0.98203125 0.0109375 0.0171875
0 0.77578125 1.02421875 0.0140625 0.0171875
0 0.7328125 0.98671875 0.0125 0.0171875
0 0.2140625 1.5875 0.03125 0.03125
0 1.58359375 2.25625 0.0328125 0.0625
0 0.015625 1.771875 0.03125 0.040625
0 0.13515625 1.946875 0.0296875 0.05
