0 1.30234375 0.621875 0.1140625 0.196875
0 1.35546875 0.4734375 0.1515625 0.175
0 1.4953125 0.26171875 0.109375 0.1421875
0 1.1421875 0.32421875 0.11875 0.1234375
0 1.10078125 0.171875 0.0671875 0.075
0 0.98671875 0.259375 0.0765625 0.10625
0 0.9125 0.209375 0.065625 0.0875
0 0.95859375 0.13515625 0.0546875 0.0578125
0 0.8375 0.2640625 0.071875 0.08125
0 0.83671875 0.09609375 0.0390625 0.0484375
0 0.78125 0.1078125 0.065625 0.065625
0 0.7484375 0.03984375 0.01875 0.0203125
0 0.734375 0.0359375 0.01875 0.021875
0 0.72578125 0.2078125 0.0546875 0.06875
0 0.63984375 0.2140625 0.0671875 0.090625
0 0.56875 0.2984375 0.0875 0.090625
0 0.58828125 0.1625 0.0703125 0.075
0 0.46953125 0.3859375 0.0859375 0.1125
0 0.2171875 0.61484375 0.215625 0.2140625
0 0.1390625 0.2421875 0.115625 0.11875
0 0.3359375 0.2296875 0.084375 0.075
0 0.4234375 0.175 0.0625 0.075
0 0.53359375 0.1265625 0.0296875 0.028125
0 0.5546875 0.07421875 0.021875 0.0234375
0 0.503125 0.1078125 0.01875 0.01875
0 0.61953125 0.10390625 0.0296875 0.0296875
0 0.40703125 0.11796875 0.0484375 0.0546875
0 0.315625 0.1140625 0.046875 0.05
0 0.03671875 0.19140625 0.0734375 0.0984375
0 0.0328125 0.1109375 0.0625 0.05625
0 0.1390625 0.07421875 0.0375 0.0421875
0 0.24453125 0.0828125 0.0453125 0.040625
0 0.20625 0.07421875 0.03125 0.0390625
0 0.4015625 0.04921875 0.021875 0.0265625
0 0.42578125 0.04609375 0.0234375 0.0234375
0 0.32109375 0.046875 0.0203125 0.021875
0 0.28515625 0.01875 0.0140625 0.01875
0 0.04375 0.02421875 0.03125 0.0296875
0 0.00859375 0.0359375 0.0171875 0.021875
0 0.071875 0.01953125 0.01875 0.0296875
0 0.08125 0.021875 0.015625 0.021875
0 0.0875 0.00703125 0.021875 0.0140625
0 0.1046875 0.0296875 0.028125 0.028125
0 0.1625 0.0234375 0.01875 0.01875
0 0.18203125 0.02109375 0.0203125 0.0203125
0 0.22890625 0.015625 0.0140625 0.01875
0 0.46328125 0.01171875 0.0109375 0.0140625
0 0.5921875 0.0328125 0.00625 0.00625
0 0.61953125 0.03125 0.0046875 0.00625
