0 0.721875 0.5328125 0.075 0.08125
0 0.55859375 0.3515625 0.0828125 0.084375
0 0.6671875 0.3078125 0.06875 0.090625
0 0.51953125 0.56796875 0.0765625 0.0984375
0 0.5 0.49453125 0.075 0.0640625
0 0.2859375 0.43984375 0.05625 0.0859375
0 0.090625 0.328125 0.059375 0.090625
0 0.24375 0.59609375 0.053125 0.0890625
0 0.06796875 0.52578125 0.0640625 0.0703125
0 1.50625 0.35234375 0.08125 0.0828125
0 1.55078125 0.44140625 0.0640625 0.0859375
0 1.42578125 0.60859375 0.0671875 0.0890625
0 1.25 0.6125 0.053125 0.084375
0 0.98984375 0.39140625 0.0515625 0.0734375
0 1.265625 0.21015625 0.078125 0.0921875
0 0.99453125 0.0578125 0.0640625 0.09375
0 0.8296875 0.39609375 0.075 0.0859375
0 0.8359375 0.315625 0.08125 0.084375
0 0.703125 0.059375 0.075 0.08125
0 0.6125 0.19140625 0.065625 0.0578125
0 0.3953125 0.14609375 0.071875 0.0734375
0 0.1953125 0.1984375 0.071875 0.0875
0 0.13203125 0.1515625 0.0703125 0.08125
0 0.26640625 0.3703125 0.0921875 0.096875
0 0.96171875 0.15078125 0.0796875 0.0890625
0 1.17421875 0.7390625 0.0609375 0.096875
0 1.18984375 0.8453125 0.0390625 0.0875
0 0.875 0.67109375 0.0625 0.0859375
0 1.371875 0.73203125 0.0625 0.0828125
0 1.16796875 0.528125 0.0671875 0.090625
0 1.53125 0.70859375 0.05625 0.0859375
0 1.375 0.51171875 0.06875 0.0953125
0 1.553125 0.19453125 0.075 0.0953125
0 1.41640625 0.04375 0.0578125 0.0875
0 1.23515625 0.1 0.0515625 0.0625
0 1.3234375 0.01328125 0.05 0.0265625
0 1.44375 0.27734375 0.059375 0.0640625
0 1.3515625 0.18671875 0.059375 0.0609375
