0 1.26953125 0.51484375 0.0453125 0.0609375
0 1.103125 0.51484375 0.046875 0.0515625
0 0.9296875 0.51484375 0.046875 0.0515625
0 0.70703125 0.52265625 0.0515625 0.0515625
0 0.53046875 0.521875 0.0515625 0.05625
0 0.28515625 0.5140625 0.0515625 0.05625
0 0.06875 0.51171875 0.046875 0.0421875
0 1.20859375 0.0859375 0.0390625 0.053125
0 1.06953125 0.07734375 0.0390625 0.0484375
0 0.89375 0.08359375 0.046875 0.0484375
0 0.70390625 0.096875 0.0453125 0.053125
0 0.5140625 0.0828125 0.046875 0.05
0 0.33046875 0.08203125 0.0453125 0.0578125
0 0.10859375 0.0859375 0.0453125 0.05
