0 1.4921875 0.30703125 0.215625 0.4390625
0 0.065625 0.58359375 0.0375 0.0328125
0 0.10234375 0.6 0.0359375 0.0375
0 0.17265625 0.57734375 0.0234375 0.0328125
0 0.21015625 0.5875 0.0296875 0.03125
0 0.3125 0.5703125 0.034375 0.0375
0 0.3609375 0.56640625 0.0375 0.0421875
0 0.4890625 0.57578125 0.034375 0.0328125
0 0.5453125 0.55703125 0.03125 0.0390625
0 0.56953125 0.5765625 0.0359375 0.0375
0 0.63984375 0.55859375 0.0328125 0.0296875
0 0.64765625 0.5921875 0.0265625 0.03125
0 0.72421875 0.565625 0.0296875 0.0375
0 0.74296875 0.5578125 0.0265625 0.040625
0 0.80859375 0.55625 0.0328125 0.0375
0 0.86484375 0.55703125 0.0328125 0.0359375
0 0.81640625 0.6625 0.0359375 0.034375
0 0.471875 0.72734375 0.028125 0.0421875
0 0.0859375 0.78984375 0.0375 0.0453125
0 0.0515625 0.8015625 0.0375 0.040625
0 0.1171875 0.84765625 0.021875 0.0453125
0 0.33125 0.821875 0.021875 0.05
0 0.85078125 1.009375 0.0578125 0.065625
0 0.1640625 1.06015625 0.040625 0.0765625
0 0.909375 0.55625 0.034375 0.040625
0 0.9828125 0.55703125 0.03125 0.0359375
0 1.003125 0.54453125 0.03125 0.0328125
0 1.0171875 0.55078125 0.03125 0.0390625
0 1.08984375 0.5125 0.0328125 0.0375
0 1.10078125 0.54765625 0.0359375 0.0359375
0 1.1921875 0.52578125 0.03125 0.0328125
0 1.23125 0.53046875 0.028125 0.0359375
0 1.28515625 0.53046875 0.0328125 0.0390625
0 1.359375 0.52578125 0.028125 0.0390625
0 1.36953125 0.53515625 0.0234375 0.0390625
0 1.41328125 0.53828125 0.0265625 0.0328125
0 1.42578125 0.5421875 0.0328125 0.0375
0 1.53984375 0.5359375 0.0265625 0.040625
0 1.5765625 0.54609375 0.028125 0.0390625
0 1.54765625 0.8359375 0.0390625 0.059375
