0 0.04921875 0.5296875 0.0390625 0.040625
0 0.1359375 0.51171875 0.034375 0.0390625
0 0.2046875 0.51875 0.03125 0.04375
0 0.253125 0.5328125 0.03125 0.034375
0 0.33515625 0.50625 0.0328125 0.034375
0 0.4421875 0.50078125 0.03125 0.0328125
0 0.4375 0.46953125 0.025 0.0265625
0 0.51015625 0.48984375 0.0265625 0.0421875
0 0.59609375 0.478125 0.0296875 0.0375
0 0.671875 0.49765625 0.03125 0.0328125
0 0.75546875 0.490625 0.0296875 0.034375
0 0.83046875 0.49140625 0.0328125 0.0328125
0 0.87734375 0.48671875 0.0265625 0.0359375
0 0.94375 0.440625 0.025 0.0375
0 0.95 0.471875 0.028125 0.040625
0 0.85 0.4828125 0.028125 0.0375
0 1.0046875 0.4671875 0.025 0.0375
0 1.0265625 0.459375 0.03125 0.0375
0 1.0625 0.45625 0.025 0.034375
0 1.10390625 0.4421875 0.0296875 0.040625
0 1.1140625 0.48828125 0.034375 0.0421875
0 1.190625 0.446875 0.028125 0.0375
0 1.2 0.48046875 0.034375 0.0484375
0 1.25703125 0.4375 0.0296875 0.04375
0 1.35859375 0.44296875 0.0359375 0.0578125
0 1.42890625 0.42734375 0.0328125 0.0484375
0 1.45703125 0.42109375 0.0421875 0.0515625
0 1.50703125 0.4546875 0.0296875 0.04375
0 1.52109375 0.459375 0.0390625 0.05
