0 0.8140625 0.3265625 0.0875 0.109375
0 0.9375 0.24921875 0.084375 0.1078125
0 0.81796875 0.13671875 0.0796875 0.0921875
0 1.01171875 0.146875 0.0640625 0.090625
0 0.99609375 0.1734375 0.0578125 0.0625
0 0.9203125 0.13828125 0.053125 0.0578125
0 1.0984375 0.1578125 0.046875 0.065625
0 1.13203125 0.140625 0.0453125 0.05
0 1.15859375 0.11171875 0.0421875 0.0484375
0 1.16953125 0.0765625 0.0328125 0.0375
0 1.23125 0.0671875 0.040625 0.040625
0 1.29375 0.134375 0.03125 0.0375
0 1.37421875 0.08671875 0.0359375 0.0421875
0 1.49296875 0.08515625 0.0359375 0.0328125
0 1.57890625 0.0421875 0.0421875 0.05
0 0.09375 0.56796875 0.18125 0.2265625
0 0.40234375 0.29609375 0.1609375 0.2234375
0 0.815625 0.41015625 0.115625 0.1453125
0 0.50703125 0.20546875 0.1203125 0.1828125
