0 0.58515625 0.54765625 0.0671875 0.0921875
0 0.90234375 0.53828125 0.0703125 0.0921875
0 1.2109375 0.55390625 0.065625 0.0859375
0 1.49765625 0.55546875 0.0703125 0.0890625
0 0.28984375 0.52265625 0.0671875 0.0984375
0 1.51640625 0.38515625 0.0609375 0.0703125
0 1.36171875 0.41484375 0.0515625 0.0671875
0 1.20625 0.37265625 0.053125 0.0609375
0 1.03515625 0.33828125 0.0453125 0.0671875
0 0.93125 0.3765625 0.053125 0.071875
0 0.75390625 0.32109375 0.0515625 0.0828125
0 0.58125 0.36171875 0.053125 0.0734375
0 0.43828125 0.35625 0.0484375 0.071875
0 0.29375 0.36171875 0.05625 0.0734375
0 0.08359375 0.32890625 0.0640625 0.0765625
