0 0.315625 0.2375 0.0375 0.053125
0 0.39609375 0.38828125 0.0109375 0.0109375
0 0.3734375 0.4125 0.0125 0.0125
0 0.24765625 0.37578125 0.0203125 0.0265625
0 0.46953125 0.38515625 0.0109375 0.0109375
0 0.44609375 0.43046875 0.0109375 0.0109375
0 0.54375 0.42109375 0.0125 0.0140625
0 0.56796875 0.38828125 0.0078125 0.0140625
0 0.55859375 0.475 0.0140625 0.01875
0 0.6046875 0.41953125 0.009375 0.0109375
0 0.659375 0.43046875 0.015625 0.0171875
0 0.63046875 0.384375 0.0078125 0.009375
0 0.67890625 0.41640625 0.0078125 0.0109375
0 0.62109375 0.415625 0.0109375 0.01875
0 0.84921875 0.43046875 0.0140625 0.0203125
0 0.8 0.42734375 0.015625 0.0203125
0 0.90390625 0.42890625 0.0171875 0.0171875
0 0.8828125 0.425 0.015625 0.015625
0 0.85625 0.37578125 0.0125 0.0140625
0 0.80078125 0.37890625 0.0109375 0.0140625
0 0.73203125 0.37421875 0.0078125 0.0109375
0 0.9296875 0.3859375 0.009375 0.009375
0 0.8578125 0.41484375 0.0125 0.0171875
0 0.64375 0.40546875 0.009375 0.0140625
0 0.9484375 0.3859375 0.009375 0.0125
0 1.028125 0.4453125 0.01875 0.021875
0 1.040625 0.375 0.009375 0.015625
0 0.97578125 0.425 0.0109375 0.0125
0 1.09140625 0.4265625 0.0171875 0.021875
0 1.0953125 0.4625 0.03125 0.059375
0 1.1640625 0.653125 0.028125 0.05
0 1.2546875 0.53203125 0.0375 0.0296875
0 1.2953125 0.46015625 0.028125 0.0265625
0 1.2265625 0.43671875 0.01875 0.0296875
0 1.13984375 0.42734375 0.0234375 0.0265625
0 1.265625 0.42890625 0.015625 0.0234375
0 1.24765625 0.421875 0.0140625 0.015625
0 1.35546875 0.4265625 0.0171875 0.021875
0 1.42109375 0.45234375 0.0296875 0.0328125
0 1.41796875 0.42578125 0.0203125 0.0265625
0 1.48046875 0.446875 0.0203125 0.021875
0 1.4453125 0.36640625 0.015625 0.0171875
0 1.32890625 0.3375 0.0203125 0.015625
0 1.47578125 0.31328125 0.0171875 0.0203125
0 1.55 0.36015625 0.015625 0.0234375
0 1.57109375 0.45625 0.0265625 0.034375
0 1.109375 0.3765625 0.009375 0.0125
0 1.18125 0.36953125 0.0125 0.0171875
0 0.02421875 0.38515625 0.0140625 0.0140625
