0 1.45546875 0.53515625 0.0703125 0.0828125
0 1.48984375 0.465625 0.0390625 0.075
0 1.178125 0.37734375 0.021875 0.0390625
0 1.29921875 0.37890625 0.0234375 0.0359375
0 1.35234375 0.3859375 0.0171875 0.03125
0 1.36953125 0.35078125 0.0203125 0.0265625
0 0.90546875 0.4515625 0.0203125 0.025
0 0.35234375 0.865625 0.0703125 0.05625
0 0.0703125 0.3984375 0.040625 0.05625
0 0.22890625 0.38203125 0.0234375 0.0453125
0 0.2890625 0.43671875 0.03125 0.0390625
0 0.4046875 0.46015625 0.03125 0.0640625
0 0.53515625 0.409375 0.0328125 0.046875
0 0.48203125 0.36953125 0.0203125 0.0390625
0 0.4390625 0.36171875 0.021875 0.0296875
0 0.6046875 0.38828125 0.015625 0.0265625
0 0.68671875 0.36796875 0.0203125 0.0234375
0 0.6171875 0.3359375 0.0125 0.01875
0 0.6515625 0.35390625 0.015625 0.0296875
0 0.66484375 0.3421875 0.0140625 0.021875
0 0.79453125 0.32109375 0.0140625 0.0203125
0 0.690625 0.33828125 0.009375 0.0203125
0 0.70859375 0.32734375 0.0109375 0.0140625
0 0.71640625 0.3328125 0.0078125 0.01875
0 0.759375 0.3125 0.00625 0.0125
0 0.8140625 0.31484375 0.009375 0.0140625
0 1.140625 0.334375 0.015625 0.021875
0 1.12109375 0.33828125 0.0140625 0.0203125
0 0.89375 0.3078125 0.00625 0.009375
0 1.23984375 0.34453125 0.0109375 0.0203125
0 1.26796875 0.37265625 0.0203125 0.0265625
0 1.3265625 0.31015625 0.009375 0.0140625
0 1.00625 0.42734375 0.021875 0.0359375
