0 0.49765625 0.3171875 0.0890625 0.128125
0 0.2078125 0.40390625 0.084375 0.1140625
0 0.58203125 0.38515625 0.0640625 0.0859375
0 0.6546875 0.46953125 0.06875 0.0953125
0 0.853125 0.409375 0.065625 0.1
0 1.3421875 0.4921875 0.040625 0.05
0 1.584375 0.4359375 0.03125 0.08125
0 1.42734375 0.4734375 0.0515625 0.08125
0 1.12265625 0.48046875 0.0484375 0.0796875
0 1.24765625 0.5296875 0.0296875 0.06875
0 0.7796875 0.33515625 0.146875 0.1953125
0 1.47109375 0.41484375 0.0984375 0.1296875
0 1.1734375 0.4765625 0.078125 0.103125
0 1.01796875 0.43125 0.0640625 0.084375
