0 0.08515625 0.1359375 0.0234375 0.025
0 0.38125 0.26953125 0.046875 0.0609375
0 0.5078125 0.21484375 0.03125 0.0453125
0 0.59765625 0.2859375 0.0453125 0.04375
0 0.66875 0.31015625 0.040625 0.0765625
0 0.68671875 0.228125 0.0421875 0.053125
0 0.78671875 0.30546875 0.0453125 0.0515625
0 0.84140625 0.2359375 0.0421875 0.040625
0 0.95703125 0.2078125 0.0140625 0.01875
0 0.94921875 0.2796875 0.0453125 0.05
0 0.96171875 0.33828125 0.0328125 0.0578125
0 1.0359375 0.26171875 0.034375 0.0453125
0 1.1265625 0.240625 0.0375 0.04375
0 1.18359375 0.31875 0.0515625 0.05625
0 1.37734375 0.28984375 0.0421875 0.0578125
0 0.01015625 0.26015625 0.0203125 0.0515625
0 0.00546875 0.13671875 0.0109375 0.0234375
