0 0.98671875 0.68515625 0.0578125 0.1015625
0 1.09296875 0.6625 0.0734375 0.084375
0 1.16953125 0.6109375 0.0609375 0.084375
0 1.23984375 0.615625 0.0421875 0.059375
0 0.77265625 0.78515625 0.0640625 0.1484375
0 0.296875 0.715625 0.05625 0.096875
0 0.3296875 0.61015625 0.05625 0.0734375
0 0.56015625 0.65625 0.0328125 0.071875
0 0.684375 0.65 0.0375 0.05625
0 0.80703125 0.628125 0.0390625 0.059375
0 0.315625 0.52109375 0.01875 0.0296875
0 0.1765625 0.50703125 0.015625 0.0265625
0 0.14140625 0.4703125 0.0171875 0.01875
0 0.07109375 0.46015625 0.0171875 0.0203125
0 0.01484375 0.4609375 0.0203125 0.01875
0 0.06015625 0.528125 0.0359375 0.040625
0 0.0953125 0.51328125 0.021875 0.0203125
0 0.2390625 0.52890625 0.015625 0.0265625
0 0.30234375 0.49296875 0.0140625 0.0203125
0 0.42890625 0.44609375 0.0140625 0.0203125
0 0.48203125 0.51953125 0.0140625 0.0234375
0 0.5265625 0.51328125 0.015625 0.0265625
0 0.56015625 0.49765625 0.0171875 0.0234375
0 0.5828125 0.4921875 0.0125 0.01875
0 0.659375 0.44921875 0.009375 0.0203125
0 0.62734375 0.50703125 0.0140625 0.0203125
0 0.5328125 0.55703125 0.03125 0.0421875
0 0.68359375 0.51328125 0.0140625 0.0265625
0 0.73359375 0.5078125 0.0171875 0.03125
0 0.7546875 0.52890625 0.01875 0.0265625
0 0.784375 0.49921875 0.015625 0.0203125
0 0.80625 0.4890625 0.0125 0.015625
0 0.8484375 0.48828125 0.0125 0.0171875
0 0.90625 0.51484375 0.01875 0.0234375
0 0.79140625 0.5578125 0.0203125 0.034375
0 0.94609375 0.52265625 0.0265625 0.0359375
0 1.00390625 0.528125 0.0203125 0.034375
0 0.7375 0.4515625 0.009375 0.015625
0 1.103125 0.5703125 0.034375 0.05625
0 1.10625 0.51484375 0.01875 0.0296875
0 1.0125 0.49921875 0.0125 0.0171875
0 0.9703125 0.5078125 0.009375 0.015625
0 1.459375 0.56015625 0.0375 0.0546875
0 1.48828125 0.55 0.0296875 0.040625
0 1.5375 0.52421875 0.03125 0.0390625
0 1.55390625 0.525 0.0140625 0.03125
0 1.5671875 0.5265625 0.015625 0.03125
0 1.378125 0.521875 0.025 0.0375
0 1.41171875 0.5203125 0.0203125 0.034375
0 1.30078125 0.51953125 0.0203125 0.0296875
0 1.321875 0.51171875 0.01875 0.0203125
0 0.91640625 0.575 0.0484375 0.059375
0 1.0109375 0.575 0.0375 0.05
0 1.29453125 0.57734375 0.0453125 0.0640625
0 0.21875 0.5546875 0.03125 0.046875
0 0.375 0.56953125 0.0375 0.0484375
0 0.63984375 0.57109375 0.0359375 0.0515625
0 0.74765625 0.5703125 0.0265625 0.05
0 0.85 0.546875 0.0375 0.046875
0 0.11015625 0.5859375 0.0546875 0.071875
0 0.15703125 0.55390625 0.0484375 0.0546875
0 0.3765625 0.5109375 0.028125 0.028125
0 0.4265625 0.534375 0.025 0.034375
0 0.38984375 0.45 0.0140625 0.01875
0 0.33359375 0.5421875 0.0203125 0.03125
0 0.34375 0.51796875 0.015625 0.0203125
0 1.18046875 0.5109375 0.0265625 0.034375
0 1.234375 0.53203125 0.01875 0.0421875
0 1.2484375 0.53984375 0.015625 0.0453125
0 1.0453125 0.50625 0.015625 0.03125
