0 0.221875 0.48828125 0.04375 0.0703125
0 0.85625 0.64765625 0.015625 0.0171875
0 0.87109375 0.6390625 0.0140625 0.01875
0 0.88359375 0.63125 0.0171875 0.021875
0 0.90234375 0.6421875 0.0140625 0.01875
0 0.9765625 0.628125 0.025 0.028125
0 1.05546875 0.62734375 0.0203125 0.0296875
0 1.10625 0.60078125 0.025 0.0390625
0 1.1515625 0.609375 0.03125 0.040625
0 1.25 0.60703125 0.025 0.0328125
0 1.3671875 0.57890625 0.03125 0.0453125
0 1.54921875 0.61015625 0.0203125 0.0234375
0 1.5765625 0.56796875 0.028125 0.0421875
0 0.49453125 0.50625 0.0171875 0.028125
0 1.08828125 0.58203125 0.0140625 0.0171875
