0 0.31875 0.3015625 0.06875 0.09375
0 1.32734375 0.446875 0.0609375 0.09375
0 0.615625 0.6609375 0.059375 0.078125
0 0.67890625 0.6484375 0.0546875 0.059375
0 0.759375 0.65234375 0.040625 0.0578125
0 1.0109375 0.63984375 0.05 0.0640625
0 1.23359375 0.65859375 0.0546875 0.0734375
0 1.15234375 0.65078125 0.0609375 0.0828125
0 0.9609375 0.6390625 0.0375 0.05625
0 1.02421875 0.41484375 0.0359375 0.0390625
0 0.87265625 0.37578125 0.0296875 0.0484375
0 1.07265625 0.5890625 0.0265625 0.040625
0 1.5421875 0.47578125 0.034375 0.0453125
0 1.55703125 0.6265625 0.0484375 0.0625
0 0.15078125 0.68828125 0.0421875 0.0578125
0 0.02890625 0.68515625 0.0453125 0.0671875
0 0.04921875 0.51484375 0.0421875 0.0578125
0 0.8578125 0.65625 0.046875 0.05625
0 0.64609375 0.521875 0.0359375 0.04375
0 0.95234375 0.52734375 0.0359375 0.0453125
0 0.79765625 0.4953125 0.0359375 0.0375
0 0.84140625 0.54765625 0.0234375 0.0296875
0 1.30546875 0.49375 0.0265625 0.04375
