0 0.44609375 0.3453125 0.0265625 0.028125
0 0.5484375 0.3234375 0.028125 0.03125
0 0.65078125 0.31015625 0.0296875 0.0390625
0 1.1125 0.3078125 0.021875 0.03125
0 1.00625 0.3 0.01875 0.028125
0 0.934375 0.3078125 0.021875 0.03125
0 0.87421875 0.3078125 0.0296875 0.034375
0 0.753125 0.27421875 0.028125 0.0296875
0 1.4828125 0.25703125 0.021875 0.0328125
0 1.43984375 0.26171875 0.0265625 0.0359375
0 1.35234375 0.26640625 0.0265625 0.0328125
0 1.55 0.3875 0.028125 0.0375
0 1.44296875 0.39453125 0.0296875 0.0390625
0 1.5859375 0.465625 0.028125 0.071875
0 1.33828125 0.38984375 0.0328125 0.0484375
0 1.27109375 0.35234375 0.0296875 0.0421875
0 1.3453125 0.4359375 0.040625 0.05
0 1.41875 0.5296875 0.05 0.08125
0 1.01484375 0.5 0.0265625 0.0625
0 0.89375 0.54375 0.05625 0.084375
0 1.165625 0.62109375 0.059375 0.1109375
